file	assestment	status	dneresult	dneurl	efqresult	efqurl	language	context	target	note	
DTS/Alligator/Test/or2.test		CounterSatisfiable	NO	DTS/Alligator/AlexHappy/output/or2_dts.html	UNKNOWN		fof	(a|(~b)),(~a),(a|(~b)),(~a)	(b)			
DTS/Alligator/Test/piElim.test		Theorem	YES	DTS/Alligator/AlexHappy/output/piElim_dts.html	UNKNOWN		fof	(a),(a=>b),(a),(a=>b)	b			
DTS/Alligator/Test/app3.test		Theorem	YES	DTS/Alligator/AlexHappy/output/app3_dts.html	UNKNOWN		fof	(r(a)),(r(a))	(r(a))			
DTS/Alligator/Test/dni2.test		Theorem	YES	DTS/Alligator/AlexHappy/output/dni2_dts.html	UNKNOWN		fof		(p=>((p=>($false))=>($false)))			
DTS/Alligator/Test/test.test		Theorem	YES	DTS/Alligator/AlexHappy/output/test_dts.html	UNKNOWN		fof	(![p]:(b=>f(p))),(![p]:(b=>f(p)))	(b=>(f(a)))			
DTS/Alligator/Test/or3.test		Theorem	YES	DTS/Alligator/AlexHappy/output/or3_dts.html	UNKNOWN		fof	(a|(~b)),(~a),(a|(~b)),(~a)	(~b)			
DTS/Alligator/Test/dni4.test		Theorem	YES	DTS/Alligator/AlexHappy/output/dni4_dts.html	UNKNOWN		fof		(p=>((~(~(p)))=>p))			
DTS/Alligator/Test/lem.test		Theorem	YES	DTS/Alligator/AlexHappy/output/lem_dts.html	UNKNOWN		fof		(p|(~(p)))			
DTS/Alligator/Test/dne.test		Theorem	YES	DTS/Alligator/AlexHappy/output/dne_dts.html	UNKNOWN		fof	(q=>((p=>($false))=>($false))),(p=>r),(q),(q=>((p=>($false))=>($false))),(p=>r),(q)	(r)			
DTS/Alligator/Test/or20.test		CounterSatisfiable	NO	DTS/Alligator/AlexHappy/output/or20_dts.html	UNKNOWN		fof	(a|(~b)),(~a),(a|(~b)),(~a)	b			
DTS/Alligator/Test/or4.test		Unsatisfiable	UNKNOWN		UNKNOWN		fof	(big_f(f(a,b),f(b,c))),(big_f(f(b,c),f(a,c))),(~big_f(X,Y)|~big_f(Y,Z)|big_f(X,Z)),(big_f(f(a,b),f(b,c))),(big_f(f(b,c),f(a,c))),(~big_f(X,Y)|~big_f(Y,Z)|big_f(X,Z))	(~big_f(f(a,b),f(a,c)))			
DTS/Alligator/Test/transitive.test		Theorem	YES	DTS/Alligator/AlexHappy/output/transitive_dts.html	UNKNOWN		fof	(p=>q),(q=>r),(p),(p=>q),(q=>r),(p)	(r)			
DTS/Alligator/Test/dni.test		Theorem	YES	DTS/Alligator/AlexHappy/output/dni_dts.html	UNKNOWN		fof		(p=>(~(~(p))))			
DTS/Alligator/Test/piElim3.test		Theorem	YES	DTS/Alligator/AlexHappy/output/piElim3_dts.html	UNKNOWN		fof	(a),(b),(a=>(b=>c)),(a),(b),(a=>(b=>c))	(c)			
DTS/Alligator/Test/transitive2.test		Theorem	YES	DTS/Alligator/AlexHappy/output/transitive2_dts.html	UNKNOWN		fof	(p=>q),(q=>r),(p=>q),(q=>r)	(p=>r)			
DTS/Alligator/Test/piElim2.test		Theorem	YES	DTS/Alligator/AlexHappy/output/piElim2_dts.html	UNKNOWN		fof	(a),(a=>(b=>c)),(a),(a=>(b=>c))	(b=>c)			
DTS/Alligator/Test/transitive_7_18.test		Theorem	YES	DTS/Alligator/AlexHappy/output/transitive_7_18_dts.html	UNKNOWN		fof		((p=>q)=>((q=>r)=>(p=>r)))			
DTS/Alligator/Test/or.test		Theorem	YES	DTS/Alligator/AlexHappy/output/or_dts.html	UNKNOWN		fof	(a|b),(~a),(a|b),(~a)	b			
DTS/Alligator/Test/lem_all.test		Theorem	YES	DTS/Alligator/AlexHappy/output/lem_all_dts.html	UNKNOWN		fof		(![p]:(p|(~(p))))			
DTS/Alligator/Test/exist.test		Theorem	YES	DTS/Alligator/AlexHappy/output/exist_dts.html	UNKNOWN		fof	(f(x)),(f(x))	(?[b]:(f(b)))			
DTS/Alligator/Test/dni3.test		Theorem	YES	DTS/Alligator/AlexHappy/output/dni3_dts.html	UNKNOWN		fof	(p),(p)	((p=>($false))=>($false))			
DTS/Alligator/Test/lem_exist.test		Theorem	YES	DTS/Alligator/AlexHappy/output/lem_exist_dts.html	UNKNOWN		fof		(?[p]:(p|~(p)))			
DTS/Alligator/Test/app2.test		Theorem	YES	DTS/Alligator/AlexHappy/output/app2_dts.html	UNKNOWN		fof	(r(a)),(r(a))	(?[b]:(r(b)))			
DTS/Alligator/Test/exist1.test		Theorem	YES	DTS/Alligator/AlexHappy/output/exist1_dts.html	UNKNOWN		fof	(f(p)),(f(p))	?[a]:(f(a))			
DTS/Alligator/Test/app.test		Theorem	YES	DTS/Alligator/AlexHappy/output/app_dts.html	UNKNOWN		fof	(![a]:r(a)),(![a]:r(a))	(?[b]:(r(b)))			
DTS/Alligator/Test/all.test		Theorem	YES	DTS/Alligator/AlexHappy/output/all_dts.html	UNKNOWN		fof		(![p]:(p=>p))			
DTS/Alligator/Test/all2.test		Theorem	YES	DTS/Alligator/AlexHappy/output/all2_dts.html	UNKNOWN		fof	(![p]:(f(p))),(![p]:(f(p)))	(f(a))			
DTS/Alligator/Test/efq.test		Theorem	YES	DTS/Alligator/AlexHappy/output/efq_dts.html	UNKNOWN		fof	(($false)),(($false))	(p)			
../../TPTP-v7.3.0/Problems/SYN/SYN483-1.p		Unsatisfiable	UNKNOWN		UNKNOWN		cnf					
../../TPTP-v7.3.0/Problems/SYN/SYN322-1.p		Satisfiable	UNKNOWN		UNKNOWN		cnf					
../../TPTP-v7.3.0/Problems/SYN/SYN222-1.p		Unsatisfiable	UNKNOWN		UNKNOWN		cnf					
../../TPTP-v7.3.0/Problems/SYN/SYN974+1.p		Theorem	YES	DTS/Alligator/AlexHappy/output/SYN974+1_dts.html	UNKNOWN		fof		(?[X]:p(X)=>?[Y]:p(Y))			
../../TPTP-v7.3.0/Problems/SYN/SYN916+1.p		CounterSatisfiable	NO	DTS/Alligator/AlexHappy/output/SYN916+1_dts.html	UNKNOWN		fof		($false)			
../../TPTP-v7.3.0/Problems/SYN/SYN540-1.p		Satisfiable	UNKNOWN		UNKNOWN		cnf					
../../TPTP-v7.3.0/Problems/SYN/SYN331-1.p		Unsatisfiable	UNKNOWN		UNKNOWN		cnf					
../../TPTP-v7.3.0/Problems/SYN/SYN766-1.p		Satisfiable	UNKNOWN		UNKNOWN		cnf					
../../TPTP-v7.3.0/Problems/SYN/SYN942+1.p		Theorem	UNKNOWN		UNKNOWN		fof		((![X]:(a(X)=>(b(X)|c(X)))&~(![X]:(a(X)=>b(X))))=>?[X]:(a(X)&c(X)))			
../../TPTP-v7.3.0/Problems/SYN/SYN925+1.p		Theorem	UNKNOWN		UNKNOWN		fof		(?[Y]:(p(Y)=>![X]:p(X)))			
../../TPTP-v7.3.0/Problems/SYN/SYN788-1.p		Satisfiable	UNKNOWN		UNKNOWN		cnf					
../../TPTP-v7.3.0/Problems/SYN/SYN675-1.p		Unsatisfiable	UNKNOWN		UNKNOWN		cnf					
../../TPTP-v7.3.0/Problems/SYN/SYN461-1.p		Unsatisfiable	UNKNOWN		UNKNOWN		cnf					
../../TPTP-v7.3.0/Problems/SYN/SYN701-1.p		Unsatisfiable	UNKNOWN		UNKNOWN		cnf					
../../TPTP-v7.3.0/Problems/SYN/SYN561-1.p		Unsatisfiable	UNKNOWN		UNKNOWN		cnf					
../../TPTP-v7.3.0/Problems/SYN/SYN833-1.p		Unsatisfiable	UNKNOWN		UNKNOWN		cnf					
../../TPTP-v7.3.0/Problems/SYN/SYN903-1.p		Satisfiable	UNKNOWN		UNKNOWN		cnf					
../../TPTP-v7.3.0/Problems/SYN/SYN920+1.p		Theorem	UNKNOWN		UNKNOWN		fof		(((![X]:((f(X)&g(X))=>h(X))=>?[X]:(f(X)&~g(X)))&(![W]:(f(W)=>g(W))|![Z]:(f(Z)=>h(Z))))=>(![R]:((f(R)&h(R))=>g(R))=>?[V]:(f(V)&g(V)&~h(V))))			
../../TPTP-v7.3.0/Problems/SYN/SYN033-1.p		Unsatisfiable	UNKNOWN		UNKNOWN		cnf	(p(g(A,B),A,B)),(p(A,h(A,B),B)),(~p(A,B,C)|~p(D,E,B)|~p(A,D,F)|p(F,E,C)),(p(g(A,B),A,B)),(p(A,h(A,B),B)),(~p(A,B,C)|~p(D,E,B)|~p(A,D,F)|p(F,E,C))				
../../TPTP-v7.3.0/Problems/SYN/SYN946+1.p		Theorem	YES	DTS/Alligator/AlexHappy/output/SYN946+1_dts.html	UNKNOWN		fof		((![X]:p(X)&?[Y]:q(Y))=>?[Z]:![Y]:(p(Y)|r(Z)))			
../../TPTP-v7.3.0/Problems/SYN/SYN519-1.p		Satisfiable	UNKNOWN		UNKNOWN		cnf					
../../TPTP-v7.3.0/Problems/SYN/SYN267-1.p		Unsatisfiable	UNKNOWN		UNKNOWN		cnf					
../../TPTP-v7.3.0/Problems/SYN/SYN737-1.p		Satisfiable	UNKNOWN		UNKNOWN		cnf					
../../TPTP-v7.3.0/Problems/SYN/SYN470+1.p		Theorem	UNKNOWN		UNKNOWN		fof		(~((~hskp0|(ndr1_0&c3_1(a494)&~c0_1(a494)&~c2_1(a494)))&(~hskp1|(ndr1_0&c1_1(a495)&~c0_1(a495)&~c3_1(a495)))&(~hskp2|(ndr1_0&~c1_1(a496)&~c2_1(a496)&~c3_1(a496)))&(~hskp3|(ndr1_0&c2_1(a497)&~c0_1(a497)&~c1_1(a497)))&(~hskp4|(ndr1_0&c1_1(a498)&~c0_1(a498)&~c2_1(a498)))&(~hskp5|(ndr1_0&c0_1(a499)&c2_1(a499)&~c1_1(a499)))&(~hskp6|(ndr1_0&c1_1(a501)&c2_1(a501)&~c3_1(a501)))&(~hskp7|(ndr1_0&~c0_1(a502)&~c1_1(a502)&~c3_1(a502)))&(~hskp8|(ndr1_0&c2_1(a505)&c3_1(a505)&~c0_1(a505)))&(~hskp9|(ndr1_0&c3_1(a507)&~c0_1(a507)&~c1_1(a507)))&(~hskp10|(ndr1_0&c0_1(a509)&c3_1(a509)&~c2_1(a509)))&(~hskp11|(ndr1_0&c0_1(a510)&~c1_1(a510)&~c2_1(a510)))&(~hskp12|(ndr1_0&c1_1(a514)&c3_1(a514)&~c2_1(a514)))&(~hskp13|(ndr1_0&c0_1(a520)&c2_1(a520)&~c3_1(a520)))&(~hskp14|(ndr1_0&c2_1(a527)&~c1_1(a527)&~c3_1(a527)))&(~hskp15|(ndr1_0&c0_1(a528)&c1_1(a528)&~c3_1(a528)))&(~hskp16|(ndr1_0&c2_1(a530)&c3_1(a530)&~c1_1(a530)))&(~hskp17|(ndr1_0&c3_1(a532)&~c1_1(a532)&~c2_1(a532)))&(~hskp18|(ndr1_0&c1_1(a533)&c2_1(a533)&~c0_1(a533)))&(~hskp19|(ndr1_0&c1_1(a534)&~c2_1(a534)&~c3_1(a534)))&(~hskp20|(ndr1_0&~c0_1(a536)&~c1_1(a536)&~c2_1(a536)))&(~hskp21|(ndr1_0&c0_1(a538)&~c1_1(a538)&~c3_1(a538)))&(~hskp22|(ndr1_0&c1_1(a540)&c3_1(a540)&~c0_1(a540)))&(~hskp23|(ndr1_0&c0_1(a541)&c1_1(a541)&~c2_1(a541)))&(~hskp24|(ndr1_0&c0_1(a554)&~c2_1(a554)&~c3_1(a554)))&(~hskp25|(ndr1_0&c2_1(a558)&~c0_1(a558)&~c3_1(a558)))&(~hskp26|(ndr1_0&~c0_1(a559)&~c2_1(a559)&~c3_1(a559)))&(~hskp27|(ndr1_0&c0_1(a568)&c3_1(a568)&~c1_1(a568)))&(~hskp28|(ndr1_0&c0_1(a500)&c2_1(a500)&c3_1(a500)))&(~hskp29|(ndr1_0&c0_1(a504)&c1_1(a504)&c3_1(a504)))&(~hskp30|(ndr1_0&c1_1(a512)&c2_1(a512)&c3_1(a512)))&(~hskp31|(ndr1_0&c0_1(a522)&c1_1(a522)&c2_1(a522)))&(![U]:(ndr1_0=>(c0_1(U)|c1_1(U)|c2_1(U)))|![V]:(ndr1_0=>(c1_1(V)|c3_1(V)|~c2_1(V)))|hskp0)&(![W]:(ndr1_0=>(c0_1(W)|c1_1(W)|c3_1(W)))|![X]:(ndr1_0=>(c0_1(X)|c2_1(X)|c3_1(X)))|![Y]:(ndr1_0=>(c3_1(Y)|~c1_1(Y)|~c2_1(Y))))&(![Z]:(ndr1_0=>(c0_1(Z)|c1_1(Z)|c3_1(Z)))|![X1]:(ndr1_0=>(c1_1(X1)|c3_1(X1)|~c0_1(X1)))|hskp1)&(![X2]:(ndr1_0=>(c0_1(X2)|c1_1(X2)|c3_1(X2)))|![X3]:(ndr1_0=>(~c0_1(X3)|~c1_1(X3)|~c2_1(X3)))|hskp2)&(![X4]:(ndr1_0=>(c0_1(X4)|c1_1(X4)|~c2_1(X4)))|![X5]:(ndr1_0=>(c0_1(X5)|~c2_1(X5)|~c3_1(X5)))|hskp3)&(![X6]:(ndr1_0=>(c0_1(X6)|c1_1(X6)|~c2_1(X6)))|![X7]:(ndr1_0=>(c3_1(X7)|~c0_1(X7)|~c2_1(X7)))|hskp4)&(![X8]:(ndr1_0=>(c0_1(X8)|c1_1(X8)|~c2_1(X8)))|![X9]:(ndr1_0=>(~c0_1(X9)|~c1_1(X9)|~c2_1(X9)))|hskp5)&(![X10]:(ndr1_0=>(c0_1(X10)|c1_1(X10)|~c2_1(X10)))|hskp28|hskp6)&(![X11]:(ndr1_0=>(c0_1(X11)|c1_1(X11)|~c3_1(X11)))|![X12]:(ndr1_0=>(c0_1(X12)|c2_1(X12)|~c1_1(X12)))|![X13]:(ndr1_0=>(c2_1(X13)|~c1_1(X13)|~c3_1(X13))))&(![X14]:(ndr1_0=>(c0_1(X14)|c1_1(X14)|~c3_1(X14)))|![X15]:(ndr1_0=>(c1_1(X15)|~c0_1(X15)|~c2_1(X15)))|hskp7)&(![X16]:(ndr1_0=>(c0_1(X16)|c1_1(X16)|~c3_1(X16)))|![X17]:(ndr1_0=>(c1_1(X17)|~c0_1(X17)|~c3_1(X17)))|hskp28)&(![X18]:(ndr1_0=>(c0_1(X18)|c1_1(X18)|~c3_1(X18)))|hskp29|hskp8)&(![X19]:(ndr1_0=>(c0_1(X19)|c1_1(X19)|~c3_1(X19)))|hskp6|hskp9)&(![X20]:(ndr1_0=>(c0_1(X20)|c2_1(X20)|c3_1(X20)))|![X21]:(ndr1_0=>(c0_1(X21)|~c1_1(X21)|~c2_1(X21)))|![X22]:(ndr1_0=>(~c1_1(X22)|~c2_1(X22)|~c3_1(X22))))&(![X23]:(ndr1_0=>(c0_1(X23)|c2_1(X23)|c3_1(X23)))|![X24]:(ndr1_0=>(c2_1(X24)|~c0_1(X24)|~c1_1(X24)))|![X25]:(ndr1_0=>(c3_1(X25)|~c0_1(X25)|~c1_1(X25))))&(![X26]:(ndr1_0=>(c0_1(X26)|c2_1(X26)|c3_1(X26)))|![X27]:(ndr1_0=>(c2_1(X27)|~c0_1(X27)|~c1_1(X27)))|hskp6)&(![X28]:(ndr1_0=>(c0_1(X28)|c2_1(X28)|c3_1(X28)))|hskp10|hskp11)&(![X29]:(ndr1_0=>(c0_1(X29)|c2_1(X29)|~c1_1(X29)))|![X30]:(ndr1_0=>(c0_1(X30)|~c1_1(X30)|~c2_1(X30)))|![X31]:(ndr1_0=>(c2_1(X31)|~c1_1(X31)|~c3_1(X31))))&(![X32]:(ndr1_0=>(c0_1(X32)|c2_1(X32)|~c1_1(X32)))|![X33]:(ndr1_0=>(c1_1(X33)|c2_1(X33)|~c0_1(X33)))|hskp9)&(![X34]:(ndr1_0=>(c0_1(X34)|c2_1(X34)|~c1_1(X34)))|hskp30|hskp4)&(![X35]:(ndr1_0=>(c0_1(X35)|c2_1(X35)|~c1_1(X35)))|hskp12|hskp8)&(![X36]:(ndr1_0=>(c0_1(X36)|c2_1(X36)|~c3_1(X36)))|![X37]:(ndr1_0=>(c0_1(X37)|c3_1(X37)|~c1_1(X37)))|![X38]:(ndr1_0=>(c3_1(X38)|~c0_1(X38)|~c1_1(X38))))&(![X39]:(ndr1_0=>(c0_1(X39)|c3_1(X39)|~c1_1(X39)))|![X40]:(ndr1_0=>(c1_1(X40)|~c0_1(X40)|~c3_1(X40)))|hskp8)&(![X41]:(ndr1_0=>(c0_1(X41)|c3_1(X41)|~c1_1(X41)))|hskp1|hskp7)&(![X42]:(ndr1_0=>(c0_1(X42)|c3_1(X42)|~c2_1(X42)))|![X43]:(ndr1_0=>(~c0_1(X43)|~c1_1(X43)|~c2_1(X43)))|hskp28)&(![X44]:(ndr1_0=>(c0_1(X44)|c3_1(X44)|~c2_1(X44)))|hskp13|hskp30)&(![X45]:(ndr1_0=>(c0_1(X45)|~c1_1(X45)|~c2_1(X45)))|hskp31|hskp30)&(![X46]:(ndr1_0=>(c0_1(X46)|~c1_1(X46)|~c2_1(X46)))|hskp31|hskp1)&(![X47]:(ndr1_0=>(c0_1(X47)|~c1_1(X47)|~c3_1(X47)))|![X48]:(ndr1_0=>(c1_1(X48)|c2_1(X48)|~c0_1(X48)))|hskp10)&(![X49]:(ndr1_0=>(c0_1(X49)|~c1_1(X49)|~c3_1(X49)))|![X50]:(ndr1_0=>(c1_1(X50)|~c0_1(X50)|~c3_1(X50)))|![X51]:(ndr1_0=>(c3_1(X51)|~c0_1(X51)|~c1_1(X51))))&(![X52]:(ndr1_0=>(c0_1(X52)|~c2_1(X52)|~c3_1(X52)))|![X53]:(ndr1_0=>(c1_1(X53)|c2_1(X53)|~c0_1(X53)))|hskp14)&(![X54]:(ndr1_0=>(c0_1(X54)|~c2_1(X54)|~c3_1(X54)))|![X55]:(ndr1_0=>(c2_1(X55)|~c0_1(X55)|~c1_1(X55)))|hskp15)&(![X56]:(ndr1_0=>(c0_1(X56)|~c2_1(X56)|~c3_1(X56)))|hskp28|hskp16)&(![X57]:(ndr1_0=>(c0_1(X57)|~c2_1(X57)|~c3_1(X57)))|hskp4|hskp17)&(![X58]:(ndr1_0=>(c1_1(X58)|c2_1(X58)|c3_1(X58)))|hskp18|hskp19)&(![X59]:(ndr1_0=>(c1_1(X59)|c2_1(X59)|~c0_1(X59)))|![X60]:(ndr1_0=>(c1_1(X60)|c2_1(X60)|~c3_1(X60)))|hskp9)&(![X61]:(ndr1_0=>(c1_1(X61)|c2_1(X61)|~c0_1(X61)))|![X62]:(ndr1_0=>(c1_1(X62)|~c0_1(X62)|~c2_1(X62)))|hskp20)&(![X63]:(ndr1_0=>(c1_1(X63)|c2_1(X63)|~c0_1(X63)))|![X64]:(ndr1_0=>(c3_1(X64)|~c0_1(X64)|~c1_1(X64)))|hskp9)&(![X65]:(ndr1_0=>(c1_1(X65)|c2_1(X65)|~c0_1(X65)))|![X66]:(ndr1_0=>(c3_1(X66)|~c1_1(X66)|~c2_1(X66)))|hskp21)&(![X67]:(ndr1_0=>(c1_1(X67)|c2_1(X67)|~c0_1(X67)))|![X68]:(ndr1_0=>(~c0_1(X68)|~c1_1(X68)|~c2_1(X68)))|hskp3)&(![X69]:(ndr1_0=>(c1_1(X69)|c3_1(X69)|~c0_1(X69)))|![X70]:(ndr1_0=>(c2_1(X70)|c3_1(X70)|~c0_1(X70)))|hskp22)&(![X71]:(ndr1_0=>(c1_1(X71)|c3_1(X71)|~c0_1(X71)))|![X72]:(ndr1_0=>(c3_1(X72)|~c0_1(X72)|~c1_1(X72)))|hskp23)&(![X73]:(ndr1_0=>(c1_1(X73)|c3_1(X73)|~c0_1(X73)))|hskp31|hskp4)&(![X74]:(ndr1_0=>(c1_1(X74)|c3_1(X74)|~c0_1(X74)))|hskp5|hskp7)&(![X75]:(ndr1_0=>(c1_1(X75)|c3_1(X75)|~c2_1(X75)))|hskp12|hskp20)&(![X76]:(ndr1_0=>(c1_1(X76)|~c0_1(X76)|~c3_1(X76)))|![X77]:(ndr1_0=>(c1_1(X77)|~c2_1(X77)|~c3_1(X77)))|hskp29)&(![X78]:(ndr1_0=>(c1_1(X78)|~c2_1(X78)|~c3_1(X78)))|![X79]:(ndr1_0=>(c2_1(X79)|~c1_1(X79)|~c3_1(X79)))|hskp20)&(![X80]:(ndr1_0=>(c2_1(X80)|~c0_1(X80)|~c1_1(X80)))|![X81]:(ndr1_0=>(c2_1(X81)|~c0_1(X81)|~c3_1(X81)))|hskp2)&(![X82]:(ndr1_0=>(c2_1(X82)|~c0_1(X82)|~c1_1(X82)))|![X83]:(ndr1_0=>(~c1_1(X83)|~c2_1(X83)|~c3_1(X83)))|hskp31)&(![X84]:(ndr1_0=>(c2_1(X84)|~c0_1(X84)|~c1_1(X84)))|hskp5|hskp4)&(![X85]:(ndr1_0=>(c2_1(X85)|~c0_1(X85)|~c3_1(X85)))|![X86]:(ndr1_0=>(c3_1(X86)|~c0_1(X86)|~c2_1(X86)))|hskp24)&(![X87]:(ndr1_0=>(c2_1(X87)|~c0_1(X87)|~c3_1(X87)))|hskp15|hskp10)&(![X88]:(ndr1_0=>(c2_1(X88)|~c1_1(X88)|~c3_1(X88)))|![X89]:(ndr1_0=>(c3_1(X89)|~c0_1(X89)|~c2_1(X89)))|hskp17)&(![X90]:(ndr1_0=>(c2_1(X90)|~c1_1(X90)|~c3_1(X90)))|hskp25|hskp26)&(![X91]:(ndr1_0=>(c3_1(X91)|~c0_1(X91)|~c1_1(X91)))|![X92]:(ndr1_0=>(~c0_1(X92)|~c2_1(X92)|~c3_1(X92)))|hskp2)&(![X93]:(ndr1_0=>(c3_1(X93)|~c0_1(X93)|~c1_1(X93)))|hskp16|hskp25)&(![X94]:(ndr1_0=>(c3_1(X94)|~c1_1(X94)|~c2_1(X94)))|![X95]:(ndr1_0=>(~c0_1(X95)|~c2_1(X95)|~c3_1(X95)))|hskp0)&(![X96]:(ndr1_0=>(~c0_1(X96)|~c1_1(X96)|~c2_1(X96)))|hskp12|hskp8)&(![X97]:(ndr1_0=>(~c1_1(X97)|~c2_1(X97)|~c3_1(X97)))|hskp13|hskp3)&(![X98]:(ndr1_0=>(~c1_1(X98)|~c2_1(X98)|~c3_1(X98)))|hskp27|hskp19)&(![X99]:(ndr1_0=>(~c1_1(X99)|~c2_1(X99)|~c3_1(X99)))|hskp22|hskp17)&(hskp15|hskp13|hskp12)&(hskp28|hskp13|hskp10)&(hskp28|hskp21|hskp20)&(hskp13|hskp6|hskp14)&(hskp27|hskp10|hskp26)&(hskp11|hskp17|hskp26)&(hskp4|hskp8|hskp2)))			
../../TPTP-v7.3.0/Problems/SYN/SYN403+1.p		Theorem	YES	DTS/Alligator/AlexHappy/output/SYN403+1_dts.html	UNKNOWN		fof		(![X]:(((f(X)=>g(X))&(g(X)=>h(X)))=>(f(X)=>h(X))))			
../../TPTP-v7.3.0/Problems/SYN/SYN035-1.p		Unsatisfiable	UNKNOWN		UNKNOWN		cnf	(p(A,B)),(~p(f(A,B),f(A,B))|~p(B,f(A,B))|q(A,B)),(p(A,B)),(~p(f(A,B),f(A,B))|~p(B,f(A,B))|q(A,B))				
../../TPTP-v7.3.0/Problems/SYN/SYN704-1.p		Unsatisfiable	UNKNOWN		UNKNOWN		cnf					
../../TPTP-v7.3.0/Problems/SYN/SYN426+1.p		CounterSatisfiable	UNKNOWN		UNKNOWN		fof		(~(~c5_0&(c1_0|c3_0|(ndr1_0&c3_1(a218)&~c7_1(a218)))&(c1_0|c4_0|c8_0)&(c1_0|c8_0|~c4_0)&(c1_0|~c10_0|(ndr1_0&![U]:(ndr1_1(a219)=>(c3_2(a219,U)|~c10_2(a219,U)|~c5_2(a219,U)))&ndr1_1(a219)&c2_2(a219,a220)&~c1_2(a219,a220)&~c3_2(a219,a220)&ndr1_1(a219)&c6_2(a219,a221)&c7_2(a219,a221)))&(c1_0|~c9_0|![V]:(ndr1_0=>(c1_1(V)|![W]:(ndr1_1(V)=>(c1_2(V,W)|c8_2(V,W)|~c3_2(V,W)))|![X]:(ndr1_1(V)=>(c8_2(V,X)|~c3_2(V,X)|~c5_2(V,X))))))&(c10_0|~c7_0|(ndr1_0&~c1_1(a222)&~c7_1(a222)&![Y]:(ndr1_1(a222)=>(c3_2(a222,Y)|~c1_2(a222,Y)|~c2_2(a222,Y)))))&(c10_0|![Z]:(ndr1_0=>(c1_1(Z)|c9_1(Z)|~c7_1(Z)))|(ndr1_0&~c7_1(a223)&![X1]:(ndr1_1(a223)=>(~c1_2(a223,X1)|~c7_2(a223,X1)|~c8_2(a223,X1)))&ndr1_1(a223)&c9_2(a223,a224)&~c1_2(a223,a224)&~c10_2(a223,a224)))&(c10_0|![X2]:(ndr1_0=>(~c5_1(X2)|(ndr1_1(X2)&c6_2(X2,a225)&c7_2(X2,a225)&~c3_2(X2,a225))|(ndr1_1(X2)&c6_2(X2,a226)&~c4_2(X2,a226)&~c7_2(X2,a226))))|(ndr1_0&c9_1(a227)&~c1_1(a227)&~c10_1(a227)))&(c10_0|![X3]:(ndr1_0=>(~c8_1(X3)|![X4]:(ndr1_1(X3)=>(c6_2(X3,X4)|~c8_2(X3,X4)))|(ndr1_1(X3)&c3_2(X3,a228)&c4_2(X3,a228)&~c7_2(X3,a228))))|(ndr1_0&~c4_1(a229)&![X5]:(ndr1_1(a229)=>(c2_2(a229,X5)|c4_2(a229,X5)|c7_2(a229,X5)))&ndr1_1(a229)&c1_2(a229,a230)&c7_2(a229,a230)&~c6_2(a229,a230)))&(c2_0|c3_0|c9_0)&(c2_0|c3_0|~c10_0)&(c2_0|c3_0|~c8_0)&(c2_0|![X6]:(ndr1_0=>(c9_1(X6)|~c3_1(X6))))&(c2_0|~c3_0|![X7]:(ndr1_0=>((ndr1_1(X7)&c10_2(X7,a231)&c8_2(X7,a231)&~c9_2(X7,a231))|(ndr1_1(X7)&c4_2(X7,a232)&c8_2(X7,a232)&~c2_2(X7,a232))|(ndr1_1(X7)&c6_2(X7,a233)&~c10_2(X7,a233)&~c8_2(X7,a233)))))&(c2_0|![X8]:(ndr1_0=>(c6_1(X8)|c7_1(X8)|![X9]:(ndr1_1(X8)=>(c7_2(X8,X9)|~c3_2(X8,X9)|~c8_2(X8,X9)))))|(ndr1_0&c6_1(a234)&![X10]:(ndr1_1(a234)=>(c1_2(a234,X10)|~c2_2(a234,X10)|~c4_2(a234,X10)))&![X11]:(ndr1_1(a234)=>(c10_2(a234,X11)|c4_2(a234,X11)|~c6_2(a234,X11)))))&(c2_0|![X12]:(ndr1_0=>(~c5_1(X12)|![X13]:(ndr1_1(X12)=>(c3_2(X12,X13)|c5_2(X12,X13)|~c10_2(X12,X13)))|![X14]:(ndr1_1(X12)=>(c3_2(X12,X14)|c7_2(X12,X14)|~c9_2(X12,X14)))))|(ndr1_0&c9_1(a235)&~c5_1(a235)&ndr1_1(a235)&c4_2(a235,a236)&c7_2(a235,a236)&~c9_2(a235,a236)))&(c2_0|![X15]:(ndr1_0=>(![X16]:(ndr1_1(X15)=>(c2_2(X15,X16)|c7_2(X15,X16)|~c8_2(X15,X16)))|![X17]:(ndr1_1(X15)=>(c2_2(X15,X17)|c8_2(X15,X17)|~c5_2(X15,X17)))))|(ndr1_0&c9_1(a237)&~c4_1(a237)&ndr1_1(a237)&c10_2(a237,a238)&~c5_2(a237,a238)&~c7_2(a237,a238)))&(c2_0|(ndr1_0&c2_1(a239)&ndr1_1(a239)&c9_2(a239,a240)&~c4_2(a239,a240)&~c8_2(a239,a240)))&(c2_0|(ndr1_0&c7_1(a241)&~c10_1(a241)&~c9_1(a241))|(ndr1_0&![X18]:(ndr1_1(a242)=>(c10_2(a242,X18)|c9_2(a242,X18)|~c2_2(a242,X18)))&![X19]:(ndr1_1(a242)=>(c10_2(a242,X19)|~c1_2(a242,X19)|~c2_2(a242,X19)))&![X20]:(ndr1_1(a242)=>(c8_2(a242,X20)|~c1_2(a242,X20)|~c5_2(a242,X20)))))&(c3_0|c4_0|![X21]:(ndr1_0=>(c2_1(X21)|(ndr1_1(X21)&c2_2(X21,a243)&~c3_2(X21,a243)&~c8_2(X21,a243)))))&(c3_0|c7_0|(ndr1_0&c7_1(a244)&![X22]:(ndr1_1(a244)=>(c2_2(a244,X22)|~c1_2(a244,X22)|~c10_2(a244,X22)))&![X23]:(ndr1_1(a244)=>(c6_2(a244,X23)|~c7_2(a244,X23)|~c8_2(a244,X23)))))&(c3_0|c8_0|c9_0)&(c3_0|c8_0|(ndr1_0&c9_1(a245)&ndr1_1(a245)&c5_2(a245,a246)&c7_2(a245,a246)&~c9_2(a245,a246)))&(c3_0|~c4_0|~c7_0)&(c3_0|~c9_0|![X24]:(ndr1_0=>(~c3_1(X24)|~c4_1(X24)|![X25]:(ndr1_1(X24)=>(c4_2(X24,X25)|~c10_2(X24,X25)|~c9_2(X24,X25))))))&(c4_0|(ndr1_0&![X26]:(ndr1_1(a247)=>(c9_2(a247,X26)|~c3_2(a247,X26)|~c6_2(a247,X26)))&ndr1_1(a247)&c10_2(a247,a248)&c9_2(a247,a248)&~c1_2(a247,a248)&ndr1_1(a247)&c2_2(a247,a249)&c9_2(a247,a249)&~c10_2(a247,a249)))&(c4_0|c6_0|c8_0)&(c4_0|c9_0|(ndr1_0&~c7_1(a250)))&(c4_0|~c1_0|![X27]:(ndr1_0=>(c5_1(X27)|~c6_1(X27)|(ndr1_1(X27)&c10_2(X27,a251)&c8_2(X27,a251)&~c1_2(X27,a251)))))&(c4_0|~c10_0|(ndr1_0&c1_1(a252)&c6_1(a252)&ndr1_1(a252)&c8_2(a252,a253)&~c1_2(a252,a253)&~c2_2(a252,a253)))&(c4_0|~c7_0|![X28]:(ndr1_0=>(![X29]:(ndr1_1(X28)=>(~c2_2(X28,X29)|~c3_2(X28,X29)))|(ndr1_1(X28)&c1_2(X28,a254)&c2_2(X28,a254)&~c3_2(X28,a254))|(ndr1_1(X28)&~c5_2(X28,a255)&~c8_2(X28,a255)))))&(c4_0|~c9_0|(ndr1_0&c10_1(a256)&~c9_1(a256)&![X30]:(ndr1_1(a256)=>(c3_2(a256,X30)|~c5_2(a256,X30)))))&(c4_0|![X31]:(ndr1_0=>(c10_1(X31)|![X32]:(ndr1_1(X31)=>(c2_2(X31,X32)|c3_2(X31,X32)|c4_2(X31,X32)))|![X33]:(ndr1_1(X31)=>(c2_2(X31,X33)|c4_2(X31,X33)|c8_2(X31,X33)))))|(ndr1_0&c3_1(a257)&c4_1(a257)&c5_1(a257)))&(c4_0|![X34]:(ndr1_0=>(c5_1(X34)|c8_1(X34)|![X35]:(ndr1_1(X34)=>(c2_2(X34,X35)|~c3_2(X34,X35)|~c8_2(X34,X35))))))&(c4_0|![X36]:(ndr1_0=>(![X37]:(ndr1_1(X36)=>(c8_2(X36,X37)|c9_2(X36,X37)))|![X38]:(ndr1_1(X36)=>(~c1_2(X36,X38)|~c7_2(X36,X38)|~c9_2(X36,X38)))|(ndr1_1(X36)&c4_2(X36,a258)&~c2_2(X36,a258)&~c3_2(X36,a258)))))&(c6_0|(ndr1_0&~c4_1(a259)&~c5_1(a259)))&(c7_0|![X39]:(ndr1_0=>(c5_1(X39)|(ndr1_1(X39)&c10_2(X39,a260)&c4_2(X39,a260)&~c3_2(X39,a260))|(ndr1_1(X39)&c7_2(X39,a261)&~c1_2(X39,a261)&~c4_2(X39,a261)))))&(c7_0|(ndr1_0&c1_1(a262)&~c6_1(a262)&![X40]:(ndr1_1(a262)=>(c5_2(a262,X40)|~c4_2(a262,X40)))))&(~c1_0|~c6_0)&(~c10_0|![X41]:(ndr1_0=>(c7_1(X41)|![X42]:(ndr1_1(X41)=>(c10_2(X41,X42)|~c5_2(X41,X42)|~c7_2(X41,X42)))|(ndr1_1(X41)&c3_2(X41,a263)&c8_2(X41,a263)&~c4_2(X41,a263)))))&(~c4_0|![X43]:(ndr1_0=>(c3_1(X43)|![X44]:(ndr1_1(X43)=>(c5_2(X43,X44)|~c9_2(X43,X44)))|![X45]:(ndr1_1(X43)=>(~c10_2(X43,X45)|~c3_2(X43,X45)|~c5_2(X43,X45))))))&(~c6_0|(ndr1_0&c6_1(a264)&c8_1(a264)&~c1_1(a264)))&(~c9_0|(ndr1_0&c8_1(a265)&~c10_1(a265)&ndr1_1(a265)&c4_2(a265,a266)&c7_2(a265,a266)&~c5_2(a265,a266)))&(![X46]:(ndr1_0=>(c4_1(X46)|![X47]:(ndr1_1(X46)=>(c2_2(X46,X47)|c3_2(X46,X47)|c6_2(X46,X47)))))|![X48]:(ndr1_0=>(~c1_1(X48)|(ndr1_1(X48)&c8_2(X48,a267)&~c3_2(X48,a267)&~c9_2(X48,a267)))))&![X49]:(ndr1_0=>(~c2_1(X49)|~c3_1(X49)|![X50]:(ndr1_1(X49)=>(c10_2(X49,X50)|c9_2(X49,X50)|~c6_2(X49,X50)))))&(![X51]:(ndr1_0=>(ndr1_1(X51)&c4_2(X51,a268)&~c2_2(X51,a268)&~c3_2(X51,a268)))|(ndr1_0&c5_1(a269)&![X52]:(ndr1_1(a269)=>(c5_2(a269,X52)|c6_2(a269,X52)|~c9_2(a269,X52)))))&(c6_0|~c9_0|![X53]:(ndr1_0=>(![X54]:(ndr1_1(X53)=>(c1_2(X53,X54)|~c10_2(X53,X54)|~c2_2(X53,X54)))|![X55]:(ndr1_1(X53)=>(~c5_2(X53,X55)|~c6_2(X53,X55)|~c8_2(X53,X55))))))&(c6_0|![X56]:(ndr1_0=>(c10_1(X56)|![X57]:(ndr1_1(X56)=>(c8_2(X56,X57)|~c6_2(X56,X57)|~c7_2(X56,X57)))|(ndr1_1(X56)&c1_2(X56,a270)&c3_2(X56,a270)&~c10_2(X56,a270))))|![X58]:(ndr1_0=>(c6_1(X58)|(ndr1_1(X58)&c3_2(X58,a271)&c8_2(X58,a271)&~c10_2(X58,a271))|(ndr1_1(X58)&c6_2(X58,a272)&c8_2(X58,a272)&~c2_2(X58,a272)))))&(c6_0|![X59]:(ndr1_0=>(c3_1(X59)|~c2_1(X59)|(ndr1_1(X59)&c2_2(X59,a273)&c5_2(X59,a273)&c6_2(X59,a273)))))&(c6_0|![X60]:(ndr1_0=>(c3_1(X60)|~c4_1(X60)|(ndr1_1(X60)&c2_2(X60,a274)&c3_2(X60,a274)&~c4_2(X60,a274))))|![X61]:(ndr1_0=>(c6_1(X61)|(ndr1_1(X61)&c2_2(X61,a275)&c7_2(X61,a275))|(ndr1_1(X61)&c5_2(X61,a276)&~c10_2(X61,a276)&~c4_2(X61,a276)))))&(c6_0|![X62]:(ndr1_0=>(~c2_1(X62)|(ndr1_1(X62)&c1_2(X62,a277)&c9_2(X62,a277)&~c10_2(X62,a277))|(ndr1_1(X62)&c7_2(X62,a278)&c8_2(X62,a278)&~c9_2(X62,a278))))|![X63]:(ndr1_0=>(![X64]:(ndr1_1(X63)=>(c3_2(X63,X64)|~c7_2(X63,X64)))|(ndr1_1(X63)&~c2_2(X63,a279)&~c8_2(X63,a279)&~c9_2(X63,a279))|(ndr1_1(X63)&~c4_2(X63,a280)&~c5_2(X63,a280)))))&(c6_0|(ndr1_0&~c5_1(a281)&![X65]:(ndr1_1(a281)=>(c7_2(a281,X65)|~c2_2(a281,X65)|~c3_2(a281,X65)))&ndr1_1(a281)&c8_2(a281,a282)&~c4_2(a281,a282)))&(c7_0|c8_0|~c9_0)&(c7_0|c8_0|(ndr1_0&~c9_1(a283)&ndr1_1(a283)&c1_2(a283,a284)&c7_2(a283,a284)&~c6_2(a283,a284)&ndr1_1(a283)&c10_2(a283,a285)&c2_2(a283,a285)&c8_2(a283,a285)))&(c7_0|c9_0|![X66]:(ndr1_0=>(![X67]:(ndr1_1(X66)=>(c10_2(X66,X67)|c8_2(X66,X67)|~c3_2(X66,X67)))|![X68]:(ndr1_1(X66)=>(c6_2(X66,X68)|c9_2(X66,X68)|~c1_2(X66,X68)))|(ndr1_1(X66)&c2_2(X66,a286)&~c1_2(X66,a286)&~c4_2(X66,a286)))))&(c7_0|~c10_0|(ndr1_0&c10_1(a287)&![X69]:(ndr1_1(a287)=>(c6_2(a287,X69)|c9_2(a287,X69)|~c7_2(a287,X69)))&ndr1_1(a287)&c3_2(a287,a288)&c8_2(a287,a288)&~c9_2(a287,a288)))&(c7_0|~c10_0|(ndr1_0&~c1_1(a289)&~c9_1(a289)&![X70]:(ndr1_1(a289)=>(c2_2(a289,X70)|c6_2(a289,X70)|~c10_2(a289,X70)))))&(c7_0|~c4_0|![X71]:(ndr1_0=>(c5_1(X71)|(ndr1_1(X71)&c1_2(X71,a290)&c5_2(X71,a290)&c7_2(X71,a290))|(ndr1_1(X71)&~c5_2(X71,a291)&~c6_2(X71,a291)&~c9_2(X71,a291)))))&(c7_0|![X72]:(ndr1_0=>(~c5_1(X72)|~c6_1(X72)|(ndr1_1(X72)&c7_2(X72,a292)&~c1_2(X72,a292)&~c9_2(X72,a292))))|(ndr1_0&c7_1(a293)&c9_1(a293)&~c1_1(a293)))&(c8_0|~c10_0|![X73]:(ndr1_0=>(~c7_1(X73)|~c8_1(X73)|(ndr1_1(X73)&c9_2(X73,a294)&~c2_2(X73,a294)&~c8_2(X73,a294)))))&(c8_0|~c4_0|![X74]:(ndr1_0=>(c9_1(X74)|![X75]:(ndr1_1(X74)=>(c10_2(X74,X75)|~c1_2(X74,X75)|~c9_2(X74,X75)))|![X76]:(ndr1_1(X74)=>(c5_2(X74,X76)|c6_2(X74,X76)|~c4_2(X74,X76))))))&(c8_0|~c9_0|(ndr1_0&c1_1(a295)&ndr1_1(a295)&c10_2(a295,a296)&c3_2(a295,a296)&~c9_2(a295,a296)))&(c8_0|![X77]:(ndr1_0=>(c4_1(X77)|~c1_1(X77)|(ndr1_1(X77)&~c2_2(X77,a297)&~c6_2(X77,a297)&~c7_2(X77,a297))))|![X78]:(ndr1_0=>(![X79]:(ndr1_1(X78)=>(c3_2(X78,X79)|~c1_2(X78,X79)|~c7_2(X78,X79)))|(ndr1_1(X78)&~c1_2(X78,a298)&~c5_2(X78,a298)&~c9_2(X78,a298))|(ndr1_1(X78)&~c3_2(X78,a299)&~c4_2(X78,a299)&~c8_2(X78,a299)))))&(c8_0|![X80]:(ndr1_0=>(c4_1(X80)|(ndr1_1(X80)&c2_2(X80,a300)&c4_2(X80,a300)&~c3_2(X80,a300))|(ndr1_1(X80)&~c1_2(X80,a301)&~c4_2(X80,a301)&~c9_2(X80,a301))))|![X81]:(ndr1_0=>(~c8_1(X81)|(ndr1_1(X81)&c5_2(X81,a302)&c9_2(X81,a302)&~c8_2(X81,a302))|(ndr1_1(X81)&c5_2(X81,a303)&~c8_2(X81,a303)))))&(c8_0|![X82]:(ndr1_0=>(~c10_1(X82)|~c3_1(X82)))|(ndr1_0&~c4_1(a304)&~c5_1(a304)&![X83]:(ndr1_1(a304)=>(c4_2(a304,X83)|~c5_2(a304,X83)|~c8_2(a304,X83)))))&(c8_0|![X84]:(ndr1_0=>(![X85]:(ndr1_1(X84)=>(c1_2(X84,X85)|~c10_2(X84,X85)|~c7_2(X84,X85)))|(ndr1_1(X84)&c5_2(X84,a305)&c6_2(X84,a305)&c8_2(X84,a305))|(ndr1_1(X84)&c5_2(X84,a306)&~c4_2(X84,a306)&~c9_2(X84,a306))))|![X86]:(ndr1_0=>((ndr1_1(X86)&c1_2(X86,a307)&c6_2(X86,a307)&~c9_2(X86,a307))|(ndr1_1(X86)&c7_2(X86,a308)&~c4_2(X86,a308)&~c5_2(X86,a308)))))&(c9_0|~c1_0|![X87]:(ndr1_0=>(c1_1(X87)|c6_1(X87)|~c8_1(X87))))&(c9_0|~c4_0|(ndr1_0&~c6_1(a309)&![X88]:(ndr1_1(a309)=>(c10_2(a309,X88)|c9_2(a309,X88)|~c6_2(a309,X88)))&![X89]:(ndr1_1(a309)=>(c5_2(a309,X89)|~c10_2(a309,X89)|~c4_2(a309,X89)))))&(c9_0|~c6_0)&(c9_0|~c6_0|(ndr1_0&c6_1(a310)&~c1_1(a310)&![X90]:(ndr1_1(a310)=>(c2_2(a310,X90)|~c6_2(a310,X90)|~c9_2(a310,X90)))))&(c9_0|~c7_0|![X91]:(ndr1_0=>(c9_1(X91)|(ndr1_1(X91)&c4_2(X91,a311)&~c2_2(X91,a311)&~c9_2(X91,a311))|(ndr1_1(X91)&c8_2(X91,a312)&c9_2(X91,a312)&~c6_2(X91,a312)))))&(c9_0|![X92]:(ndr1_0=>(~c5_1(X92)|~c6_1(X92)|(ndr1_1(X92)&c3_2(X92,a313)&~c9_2(X92,a313))))|(ndr1_0&~c4_1(a314)&![X93]:(ndr1_1(a314)=>(c7_2(a314,X93)|~c4_2(a314,X93)|~c8_2(a314,X93)))&ndr1_1(a314)&c4_2(a314,a315)&c7_2(a314,a315)&~c5_2(a314,a315)))&(c9_0|(ndr1_0&c8_1(a316)&![X94]:(ndr1_1(a316)=>(~c6_2(a316,X94)|~c9_2(a316,X94)))&ndr1_1(a316)&c2_2(a316,a317)&c7_2(a316,a317)&~c8_2(a316,a317))|(ndr1_0&~c10_1(a318)&~c8_1(a318)&![X95]:(ndr1_1(a318)=>(~c10_2(a318,X95)|~c4_2(a318,X95)|~c7_2(a318,X95)))))&(~c1_0|~c10_0|(ndr1_0&~c8_1(a319)&ndr1_1(a319)&c4_2(a319,a320)&c5_2(a319,a320)&c6_2(a319,a320)&ndr1_1(a319)&~c2_2(a319,a321)))&(~c1_0|~c4_0|![X96]:(ndr1_0=>(~c2_1(X96)|(ndr1_1(X96)&c4_2(X96,a322)&~c10_2(X96,a322)&~c9_2(X96,a322)))))&(~c1_0|![X97]:(ndr1_0=>(c1_1(X97)|c4_1(X97)|![X98]:(ndr1_1(X97)=>(c1_2(X97,X98)|c2_2(X97,X98)|~c6_2(X97,X98)))))|(ndr1_0&c7_1(a323)&![X99]:(ndr1_1(a323)=>(c6_2(a323,X99)|~c10_2(a323,X99)|~c9_2(a323,X99)))&ndr1_1(a323)&c1_2(a323,a324)&c2_2(a323,a324)&~c3_2(a323,a324)))&(~c1_0|![X100]:(ndr1_0=>(~c2_1(X100)|![X101]:(ndr1_1(X100)=>(c10_2(X100,X101)|~c1_2(X100,X101)|~c5_2(X100,X101)))|(ndr1_1(X100)&c3_2(X100,a325)&c4_2(X100,a325))))|(ndr1_0&![X102]:(ndr1_1(a326)=>(c4_2(a326,X102)|c6_2(a326,X102)|~c7_2(a326,X102)))&![X103]:(ndr1_1(a326)=>(~c10_2(a326,X103)|~c5_2(a326,X103)|~c9_2(a326,X103)))))&(~c1_0|(ndr1_0&c10_1(a327)&c6_1(a327)&~c3_1(a327)))&(~c1_0|(ndr1_0&c2_1(a328)&![X104]:(ndr1_1(a328)=>~c8_2(a328,X104))&ndr1_1(a328)&c10_2(a328,a329)&c6_2(a328,a329)&~c8_2(a328,a329))|(ndr1_0&~c10_1(a330)&~c8_1(a330)&~c9_1(a330)))&(~c10_0|~c3_0|![X105]:(ndr1_0=>(c5_1(X105)|(ndr1_1(X105)&c6_2(X105,a331)&c8_2(X105,a331)&~c7_2(X105,a331)))))&(~c10_0|~c6_0|![X106]:(ndr1_0=>(c6_1(X106)|~c8_1(X106))))&(~c10_0|~c8_0|(ndr1_0&~c1_1(a332)&~c4_1(a332)&![X107]:(ndr1_1(a332)=>(c10_2(a332,X107)|c9_2(a332,X107)|~c1_2(a332,X107)))))&(~c10_0|![X108]:(ndr1_0=>(c5_1(X108)|~c7_1(X108)|![X109]:(ndr1_1(X108)=>(c8_2(X108,X109)|c9_2(X108,X109)|~c2_2(X108,X109)))))|(ndr1_0&c7_1(a333)&~c10_1(a333)&ndr1_1(a333)&c10_2(a333,a334)&~c7_2(a333,a334)&~c9_2(a333,a334)))&(~c10_0|(ndr1_0&c3_1(a335)&~c7_1(a335)&ndr1_1(a335)&c2_2(a335,a336)&c8_2(a335,a336)&~c4_2(a335,a336))|(ndr1_0&~c5_1(a337)&~c9_1(a337)&![X110]:(ndr1_1(a337)=>(c9_2(a337,X110)|~c10_2(a337,X110)))))&(~c2_0|~c8_0|![X111]:(ndr1_0=>(c8_1(X111)|![X112]:(ndr1_1(X111)=>(c10_2(X111,X112)|~c8_2(X111,X112)|~c9_2(X111,X112)))|(ndr1_1(X111)&c10_2(X111,a338)&c2_2(X111,a338)&~c7_2(X111,a338)))))&(~c2_0|~c9_0|![X113]:(ndr1_0=>(c1_1(X113)|![X114]:(ndr1_1(X113)=>(c1_2(X113,X114)|c7_2(X113,X114)|~c2_2(X113,X114)))|![X115]:(ndr1_1(X113)=>(~c1_2(X113,X115)|~c10_2(X113,X115)|~c8_2(X113,X115))))))&(~c2_0|(ndr1_0&c3_1(a339)&~c6_1(a339))|(ndr1_0&~c8_1(a340)&ndr1_1(a340)&c1_2(a340,a341)&c7_2(a340,a341)&c9_2(a340,a341)))&(~c3_0|~c7_0|(ndr1_0&~c2_1(a342)&~c3_1(a342)&![X116]:(ndr1_1(a342)=>(c6_2(a342,X116)|c8_2(a342,X116)|~c3_2(a342,X116)))))&(~c3_0|![X117]:(ndr1_0=>(c10_1(X117)|c2_1(X117)|![X118]:(ndr1_1(X117)=>(c6_2(X117,X118)|c8_2(X117,X118)|~c3_2(X117,X118)))))|![X119]:(ndr1_0=>(![X120]:(ndr1_1(X119)=>(c1_2(X119,X120)|~c4_2(X119,X120)|~c9_2(X119,X120)))|![X121]:(ndr1_1(X119)=>(c6_2(X119,X121)|~c2_2(X119,X121)|~c3_2(X119,X121)))|(ndr1_1(X119)&c9_2(X119,a343)&~c3_2(X119,a343)&~c4_2(X119,a343)))))&(~c3_0|![X122]:(ndr1_0=>(c4_1(X122)|(ndr1_1(X122)&c1_2(X122,a344)&c6_2(X122,a344)&~c9_2(X122,a344))))|![X123]:(ndr1_0=>(c7_1(X123)|c9_1(X123)|(ndr1_1(X123)&c3_2(X123,a345)&c7_2(X123,a345)&~c9_2(X123,a345)))))&(~c3_0|![X124]:(ndr1_0=>(![X125]:(ndr1_1(X124)=>(c10_2(X124,X125)|c8_2(X124,X125)|~c6_2(X124,X125)))|![X126]:(ndr1_1(X124)=>(c10_2(X124,X126)|~c3_2(X124,X126)|~c8_2(X124,X126)))|![X127]:(ndr1_1(X124)=>(c4_2(X124,X127)|~c3_2(X124,X127)|~c7_2(X124,X127)))))|(ndr1_0&c5_1(a346)&![X128]:(ndr1_1(a346)=>(~c3_2(a346,X128)|~c6_2(a346,X128)|~c7_2(a346,X128)))))&(~c4_0|~c7_0|![X129]:(ndr1_0=>(c1_1(X129)|c7_1(X129)|(ndr1_1(X129)&c2_2(X129,a347)&c8_2(X129,a347)&~c7_2(X129,a347)))))&(~c4_0|![X130]:(ndr1_0=>(c7_1(X130)|(ndr1_1(X130)&c9_2(X130,a348)&~c3_2(X130,a348)&~c4_2(X130,a348))|(ndr1_1(X130)&~c1_2(X130,a349)&~c2_2(X130,a349)&~c5_2(X130,a349))))|(ndr1_0&![X131]:(ndr1_1(a350)=>(c8_2(a350,X131)|~c1_2(a350,X131)|~c5_2(a350,X131)))&ndr1_1(a350)&c5_2(a350,a351)&~c6_2(a350,a351)&ndr1_1(a350)&c7_2(a350,a352)&~c4_2(a350,a352)&~c5_2(a350,a352)))&(~c6_0|~c9_0)&(~c7_0|![X132]:(ndr1_0=>(c1_1(X132)|c4_1(X132)|c8_1(X132)))|![X133]:(ndr1_0=>(c3_1(X133)|~c8_1(X133)|![X134]:(ndr1_1(X133)=>(c1_2(X133,X134)|c2_2(X133,X134)|~c7_2(X133,X134))))))&(~c7_0|![X135]:(ndr1_0=>(c3_1(X135)|~c4_1(X135)|~c5_1(X135)))|![X136]:(ndr1_0=>(~c7_1(X136)|![X137]:(ndr1_1(X136)=>(c1_2(X136,X137)|c2_2(X136,X137)|c3_2(X136,X137)))|(ndr1_1(X136)&c4_2(X136,a353)&~c1_2(X136,a353)&~c9_2(X136,a353)))))&(~c7_0|![X138]:(ndr1_0=>(c4_1(X138)|~c8_1(X138)|![X139]:(ndr1_1(X138)=>(c3_2(X138,X139)|c5_2(X138,X139)|~c1_2(X138,X139)))))|![X140]:(ndr1_0=>(~c3_1(X140)|~c5_1(X140)|~c9_1(X140))))&(~c7_0|![X141]:(ndr1_0=>(c8_1(X141)|~c9_1(X141)|(ndr1_1(X141)&c1_2(X141,a354)&c10_2(X141,a354)&~c2_2(X141,a354)))))&(~c7_0|(ndr1_0&c3_1(a355)&![X142]:(ndr1_1(a355)=>(~c4_2(a355,X142)|~c6_2(a355,X142)|~c8_2(a355,X142)))&ndr1_1(a355)&~c10_2(a355,a356)&~c7_2(a355,a356)&~c9_2(a355,a356))|(ndr1_0&c9_1(a357)&![X143]:(ndr1_1(a357)=>(c10_2(a357,X143)|c4_2(a357,X143)|~c9_2(a357,X143)))&![X144]:(ndr1_1(a357)=>(c4_2(a357,X144)|c5_2(a357,X144)|~c8_2(a357,X144)))))&(~c8_0|![X145]:(ndr1_0=>(c3_1(X145)|c9_1(X145)|(ndr1_1(X145)&c1_2(X145,a358)&c8_2(X145,a358)&~c3_2(X145,a358))))|![X146]:(ndr1_0=>(c8_1(X146)|![X147]:(ndr1_1(X146)=>(c3_2(X146,X147)|~c2_2(X146,X147)|~c5_2(X146,X147)))|(ndr1_1(X146)&~c10_2(X146,a359)&~c2_2(X146,a359)&~c6_2(X146,a359)))))&(~c9_0|![X148]:(ndr1_0=>(c1_1(X148)|~c10_1(X148)|(ndr1_1(X148)&c6_2(X148,a360)&c9_2(X148,a360)&~c10_2(X148,a360))))|![X149]:(ndr1_0=>(~c9_1(X149)|![X150]:(ndr1_1(X149)=>(c2_2(X149,X150)|~c4_2(X149,X150)|~c6_2(X149,X150)))|(ndr1_1(X149)&c9_2(X149,a361)&~c2_2(X149,a361)&~c8_2(X149,a361)))))&(~c9_0|![X151]:(ndr1_0=>(c3_1(X151)|~c5_1(X151)|~c7_1(X151)))|(ndr1_0&c3_1(a362)&~c8_1(a362)&ndr1_1(a362)&c3_2(a362,a363)&~c1_2(a362,a363)&~c4_2(a362,a363)))&(~c9_0|![X152]:(ndr1_0=>(~c2_1(X152)|~c5_1(X152)|![X153]:(ndr1_1(X152)=>(~c4_2(X152,X153)|~c5_2(X152,X153)))))|(ndr1_0&~c1_1(a364)&![X154]:(ndr1_1(a364)=>(c3_2(a364,X154)|c8_2(a364,X154)|~c4_2(a364,X154)))&![X155]:(ndr1_1(a364)=>(~c10_2(a364,X155)|~c6_2(a364,X155)|~c8_2(a364,X155)))))&(~c9_0|![X156]:(ndr1_0=>(~c2_1(X156)|(ndr1_1(X156)&c2_2(X156,a365)&c4_2(X156,a365)&~c3_2(X156,a365))|(ndr1_1(X156)&~c1_2(X156,a366)&~c7_2(X156,a366)&~c9_2(X156,a366)))))&(~c9_0|![X157]:(ndr1_0=>(![X158]:(ndr1_1(X157)=>(c7_2(X157,X158)|~c4_2(X157,X158)|~c6_2(X157,X158)))|(ndr1_1(X157)&~c1_2(X157,a367)&~c2_2(X157,a367)&~c6_2(X157,a367))|(ndr1_1(X157)&~c1_2(X157,a368)&~c4_2(X157,a368)&~c5_2(X157,a368))))|(ndr1_0&ndr1_1(a369)&c3_2(a369,a370)&c8_2(a369,a370)&~c9_2(a369,a370)&ndr1_1(a369)&c5_2(a369,a371)&c7_2(a369,a371)&~c9_2(a369,a371)&ndr1_1(a369)&c7_2(a369,a372)&c9_2(a369,a372)&~c4_2(a369,a372)))&(![X159]:(ndr1_0=>(c1_1(X159)|~c8_1(X159)|(ndr1_1(X159)&c3_2(X159,a373)&~c1_2(X159,a373)&~c8_2(X159,a373))))|(ndr1_0&c10_1(a374)&c2_1(a374)&ndr1_1(a374)&c10_2(a374,a375)&c3_2(a374,a375)&~c9_2(a374,a375))|(ndr1_0&c8_1(a376)&~c6_1(a376)&![X160]:(ndr1_1(a376)=>(c2_2(a376,X160)|~c3_2(a376,X160)|~c5_2(a376,X160)))))&(![X161]:(ndr1_0=>(c10_1(X161)|~c6_1(X161)|![X162]:(ndr1_1(X161)=>(c10_2(X161,X162)|c6_2(X161,X162)|~c2_2(X161,X162)))))|![X163]:(ndr1_0=>(~c4_1(X163)|![X164]:(ndr1_1(X163)=>(c1_2(X163,X164)|c4_2(X163,X164)|~c6_2(X163,X164)))|![X165]:(ndr1_1(X163)=>(c10_2(X163,X165)|c4_2(X163,X165)|~c9_2(X163,X165)))))|![X166]:(ndr1_0=>(~c5_1(X166)|![X167]:(ndr1_1(X166)=>(c3_2(X166,X167)|~c2_2(X166,X167)|~c6_2(X166,X167)))|![X168]:(ndr1_1(X166)=>(c7_2(X166,X168)|c9_2(X166,X168)|~c8_2(X166,X168))))))&(![X169]:(ndr1_0=>(c2_1(X169)|~c4_1(X169)|(ndr1_1(X169)&c4_2(X169,a377)&c5_2(X169,a377)&c6_2(X169,a377))))|![X170]:(ndr1_0=>(c7_1(X170)|~c9_1(X170)|![X171]:(ndr1_1(X170)=>(~c2_2(X170,X171)|~c9_2(X170,X171)))))|![X172]:(ndr1_0=>(~c3_1(X172)|(ndr1_1(X172)&c2_2(X172,a378)&c7_2(X172,a378)&~c8_2(X172,a378))|(ndr1_1(X172)&c3_2(X172,a379)&~c1_2(X172,a379)&~c10_2(X172,a379)))))&(![X173]:(ndr1_0=>(c2_1(X173)|~c7_1(X173)|![X174]:(ndr1_1(X173)=>(c9_2(X173,X174)|~c3_2(X173,X174)|~c8_2(X173,X174)))))|(ndr1_0&ndr1_1(a380)&c1_2(a380,a381)&c7_2(a380,a381)&~c5_2(a380,a381)&ndr1_1(a380)&c7_2(a380,a382)&~c1_2(a380,a382)&~c8_2(a380,a382))|(ndr1_0&ndr1_1(a383)&~c1_2(a383,a384)&~c6_2(a383,a384)&ndr1_1(a383)&~c10_2(a383,a385)&~c3_2(a383,a385)&~c5_2(a383,a385)))&(![X175]:(ndr1_0=>(c3_1(X175)|c7_1(X175)|(ndr1_1(X175)&c6_2(X175,a386)&~c7_2(X175,a386)&~c8_2(X175,a386))))|![X176]:(ndr1_0=>(c3_1(X176)|![X177]:(ndr1_1(X176)=>(c3_2(X176,X177)|c8_2(X176,X177)|~c7_2(X176,X177)))|![X178]:(ndr1_1(X176)=>(~c10_2(X176,X178)|~c6_2(X176,X178)|~c8_2(X176,X178)))))|(ndr1_0&![X179]:(ndr1_1(a387)=>(c2_2(a387,X179)|c4_2(a387,X179)|~c9_2(a387,X179)))&ndr1_1(a387)&c1_2(a387,a388)&c6_2(a387,a388)&c7_2(a387,a388)))&(![X180]:(ndr1_0=>(c4_1(X180)|~c10_1(X180)|~c3_1(X180)))|![X181]:(ndr1_0=>(c6_1(X181)|c9_1(X181)|![X182]:(ndr1_1(X181)=>(c6_2(X181,X182)|c8_2(X181,X182)|~c5_2(X181,X182)))))|(ndr1_0&~c3_1(a389)&![X183]:(ndr1_1(a389)=>(c2_2(a389,X183)|c5_2(a389,X183)|~c8_2(a389,X183)))&ndr1_1(a389)&c2_2(a389,a390)&c4_2(a389,a390)))&(![X184]:(ndr1_0=>(c5_1(X184)|~c1_1(X184)|(ndr1_1(X184)&c5_2(X184,a391)&c7_2(X184,a391)&~c6_2(X184,a391))))|![X185]:(ndr1_0=>(~c7_1(X185)|![X186]:(ndr1_1(X185)=>(c2_2(X185,X186)|c7_2(X185,X186)|~c6_2(X185,X186)))|(ndr1_1(X185)&c2_2(X185,a392)&c3_2(X185,a392)&~c9_2(X185,a392))))|![X187]:(ndr1_0=>(~c9_1(X187)|(ndr1_1(X187)&c1_2(X187,a393)&c7_2(X187,a393)&~c3_2(X187,a393))|(ndr1_1(X187)&c1_2(X187,a394)&~c9_2(X187,a394)))))&(![X188]:(ndr1_0=>(c5_1(X188)|~c9_1(X188)|(ndr1_1(X188)&c10_2(X188,a395)&c3_2(X188,a395)&~c9_2(X188,a395))))|![X189]:(ndr1_0=>(~c8_1(X189)|![X190]:(ndr1_1(X189)=>(c6_2(X189,X190)|~c7_2(X189,X190)))|(ndr1_1(X189)&c2_2(X189,a396)&c6_2(X189,a396)&~c8_2(X189,a396))))|(ndr1_0&~c8_1(a397)&ndr1_1(a397)&c10_2(a397,a398)&c4_2(a397,a398)&~c6_2(a397,a398)&ndr1_1(a397)&c8_2(a397,a399)&~c1_2(a397,a399)&~c10_2(a397,a399)))&(![X191]:(ndr1_0=>(c6_1(X191)|c8_1(X191)|~c4_1(X191)))|(ndr1_0&~c3_1(a400)&![X192]:(ndr1_1(a400)=>(c1_2(a400,X192)|c10_2(a400,X192)|~c3_2(a400,X192)))&![X193]:(ndr1_1(a400)=>(~c1_2(a400,X193)|~c7_2(a400,X193)|~c9_2(a400,X193))))|(ndr1_0&![X194]:(ndr1_1(a401)=>(c5_2(a401,X194)|~c8_2(a401,X194)))&![X195]:(ndr1_1(a401)=>(c8_2(a401,X195)|~c2_2(a401,X195)|~c4_2(a401,X195)))&![X196]:(ndr1_1(a401)=>(~c1_2(a401,X196)|~c10_2(a401,X196)|~c2_2(a401,X196)))))&(![X197]:(ndr1_0=>(c8_1(X197)|(ndr1_1(X197)&c2_2(X197,a402)&~c1_2(X197,a402)&~c3_2(X197,a402))))|(ndr1_0&c2_1(a403)&~c4_1(a403)&ndr1_1(a403)&c10_2(a403,a404)&c5_2(a403,a404)&c8_2(a403,a404)))&(![X198]:(ndr1_0=>(c9_1(X198)|~c2_1(X198)|(ndr1_1(X198)&c4_2(X198,a405)&~c5_2(X198,a405))))|(ndr1_0&c4_1(a406)&c9_1(a406)&ndr1_1(a406)&~c2_2(a406,a407)&~c7_2(a406,a407)&~c8_2(a406,a407))|(ndr1_0&~c2_1(a408)&![X199]:(ndr1_1(a408)=>(c8_2(a408,X199)|c9_2(a408,X199)|~c4_2(a408,X199)))&ndr1_1(a408)&c1_2(a408,a409)&c4_2(a408,a409)&~c5_2(a408,a409)))&(![X200]:(ndr1_0=>(c9_1(X200)|![X201]:(ndr1_1(X200)=>(c3_2(X200,X201)|c6_2(X200,X201)))|(ndr1_1(X200)&c1_2(X200,a410)&c5_2(X200,a410)&c6_2(X200,a410))))|![X202]:(ndr1_0=>(~c3_1(X202)|~c7_1(X202)|~c8_1(X202)))|(ndr1_0&![X203]:(ndr1_1(a411)=>(c3_2(a411,X203)|c8_2(a411,X203)|~c2_2(a411,X203)))&ndr1_1(a411)&c3_2(a411,a412)&~c6_2(a411,a412)&ndr1_1(a411)&~c4_2(a411,a413)&~c8_2(a411,a413)&~c9_2(a411,a413)))&(![X204]:(ndr1_0=>(~c1_1(X204)|~c5_1(X204)|~c8_1(X204)))|(ndr1_0&c10_1(a414)&c9_1(a414)&ndr1_1(a414)&~c10_2(a414,a415)&~c4_2(a414,a415)&~c7_2(a414,a415)))&(![X205]:(ndr1_0=>(~c1_1(X205)|~c5_1(X205)|(ndr1_1(X205)&c9_2(X205,a416)&~c6_2(X205,a416))))|(ndr1_0&c2_1(a417)&c3_1(a417)&c5_1(a417))|(ndr1_0&c7_1(a418)&c8_1(a418)&ndr1_1(a418)&c10_2(a418,a419)&c5_2(a418,a419)&~c4_2(a418,a419)))&(![X206]:(ndr1_0=>(~c2_1(X206)|~c6_1(X206)|![X207]:(ndr1_1(X206)=>(c1_2(X206,X207)|c4_2(X206,X207)|c5_2(X206,X207)))))|(ndr1_0&c1_1(a420)&c5_1(a420)&ndr1_1(a420)&~c1_2(a420,a421)&~c8_2(a420,a421))|(ndr1_0&~c1_1(a422)&~c10_1(a422)&![X208]:(ndr1_1(a422)=>(c3_2(a422,X208)|c4_2(a422,X208)|~c6_2(a422,X208)))))&((ndr1_0&c10_1(a423)&~c5_1(a423)&~c6_1(a423))|(ndr1_0&c5_1(a424)&![X209]:(ndr1_1(a424)=>(~c1_2(a424,X209)|~c2_2(a424,X209)|~c5_2(a424,X209)))&![X210]:(ndr1_1(a424)=>(~c3_2(a424,X210)|~c6_2(a424,X210)|~c8_2(a424,X210))))|(ndr1_0&c7_1(a425)&~c8_1(a425)&ndr1_1(a425)&c5_2(a425,a426)&c6_2(a425,a426)))&((ndr1_0&c10_1(a427)&ndr1_1(a427)&c9_2(a427,a428)&~c10_2(a427,a428)&~c7_2(a427,a428))|(ndr1_0&c2_1(a429)&~c8_1(a429)&ndr1_1(a429)&c1_2(a429,a430)&c2_2(a429,a430)&c5_2(a429,a430)))))			
../../TPTP-v7.3.0/Problems/SYN/SYN114-1.p		Unsatisfiable	UNKNOWN		UNKNOWN		cnf					
../../TPTP-v7.3.0/Problems/SYN/SYN422+1.p		CounterSatisfiable	UNKNOWN		UNKNOWN		fof		(~((c9_0|(ndr1_0&~c9_1(a608)&~c10_1(a608)&~c4_1(a608))|c1_0)&((ndr1_0&~c5_1(a609)&~c10_1(a609)&~c8_1(a609))|~c8_0|![U]:(ndr1_0=>(![V]:(ndr1_1(U)=>(~c5_2(U,V)|~c2_2(U,V)|~c4_2(U,V)))|(ndr1_1(U)&c3_2(U,a610)&c4_2(U,a610)&c9_2(U,a610))|![W]:(ndr1_1(U)=>(c9_2(U,W)|c6_2(U,W)|~c1_2(U,W))))))&((ndr1_0&c3_1(a611)&![X]:(ndr1_1(a611)=>(c3_2(a611,X)|~c8_2(a611,X)))&ndr1_1(a611)&~c1_2(a611,a612)&~c9_2(a611,a612)&~c8_2(a611,a612))|![Y]:(ndr1_0=>(c2_1(Y)|c10_1(Y)|(ndr1_1(Y)&c9_2(Y,a613)&~c2_2(Y,a613))))|~c5_0)&(c9_0|(ndr1_0&ndr1_1(a614)&c3_2(a614,a615)&~c5_2(a614,a615)&ndr1_1(a614)&c9_2(a614,a616)&c10_2(a614,a616)&~c1_2(a614,a616)&![Z]:(ndr1_1(a614)=>(c9_2(a614,Z)|c7_2(a614,Z))))|~c2_0)&((ndr1_0&c5_1(a617)&c9_1(a617)&~c10_1(a617))|~c3_0|(ndr1_0&![X1]:(ndr1_1(a618)=>(~c9_2(a618,X1)|~c8_2(a618,X1)|c4_2(a618,X1)))&![X2]:(ndr1_1(a618)=>(c6_2(a618,X2)|~c10_2(a618,X2)|c8_2(a618,X2)))&c3_1(a618)))&(c3_0|![X3]:(ndr1_0=>(![X4]:(ndr1_1(X3)=>(~c9_2(X3,X4)|c4_2(X3,X4)))|c7_1(X3)|(ndr1_1(X3)&~c3_2(X3,a619)&c7_2(X3,a619))))|![X5]:(ndr1_0=>(~c9_1(X5)|~c5_1(X5)|c2_1(X5))))&(![X6]:(ndr1_0=>(![X7]:(ndr1_1(X6)=>(c1_2(X6,X7)|~c3_2(X6,X7)|c6_2(X6,X7)))|(ndr1_1(X6)&~c4_2(X6,a620)&c1_2(X6,a620)&c5_2(X6,a620))))|c9_0|![X8]:(ndr1_0=>(![X9]:(ndr1_1(X8)=>(c9_2(X8,X9)|~c3_2(X8,X9)|~c10_2(X8,X9)))|~c5_1(X8)|![X10]:(ndr1_1(X8)=>(~c6_2(X8,X10)|c7_2(X8,X10)|~c4_2(X8,X10))))))&(~c9_0|~c5_0|![X11]:(ndr1_0=>(~c8_1(X11)|~c3_1(X11)|c1_1(X11))))&((ndr1_0&~c3_1(a621)&c1_1(a621)&![X12]:(ndr1_1(a621)=>(~c2_2(a621,X12)|c1_2(a621,X12)|c6_2(a621,X12))))|~c9_0|(ndr1_0&c4_1(a622)&~c8_1(a622)&ndr1_1(a622)&c6_2(a622,a623)&c1_2(a622,a623)&c2_2(a622,a623)))&(![X13]:(ndr1_0=>((ndr1_1(X13)&c5_2(X13,a624)&~c9_2(X13,a624))|c4_1(X13)|c2_1(X13)))|c8_0|(ndr1_0&c1_1(a625)&ndr1_1(a625)&c3_2(a625,a626)&c6_2(a625,a626)&c3_1(a625)))&(![X14]:(ndr1_0=>(~c8_1(X14)|(ndr1_1(X14)&~c10_2(X14,a627)&~c5_2(X14,a627)&~c2_2(X14,a627))|~c7_1(X14)))|~c7_0|(ndr1_0&ndr1_1(a628)&~c5_2(a628,a629)&~c8_2(a628,a629)&c3_2(a628,a629)&c1_1(a628)&~c7_1(a628)))&(c8_0|(ndr1_0&c7_1(a630)&~c6_1(a630)&c9_1(a630))|c2_0)&(c9_0|~c5_0|~c6_0)&(c7_0|c2_0|![X15]:(ndr1_0=>(c10_1(X15)|![X16]:(ndr1_1(X15)=>(~c3_2(X15,X16)|c5_2(X15,X16)|~c6_2(X15,X16)))|c3_1(X15))))&((ndr1_0&![X17]:(ndr1_1(a631)=>(~c1_2(a631,X17)|~c6_2(a631,X17)|c7_2(a631,X17)))&ndr1_1(a631)&c10_2(a631,a632)&c8_2(a631,a632)&~c2_2(a631,a632)&c5_1(a631))|(ndr1_0&c10_1(a633)&ndr1_1(a633)&c9_2(a633,a634)&~c10_2(a633,a634)&~c2_1(a633))|![X18]:(ndr1_0=>(![X19]:(ndr1_1(X18)=>(~c8_2(X18,X19)|c4_2(X18,X19)|c1_2(X18,X19)))|~c6_1(X18)|~c8_1(X18))))&(![X20]:(ndr1_0=>(![X21]:(ndr1_1(X20)=>(c2_2(X20,X21)|~c9_2(X20,X21)|~c8_2(X20,X21)))|~c4_1(X20)|~c3_1(X20)))|![X22]:(ndr1_0=>((ndr1_1(X22)&c8_2(X22,a635)&c3_2(X22,a635)&~c2_2(X22,a635))|(ndr1_1(X22)&~c4_2(X22,a636)&c10_2(X22,a636)&c8_2(X22,a636))|![X23]:(ndr1_1(X22)=>(~c10_2(X22,X23)|c5_2(X22,X23)|c8_2(X22,X23)))))|c3_0)&(![X24]:(ndr1_0=>(~c4_1(X24)|~c5_1(X24)|~c6_1(X24)))|(ndr1_0&c8_1(a637)&c5_1(a637)&c3_1(a637))|~c2_0)&(c8_0|~c2_0|![X25]:(ndr1_0=>(~c1_1(X25)|![X26]:(ndr1_1(X25)=>(c6_2(X25,X26)|~c3_2(X25,X26)))|(ndr1_1(X25)&~c2_2(X25,a638)&c1_2(X25,a638)))))&(c2_0|c9_0)&(c5_0|c8_0|![X27]:(ndr1_0=>(![X28]:(ndr1_1(X27)=>(~c8_2(X27,X28)|~c9_2(X27,X28)|~c1_2(X27,X28)))|~c3_1(X27)|![X29]:(ndr1_1(X27)=>(c7_2(X27,X29)|~c10_2(X27,X29))))))&(c2_0|![X30]:(ndr1_0=>(c10_1(X30)|![X31]:(ndr1_1(X30)=>(~c3_2(X30,X31)|~c6_2(X30,X31)|~c8_2(X30,X31)))|![X32]:(ndr1_1(X30)=>(~c10_2(X30,X32)|~c3_2(X30,X32)|~c9_2(X30,X32)))))|(ndr1_0&~c2_1(a639)&~c8_1(a639)&ndr1_1(a639)&~c3_2(a639,a640)&c8_2(a639,a640)&~c1_2(a639,a640)))&((ndr1_0&ndr1_1(a641)&c8_2(a641,a642)&c6_2(a641,a642)&c2_2(a641,a642)&ndr1_1(a641)&~c5_2(a641,a643)&~c8_2(a641,a643)&ndr1_1(a641)&~c8_2(a641,a644)&~c5_2(a641,a644)&~c9_2(a641,a644))|(ndr1_0&![X33]:(ndr1_1(a645)=>(~c2_2(a645,X33)|~c5_2(a645,X33)|~c9_2(a645,X33)))&ndr1_1(a645)&~c9_2(a645,a646)&~c3_2(a645,a646)&~c5_2(a645,a646)&ndr1_1(a645)&~c9_2(a645,a647)&~c3_2(a645,a647)&c5_2(a645,a647))|c10_0)&((ndr1_0&![X34]:(ndr1_1(a648)=>(~c7_2(a648,X34)|~c3_2(a648,X34)))&~c7_1(a648)&c3_1(a648))|![X35]:(ndr1_0=>(~c9_1(X35)|c2_1(X35)|![X36]:(ndr1_1(X35)=>(~c10_2(X35,X36)|c5_2(X35,X36)|c2_2(X35,X36)))))|c6_0)&((ndr1_0&~c1_1(a649)&c9_1(a649)&~c8_1(a649))|![X37]:(ndr1_0=>((ndr1_1(X37)&c7_2(X37,a650)&c1_2(X37,a650)&c5_2(X37,a650))|~c1_1(X37)|c7_1(X37)))|~c5_0)&((ndr1_0&~c5_1(a651)&~c9_1(a651)&~c7_1(a651))|(ndr1_0&~c2_1(a652)&ndr1_1(a652)&c1_2(a652,a653)&~c5_2(a652,a653)&~c10_2(a652,a653)&~c8_1(a652))|![X38]:(ndr1_0=>(![X39]:(ndr1_1(X38)=>(~c10_2(X38,X39)|~c3_2(X38,X39)|c8_2(X38,X39)))|![X40]:(ndr1_1(X38)=>(c6_2(X38,X40)|c4_2(X38,X40)|~c3_2(X38,X40)))|c8_1(X38))))&(![X41]:(ndr1_0=>(~c4_1(X41)|![X42]:(ndr1_1(X41)=>(~c2_2(X41,X42)|c10_2(X41,X42)|c6_2(X41,X42)))|(ndr1_1(X41)&c1_2(X41,a654)&~c9_2(X41,a654)&~c4_2(X41,a654))))|c9_0)&((ndr1_0&c2_1(a655)&![X43]:(ndr1_1(a655)=>(~c2_2(a655,X43)|~c10_2(a655,X43)|c3_2(a655,X43)))&![X44]:(ndr1_1(a655)=>(c9_2(a655,X44)|c6_2(a655,X44)|c3_2(a655,X44))))|(ndr1_0&ndr1_1(a656)&c6_2(a656,a657)&c3_2(a656,a657)&c7_1(a656)&c1_1(a656))|~c3_0)&(c3_0|~c6_0|~c8_0)&(~c8_0|(ndr1_0&c7_1(a658)&![X45]:(ndr1_1(a658)=>(~c5_2(a658,X45)|~c3_2(a658,X45)|~c4_2(a658,X45)))))&(![X46]:(ndr1_0=>(c7_1(X46)|(ndr1_1(X46)&~c8_2(X46,a659)&~c5_2(X46,a659)&~c7_2(X46,a659))|~c4_1(X46)))|c6_0|![X47]:(ndr1_0=>(~c1_1(X47)|c5_1(X47)|![X48]:(ndr1_1(X47)=>(c8_2(X47,X48)|c6_2(X47,X48)|c4_2(X47,X48))))))&(![X49]:(ndr1_0=>(![X50]:(ndr1_1(X49)=>(c1_2(X49,X50)|~c10_2(X49,X50)|c5_2(X49,X50)))|c8_1(X49)))|~c3_0|c9_0)&((ndr1_0&c5_1(a660)&~c10_1(a660)&~c6_1(a660))|![X51]:(ndr1_0=>((ndr1_1(X51)&~c1_2(X51,a661)&c5_2(X51,a661)&~c6_2(X51,a661))|~c8_1(X51)|(ndr1_1(X51)&~c6_2(X51,a662)&c10_2(X51,a662)&~c2_2(X51,a662)))))&((ndr1_0&c7_1(a663)&c1_1(a663)&![X52]:(ndr1_1(a663)=>(c1_2(a663,X52)|c4_2(a663,X52)|~c3_2(a663,X52))))|![X53]:(ndr1_0=>(~c10_1(X53)|![X54]:(ndr1_1(X53)=>(c1_2(X53,X54)|~c7_2(X53,X54)|~c8_2(X53,X54)))|~c9_1(X53)))|![X55]:(ndr1_0=>(~c9_1(X55)|(ndr1_1(X55)&c5_2(X55,a664)&c2_2(X55,a664)&c7_2(X55,a664)))))&(~c10_0|c3_0)&(![X56]:(ndr1_0=>(c2_1(X56)|![X57]:(ndr1_1(X56)=>(~c9_2(X56,X57)|~c10_2(X56,X57)|~c1_2(X56,X57)))|~c6_1(X56)))|~c4_0|~c3_0)&(c6_0|(ndr1_0&![X58]:(ndr1_1(a665)=>(~c1_2(a665,X58)|c7_2(a665,X58)|~c4_2(a665,X58)))&~c2_1(a665)&![X59]:(ndr1_1(a665)=>(c4_2(a665,X59)|c9_2(a665,X59))))|![X60]:(ndr1_0=>(c7_1(X60)|~c3_1(X60)|(ndr1_1(X60)&c8_2(X60,a666)&~c7_2(X60,a666)&c3_2(X60,a666)))))&(![X61]:(ndr1_0=>((ndr1_1(X61)&c1_2(X61,a667)&~c10_2(X61,a667)&c6_2(X61,a667))|![X62]:(ndr1_1(X61)=>(c8_2(X61,X62)|~c2_2(X61,X62)|c3_2(X61,X62)))|![X63]:(ndr1_1(X61)=>(c1_2(X61,X63)|~c8_2(X61,X63)|c5_2(X61,X63)))))|~c4_0|~c5_0)&((ndr1_0&![X64]:(ndr1_1(a668)=>(~c4_2(a668,X64)|c1_2(a668,X64)))&![X65]:(ndr1_1(a668)=>(c2_2(a668,X65)|~c8_2(a668,X65)|~c3_2(a668,X65)))&~c9_1(a668))|c5_0|(ndr1_0&![X66]:(ndr1_1(a669)=>(c6_2(a669,X66)|c1_2(a669,X66)))&~c2_1(a669)&![X67]:(ndr1_1(a669)=>(c4_2(a669,X67)|c5_2(a669,X67)|c3_2(a669,X67)))))&(~c7_0|~c2_0|~c1_0)&((ndr1_0&~c3_1(a670)&c9_1(a670)&c8_1(a670))|![X68]:(ndr1_0=>(~c3_1(X68)|(ndr1_1(X68)&c8_2(X68,a671)&~c1_2(X68,a671)&c2_2(X68,a671))|![X69]:(ndr1_1(X68)=>(c10_2(X68,X69)|c7_2(X68,X69)|c3_2(X68,X69)))))|~c9_0)&((ndr1_0&c7_1(a672)&~c6_1(a672)&c8_1(a672))|c10_0|~c2_0)&((ndr1_0&ndr1_1(a673)&~c4_2(a673,a674)&c3_2(a673,a674)&c9_1(a673)&![X70]:(ndr1_1(a673)=>(~c6_2(a673,X70)|~c3_2(a673,X70)|c4_2(a673,X70))))|![X71]:(ndr1_0=>(![X72]:(ndr1_1(X71)=>(c3_2(X71,X72)|c6_2(X71,X72)|~c2_2(X71,X72)))|~c3_1(X71)|~c6_1(X71)))|c9_0)&(~c9_0|~c7_0|![X73]:(ndr1_0=>((ndr1_1(X73)&c5_2(X73,a675)&~c1_2(X73,a675)&c8_2(X73,a675))|(ndr1_1(X73)&~c5_2(X73,a676)&~c9_2(X73,a676)&c8_2(X73,a676))|(ndr1_1(X73)&c5_2(X73,a677)&~c9_2(X73,a677)&c2_2(X73,a677)))))&(~c3_0|![X74]:(ndr1_0=>(~c6_1(X74)|~c2_1(X74)|c3_1(X74)))|~c10_0)&(c10_0|c9_0|c2_0)&(~c9_0|c1_0|c8_0)&(c3_0|c7_0)&(c3_0|![X75]:(ndr1_0=>((ndr1_1(X75)&~c8_2(X75,a678)&c1_2(X75,a678)&~c6_2(X75,a678))|![X76]:(ndr1_1(X75)=>(~c8_2(X75,X76)|~c2_2(X75,X76)|c1_2(X75,X76)))|c7_1(X75))))&(~c1_0|c8_0)&(c7_0|~c6_0|c10_0)&((ndr1_0&![X77]:(ndr1_1(a679)=>(c10_2(a679,X77)|c4_2(a679,X77)|~c9_2(a679,X77)))&ndr1_1(a679)&~c1_2(a679,a680)&c8_2(a679,a680)&c9_2(a679,a680)&ndr1_1(a679)&c1_2(a679,a681)&~c5_2(a679,a681)&~c9_2(a679,a681))|c8_0|~c4_0)&(c3_0|![X78]:(ndr1_0=>(~c4_1(X78)|c7_1(X78)))|![X79]:(ndr1_0=>((ndr1_1(X79)&~c10_2(X79,a682)&c3_2(X79,a682)&~c5_2(X79,a682))|(ndr1_1(X79)&c6_2(X79,a683)&~c4_2(X79,a683)&c5_2(X79,a683))|~c9_1(X79))))&(![X80]:(ndr1_0=>(~c3_1(X80)|c1_1(X80)|c4_1(X80)))|c8_0|~c9_0)&(![X81]:(ndr1_0=>((ndr1_1(X81)&c6_2(X81,a684)&c1_2(X81,a684)&c7_2(X81,a684))|(ndr1_1(X81)&c10_2(X81,a685)&c3_2(X81,a685)&~c6_2(X81,a685))|~c8_1(X81)))|c7_0|~c6_0)&((ndr1_0&ndr1_1(a686)&~c1_2(a686,a687)&c4_2(a686,a687)&~c8_2(a686,a687)&c8_1(a686)&ndr1_1(a686)&c4_2(a686,a688)&c2_2(a686,a688))|~c8_0|c1_0)&(c5_0|c8_0)&(c2_0|![X82]:(ndr1_0=>(~c10_1(X82)|~c8_1(X82)|![X83]:(ndr1_1(X82)=>(~c8_2(X82,X83)|c5_2(X82,X83)|~c3_2(X82,X83)))))|c1_0)&(![X84]:(ndr1_0=>(![X85]:(ndr1_1(X84)=>(~c9_2(X84,X85)|c6_2(X84,X85)|~c10_2(X84,X85)))|~c8_1(X84)|~c3_1(X84)))|c6_0)&((ndr1_0&~c5_1(a689)&c9_1(a689)&![X86]:(ndr1_1(a689)=>(c4_2(a689,X86)|~c10_2(a689,X86)|c1_2(a689,X86))))|c2_0|c9_0)&(![X87]:(ndr1_0=>(c2_1(X87)|c5_1(X87)|c3_1(X87)))|c4_0|(ndr1_0&ndr1_1(a690)&~c5_2(a690,a691)&~c9_2(a690,a691)&~c10_2(a690,a691)&c2_1(a690)&![X88]:(ndr1_1(a690)=>(c7_2(a690,X88)|c2_2(a690,X88)|c4_2(a690,X88)))))&((ndr1_0&ndr1_1(a692)&~c7_2(a692,a693)&c9_2(a692,a693)&c2_2(a692,a693)&ndr1_1(a692)&~c3_2(a692,a694)&~c10_2(a692,a694)&~c5_1(a692))|(ndr1_0&c5_1(a695)&~c10_1(a695)&~c8_1(a695))|c3_0)&(c3_0|(ndr1_0&![X89]:(ndr1_1(a696)=>(~c7_2(a696,X89)|c5_2(a696,X89)|~c2_2(a696,X89)))&~c1_1(a696))|(ndr1_0&~c3_1(a697)&![X90]:(ndr1_1(a697)=>(~c3_2(a697,X90)|c8_2(a697,X90)|~c6_2(a697,X90)))&c9_1(a697)))&((ndr1_0&ndr1_1(a698)&~c5_2(a698,a699)&c1_2(a698,a699)&c2_1(a698)&c9_1(a698))|~c4_0|c2_0)&(~c1_0|(ndr1_0&~c7_1(a700)&~c9_1(a700)&~c10_1(a700))|(ndr1_0&![X91]:(ndr1_1(a701)=>(~c1_2(a701,X91)|~c6_2(a701,X91)|c5_2(a701,X91)))&ndr1_1(a701)&~c2_2(a701,a702)&c10_2(a701,a702)&c6_2(a701,a702)&~c8_1(a701)))&((ndr1_0&~c10_1(a703)&c4_1(a703)&~c7_1(a703))|![X92]:(ndr1_0=>(~c7_1(X92)|c4_1(X92)|(ndr1_1(X92)&~c5_2(X92,a704)&~c3_2(X92,a704)&c9_2(X92,a704))))|![X93]:(ndr1_0=>(![X94]:(ndr1_1(X93)=>(c6_2(X93,X94)|c4_2(X93,X94)|~c8_2(X93,X94)))|c1_1(X93)|![X95]:(ndr1_1(X93)=>(c4_2(X93,X95)|~c1_2(X93,X95)|c10_2(X93,X95))))))&((ndr1_0&~c9_1(a705)&![X96]:(ndr1_1(a705)=>(~c2_2(a705,X96)|~c6_2(a705,X96)|~c7_2(a705,X96)))&~c3_1(a705))|![X97]:(ndr1_0=>((ndr1_1(X97)&~c9_2(X97,a706)&c6_2(X97,a706)&c5_2(X97,a706))|~c9_1(X97)|~c1_1(X97)))|c6_0)&(c2_0|(ndr1_0&![X98]:(ndr1_1(a707)=>(c1_2(a707,X98)|c4_2(a707,X98)|~c3_2(a707,X98)))&~c10_1(a707)&c8_1(a707))|(ndr1_0&![X99]:(ndr1_1(a708)=>(~c5_2(a708,X99)|c10_2(a708,X99)|c7_2(a708,X99)))&~c5_1(a708)))&(~c8_0|~c2_0)&((ndr1_0&c8_1(a709)&~c9_1(a709)&ndr1_1(a709)&c9_2(a709,a710)&~c8_2(a709,a710)&~c6_2(a709,a710))|![X100]:(ndr1_0=>(![X101]:(ndr1_1(X100)=>(~c2_2(X100,X101)|c1_2(X100,X101)|~c9_2(X100,X101)))|![X102]:(ndr1_1(X100)=>(c4_2(X100,X102)|~c7_2(X100,X102)|~c5_2(X100,X102)))|~c8_1(X100)))|~c1_0)&(![X103]:(ndr1_0=>(c8_1(X103)|![X104]:(ndr1_1(X103)=>(~c3_2(X103,X104)|~c5_2(X103,X104)|~c2_2(X103,X104)))|![X105]:(ndr1_1(X103)=>(~c7_2(X103,X105)|~c2_2(X103,X105)|~c10_2(X103,X105)))))|~c5_0|![X106]:(ndr1_0=>(c5_1(X106)|~c7_1(X106)|(ndr1_1(X106)&~c10_2(X106,a711)&c8_2(X106,a711)&~c2_2(X106,a711)))))&(c8_0|~c2_0|~c7_0)&(![X107]:(ndr1_0=>((ndr1_1(X107)&~c4_2(X107,a712)&c8_2(X107,a712)&~c9_2(X107,a712))|(ndr1_1(X107)&~c6_2(X107,a713)&~c10_2(X107,a713)&c9_2(X107,a713))))|~c6_0|![X108]:(ndr1_0=>(![X109]:(ndr1_1(X108)=>(c6_2(X108,X109)|~c7_2(X108,X109)|c8_2(X108,X109)))|(ndr1_1(X108)&c3_2(X108,a714)&c7_2(X108,a714)&~c5_2(X108,a714))|~c8_1(X108))))&(![X110]:(ndr1_0=>((ndr1_1(X110)&c10_2(X110,a715)&~c3_2(X110,a715))|![X111]:(ndr1_1(X110)=>(~c7_2(X110,X111)|~c3_2(X110,X111)))|(ndr1_1(X110)&c2_2(X110,a716)&c3_2(X110,a716)&c1_2(X110,a716))))|~c7_0|![X112]:(ndr1_0=>(~c1_1(X112)|![X113]:(ndr1_1(X112)=>(c7_2(X112,X113)|~c5_2(X112,X113)))|~c6_1(X112))))&(~c9_0|![X114]:(ndr1_0=>((ndr1_1(X114)&c5_2(X114,a717)&c7_2(X114,a717)&c4_2(X114,a717))|![X115]:(ndr1_1(X114)=>(~c3_2(X114,X115)|~c6_2(X114,X115)|c4_2(X114,X115)))|c3_1(X114)))|c8_0)&(![X116]:(ndr1_0=>(~c10_1(X116)|(ndr1_1(X116)&~c8_2(X116,a718)&~c7_2(X116,a718))|(ndr1_1(X116)&~c7_2(X116,a719)&~c4_2(X116,a719)&c2_2(X116,a719))))|![X117]:(ndr1_0=>((ndr1_1(X117)&c3_2(X117,a720)&~c10_2(X117,a720))|c3_1(X117)|c6_1(X117)))|(ndr1_0&c4_1(a721)&~c1_1(a721)&~c5_1(a721)))&(![X118]:(ndr1_0=>(c6_1(X118)|![X119]:(ndr1_1(X118)=>(c5_2(X118,X119)|~c2_2(X118,X119)|c4_2(X118,X119)))|(ndr1_1(X118)&~c5_2(X118,a722)&~c9_2(X118,a722)&c8_2(X118,a722))))|(ndr1_0&c10_1(a723)&c4_1(a723)&c7_1(a723))|~c2_0)&(c9_0|~c7_0|(ndr1_0&![X120]:(ndr1_1(a724)=>(c6_2(a724,X120)|~c8_2(a724,X120)|~c9_2(a724,X120)))&ndr1_1(a724)&~c6_2(a724,a725)&c4_2(a724,a725)&![X121]:(ndr1_1(a724)=>(c4_2(a724,X121)|c2_2(a724,X121)))))&(![X122]:(ndr1_0=>(c1_1(X122)|![X123]:(ndr1_1(X122)=>(~c5_2(X122,X123)|c3_2(X122,X123)|c10_2(X122,X123)))|c5_1(X122)))|c6_0|~c2_0)&(![X124]:(ndr1_0=>(![X125]:(ndr1_1(X124)=>(~c9_2(X124,X125)|c1_2(X124,X125)|c10_2(X124,X125)))|c3_1(X124)|(ndr1_1(X124)&~c4_2(X124,a726)&~c3_2(X124,a726))))|![X126]:(ndr1_0=>(~c7_1(X126)|(ndr1_1(X126)&~c7_2(X126,a727)&c9_2(X126,a727)&~c6_2(X126,a727))|~c4_1(X126)))|![X127]:(ndr1_0=>(![X128]:(ndr1_1(X127)=>(~c8_2(X127,X128)|~c4_2(X127,X128)|c3_2(X127,X128)))|~c4_1(X127)|~c10_1(X127))))&(~c7_0|(ndr1_0&c6_1(a728)&c1_1(a728))|(ndr1_0&~c9_1(a729)&ndr1_1(a729)&~c9_2(a729,a730)&c7_2(a729,a730)&c8_2(a729,a730)&c3_1(a729)))&(![X129]:(ndr1_0=>((ndr1_1(X129)&c3_2(X129,a731)&c9_2(X129,a731))|(ndr1_1(X129)&~c3_2(X129,a732)&c4_2(X129,a732))|~c9_1(X129)))|(ndr1_0&~c4_1(a733)&![X130]:(ndr1_1(a733)=>~c2_2(a733,X130))&![X131]:(ndr1_1(a733)=>(~c4_2(a733,X131)|c7_2(a733,X131)|~c6_2(a733,X131))))|~c10_0)&((ndr1_0&~c10_1(a734)&ndr1_1(a734)&~c7_2(a734,a735)&c10_2(a734,a735)&c6_2(a734,a735)&ndr1_1(a734)&~c3_2(a734,a736)&c2_2(a734,a736)&c1_2(a734,a736))|~c7_0|(ndr1_0&ndr1_1(a737)&c9_2(a737,a738)&~c4_2(a737,a738)&c1_2(a737,a738)&c9_1(a737)&~c4_1(a737)))&((ndr1_0&~c2_1(a739)&~c5_1(a739)&~c7_1(a739))|(ndr1_0&![X132]:(ndr1_1(a740)=>(~c10_2(a740,X132)|c6_2(a740,X132)))&~c9_1(a740)&c4_1(a740))|c10_0)&(~c10_0|c9_0|![X133]:(ndr1_0=>(![X134]:(ndr1_1(X133)=>(~c9_2(X133,X134)|c6_2(X133,X134)|c8_2(X133,X134)))|![X135]:(ndr1_1(X133)=>(c5_2(X133,X135)|~c4_2(X133,X135)|~c8_2(X133,X135)))|~c4_1(X133))))&((ndr1_0&ndr1_1(a741)&c10_2(a741,a742)&~c4_2(a741,a742)&~c1_2(a741,a742)&~c5_1(a741))|![X136]:(ndr1_0=>(![X137]:(ndr1_1(X136)=>(c6_2(X136,X137)|~c1_2(X136,X137)|~c3_2(X136,X137)))|(ndr1_1(X136)&~c9_2(X136,a743)&~c10_2(X136,a743))|(ndr1_1(X136)&c9_2(X136,a744)&c6_2(X136,a744)&c8_2(X136,a744)))))&(~c7_0|(ndr1_0&c2_1(a745)&ndr1_1(a745)&c4_2(a745,a746)&c10_2(a745,a746)&~c1_2(a745,a746)&![X138]:(ndr1_1(a745)=>(c9_2(a745,X138)|~c3_2(a745,X138)|~c1_2(a745,X138))))|c8_0)&(c6_0|![X139]:(ndr1_0=>((ndr1_1(X139)&c5_2(X139,a747)&~c1_2(X139,a747)&c9_2(X139,a747))|![X140]:(ndr1_1(X139)=>(~c1_2(X139,X140)|c3_2(X139,X140)|c5_2(X139,X140)))|~c2_1(X139))))&(![X141]:(ndr1_0=>((ndr1_1(X141)&~c4_2(X141,a748)&c1_2(X141,a748)&c10_2(X141,a748))|c8_1(X141)|![X142]:(ndr1_1(X141)=>(c3_2(X141,X142)|c5_2(X141,X142)|c10_2(X141,X142)))))|~c4_0|![X143]:(ndr1_0=>((ndr1_1(X143)&~c5_2(X143,a749)&c7_2(X143,a749)&c6_2(X143,a749))|(ndr1_1(X143)&c2_2(X143,a750)&~c8_2(X143,a750)&~c10_2(X143,a750))|![X144]:(ndr1_1(X143)=>(~c2_2(X143,X144)|c9_2(X143,X144)|~c4_2(X143,X144))))))&(![X145]:(ndr1_0=>(c9_1(X145)|~c2_1(X145)))|~c10_0|~c1_0)&(c4_0|c2_0|c6_0)&(![X146]:(ndr1_0=>(c7_1(X146)|![X147]:(ndr1_1(X146)=>(~c6_2(X146,X147)|c9_2(X146,X147)|~c8_2(X146,X147)))|(ndr1_1(X146)&c3_2(X146,a751)&c2_2(X146,a751))))|![X148]:(ndr1_0=>(c10_1(X148)|(ndr1_1(X148)&~c4_2(X148,a752)&~c7_2(X148,a752))|c3_1(X148)))|(ndr1_0&~c9_1(a753)&ndr1_1(a753)&~c1_2(a753,a754)&~c4_2(a753,a754)&c10_2(a753,a754)&![X149]:(ndr1_1(a753)=>(~c4_2(a753,X149)|~c3_2(a753,X149)))))&(![X150]:(ndr1_0=>(![X151]:(ndr1_1(X150)=>(~c10_2(X150,X151)|c1_2(X150,X151)|c3_2(X150,X151)))|c10_1(X150)|~c5_1(X150)))|~c10_0|(ndr1_0&~c7_1(a755)&~c6_1(a755)&![X152]:(ndr1_1(a755)=>(c6_2(a755,X152)|~c8_2(a755,X152)|~c7_2(a755,X152)))))&((ndr1_0&c6_1(a756)&![X153]:(ndr1_1(a756)=>(~c4_2(a756,X153)|c10_2(a756,X153)|c8_2(a756,X153))))|c7_0)&((ndr1_0&c5_1(a757)&c10_1(a757)&~c1_1(a757))|c1_0|(ndr1_0&c1_1(a758)&c8_1(a758)&c4_1(a758)))&(~c1_0|c7_0|(ndr1_0&![X154]:(ndr1_1(a759)=>(~c6_2(a759,X154)|c7_2(a759,X154)|c8_2(a759,X154)))&ndr1_1(a759)&~c1_2(a759,a760)&c2_2(a759,a760)&~c5_2(a759,a760)&~c8_1(a759)))))			
../../TPTP-v7.3.0/Problems/SYN/SYN891-1.p		Unsatisfiable	UNKNOWN		UNKNOWN		cnf					
../../TPTP-v7.3.0/Problems/SYN/SYN608-1.p		Unsatisfiable	UNKNOWN		UNKNOWN		cnf					
../../TPTP-v7.3.0/Problems/SYN/SYN253-1.p		Unsatisfiable	UNKNOWN		UNKNOWN		cnf					
../../TPTP-v7.3.0/Problems/SYN/SYN645-1.p		Unsatisfiable	UNKNOWN		UNKNOWN		cnf					
../../TPTP-v7.3.0/Problems/SYN/SYN235-1.p		Unsatisfiable	UNKNOWN		UNKNOWN		cnf					
../../TPTP-v7.3.0/Problems/SYN/SYN300-1.p		Unsatisfiable	UNKNOWN		UNKNOWN		cnf					
../../TPTP-v7.3.0/Problems/SYN/SYN419-1.p		Satisfiable	UNKNOWN		UNKNOWN		cnf					
../../TPTP-v7.3.0/Problems/SYN/SYN424+1.p		CounterSatisfiable	UNKNOWN		UNKNOWN		fof		(~(((ndr1_0&ndr1_1(a960)&~c10_2(a960,a961)&~c1_2(a960,a961)&~c5_2(a960,a961)&~c6_1(a960))|(ndr1_0&![U]:(ndr1_1(a962)=>(~c7_2(a962,U)|~c5_2(a962,U)|c8_2(a962,U)))&![V]:(ndr1_1(a962)=>(~c7_2(a962,V)|c1_2(a962,V)|~c3_2(a962,V)))&![W]:(ndr1_1(a962)=>(c7_2(a962,W)|c9_2(a962,W)|c10_2(a962,W))))|~c5_0)&((ndr1_0&~c6_1(a963)&![X]:(ndr1_1(a963)=>(c9_2(a963,X)|c10_2(a963,X)|c3_2(a963,X)))&ndr1_1(a963)&c1_2(a963,a964)&c4_2(a963,a964)&~c5_2(a963,a964))|~c2_0)&(~c3_0|![Y]:(ndr1_0=>(![Z]:(ndr1_1(Y)=>(~c4_2(Y,Z)|~c2_2(Y,Z)|c6_2(Y,Z)))|![X1]:(ndr1_1(Y)=>(c10_2(Y,X1)|~c6_2(Y,X1)))|(ndr1_1(Y)&~c4_2(Y,a965)&c10_2(Y,a965)&~c1_2(Y,a965))))|~c9_0)&((ndr1_0&~c9_1(a966)&~c4_1(a966)&c6_1(a966))|c7_0|(ndr1_0&~c3_1(a967)&c4_1(a967)&ndr1_1(a967)&c1_2(a967,a968)&~c8_2(a967,a968)&c6_2(a967,a968)))&(~c6_0|c3_0|![X2]:(ndr1_0=>(c9_1(X2)|~c3_1(X2)|(ndr1_1(X2)&~c5_2(X2,a969)&c8_2(X2,a969)&c10_2(X2,a969)))))&((ndr1_0&![X3]:(ndr1_1(a970)=>(c10_2(a970,X3)|~c1_2(a970,X3)|c5_2(a970,X3)))&c5_1(a970)&~c2_1(a970))|(ndr1_0&~c9_1(a971)&![X4]:(ndr1_1(a971)=>(c8_2(a971,X4)|c1_2(a971,X4)|~c7_2(a971,X4)))&~c4_1(a971))|![X5]:(ndr1_0=>(c9_1(X5)|![X6]:(ndr1_1(X5)=>(c6_2(X5,X6)|~c5_2(X5,X6)|~c4_2(X5,X6))))))&(~c5_0|(ndr1_0&c7_1(a972)&![X7]:(ndr1_1(a972)=>(c7_2(a972,X7)|c8_2(a972,X7)|~c4_2(a972,X7))))|(ndr1_0&~c1_1(a973)&![X8]:(ndr1_1(a973)=>(~c7_2(a973,X8)|~c1_2(a973,X8)))&c9_1(a973)))&(~c8_0|![X9]:(ndr1_0=>(c6_1(X9)|c1_1(X9)|(ndr1_1(X9)&~c9_2(X9,a974)&~c4_2(X9,a974)&c1_2(X9,a974))))|![X10]:(ndr1_0=>((ndr1_1(X10)&~c9_2(X10,a975)&c8_2(X10,a975)&~c7_2(X10,a975))|~c1_1(X10)|c6_1(X10))))&(~c3_0|![X11]:(ndr1_0=>((ndr1_1(X11)&~c1_2(X11,a976)&c8_2(X11,a976)&~c6_2(X11,a976))|c2_1(X11)|c7_1(X11)))|(ndr1_0&c9_1(a977)&~c1_1(a977)&![X12]:(ndr1_1(a977)=>(c5_2(a977,X12)|~c1_2(a977,X12)|~c9_2(a977,X12)))))&(c1_0|(ndr1_0&~c3_1(a978)&c8_1(a978)&![X13]:(ndr1_1(a978)=>(~c6_2(a978,X13)|c4_2(a978,X13))))|c6_0)&(c6_0|![X14]:(ndr1_0=>(c2_1(X14)|~c3_1(X14)|(ndr1_1(X14)&~c5_2(X14,a979)&c7_2(X14,a979)&~c2_2(X14,a979))))|~c4_0)&(~c5_0|(ndr1_0&ndr1_1(a980)&c6_2(a980,a981)&~c4_2(a980,a981)&c5_2(a980,a981)&~c7_1(a980)&![X15]:(ndr1_1(a980)=>(c1_2(a980,X15)|c3_2(a980,X15)))))&(![X16]:(ndr1_0=>(![X17]:(ndr1_1(X16)=>(c2_2(X16,X17)|c5_2(X16,X17)))|(ndr1_1(X16)&~c6_2(X16,a982)&~c10_2(X16,a982)&c2_2(X16,a982))|~c1_1(X16)))|c3_0|~c8_0)&(![X18]:(ndr1_0=>(~c2_1(X18)|c1_1(X18)|(ndr1_1(X18)&~c2_2(X18,a983)&~c4_2(X18,a983)&c10_2(X18,a983))))|~c5_0|c9_0)&(c4_0|c8_0|c5_0)&(![X19]:(ndr1_0=>(c3_1(X19)|(ndr1_1(X19)&c10_2(X19,a984)&c6_2(X19,a984)&~c7_2(X19,a984))|c6_1(X19)))|![X20]:(ndr1_0=>(~c6_1(X20)|![X21]:(ndr1_1(X20)=>(c2_2(X20,X21)|~c5_2(X20,X21)|c6_2(X20,X21))))))&(~c10_0|![X22]:(ndr1_0=>(c5_1(X22)|![X23]:(ndr1_1(X22)=>(c10_2(X22,X23)|c7_2(X22,X23)|~c8_2(X22,X23)))|c9_1(X22)))|![X24]:(ndr1_0=>(![X25]:(ndr1_1(X24)=>(~c4_2(X24,X25)|c10_2(X24,X25)|c3_2(X24,X25)))|(ndr1_1(X24)&c5_2(X24,a985)&~c3_2(X24,a985)&c4_2(X24,a985))|c10_1(X24))))&(c5_0|~c8_0)&(~c10_0|(ndr1_0&ndr1_1(a986)&~c1_2(a986,a987)&~c9_2(a986,a987)&c3_2(a986,a987)&~c5_1(a986)&~c2_1(a986))|~c5_0)&(![X26]:(ndr1_0=>((ndr1_1(X26)&~c5_2(X26,a988)&c10_2(X26,a988)&c1_2(X26,a988))|(ndr1_1(X26)&~c6_2(X26,a989)&~c8_2(X26,a989)&c9_2(X26,a989))|~c6_1(X26)))|c3_0|c5_0)&(![X27]:(ndr1_0=>(![X28]:(ndr1_1(X27)=>(~c7_2(X27,X28)|c3_2(X27,X28)|~c2_2(X27,X28)))|~c1_1(X27)|(ndr1_1(X27)&~c8_2(X27,a990)&~c7_2(X27,a990)&~c10_2(X27,a990))))|~c2_0|![X29]:(ndr1_0=>(![X30]:(ndr1_1(X29)=>(~c1_2(X29,X30)|~c8_2(X29,X30)|c3_2(X29,X30)))|![X31]:(ndr1_1(X29)=>(c3_2(X29,X31)|c7_2(X29,X31)|c1_2(X29,X31)))|~c8_1(X29))))&(![X32]:(ndr1_0=>(~c10_1(X32)|~c3_1(X32)|![X33]:(ndr1_1(X32)=>(c6_2(X32,X33)|c1_2(X32,X33)|c10_2(X32,X33)))))|~c4_0|c9_0)&(c3_0|![X34]:(ndr1_0=>(![X35]:(ndr1_1(X34)=>(~c8_2(X34,X35)|~c7_2(X34,X35)|c2_2(X34,X35)))|~c9_1(X34)|c3_1(X34)))|~c1_0)&(c9_0|![X36]:(ndr1_0=>(![X37]:(ndr1_1(X36)=>(~c7_2(X36,X37)|~c6_2(X36,X37)|c5_2(X36,X37)))|c5_1(X36)|c4_1(X36)))|![X38]:(ndr1_0=>(~c9_1(X38)|c2_1(X38)|c6_1(X38))))&(~c3_0|c7_0)&(![X39]:(ndr1_0=>(~c6_1(X39)|![X40]:(ndr1_1(X39)=>(~c7_2(X39,X40)|~c3_2(X39,X40)|~c5_2(X39,X40)))|~c7_1(X39)))|~c8_0|![X41]:(ndr1_0=>(![X42]:(ndr1_1(X41)=>(c10_2(X41,X42)|c9_2(X41,X42)))|~c8_1(X41)|![X43]:(ndr1_1(X41)=>(c2_2(X41,X43)|~c7_2(X41,X43)|c4_2(X41,X43))))))&((ndr1_0&~c3_1(a991)&~c1_1(a991)&~c7_1(a991))|(ndr1_0&![X44]:(ndr1_1(a992)=>(c9_2(a992,X44)|c6_2(a992,X44)|c4_2(a992,X44)))&ndr1_1(a992)&c6_2(a992,a993)&~c7_2(a992,a993)&~c9_2(a992,a993)&ndr1_1(a992)&c7_2(a992,a994)&~c8_2(a992,a994))|(ndr1_0&![X45]:(ndr1_1(a995)=>(c1_2(a995,X45)|~c9_2(a995,X45)))&![X46]:(ndr1_1(a995)=>(~c9_2(a995,X46)|~c7_2(a995,X46)|~c8_2(a995,X46)))))&(![X47]:(ndr1_0=>((ndr1_1(X47)&c6_2(X47,a996)&c3_2(X47,a996))|![X48]:(ndr1_1(X47)=>(c6_2(X47,X48)|~c1_2(X47,X48)|c7_2(X47,X48)))|![X49]:(ndr1_1(X47)=>(c4_2(X47,X49)|c1_2(X47,X49)|~c9_2(X47,X49)))))|~c8_0|~c5_0)&(![X50]:(ndr1_0=>(c4_1(X50)|~c2_1(X50)|~c7_1(X50)))|(ndr1_0&![X51]:(ndr1_1(a997)=>(~c3_2(a997,X51)|c4_2(a997,X51)|c6_2(a997,X51)))&c5_1(a997)&ndr1_1(a997)&c3_2(a997,a998)&~c5_2(a997,a998)&c9_2(a997,a998))|![X52]:(ndr1_0=>((ndr1_1(X52)&~c2_2(X52,a999)&c3_2(X52,a999))|~c9_1(X52)|![X53]:(ndr1_1(X52)=>(c6_2(X52,X53)|~c5_2(X52,X53)|~c3_2(X52,X53))))))&(![X54]:(ndr1_0=>((ndr1_1(X54)&~c6_2(X54,a1000)&~c2_2(X54,a1000))|![X55]:(ndr1_1(X54)=>(c10_2(X54,X55)|~c6_2(X54,X55)|~c7_2(X54,X55)))|c4_1(X54)))|~c10_0|![X56]:(ndr1_0=>(![X57]:(ndr1_1(X56)=>(c9_2(X56,X57)|c10_2(X56,X57)|~c6_2(X56,X57)))|(ndr1_1(X56)&c8_2(X56,a1001)&c4_2(X56,a1001)&c10_2(X56,a1001))|~c8_1(X56))))&(c3_0|![X58]:(ndr1_0=>((ndr1_1(X58)&c1_2(X58,a1002)&~c5_2(X58,a1002)&c7_2(X58,a1002))|~c2_1(X58)|~c6_1(X58)))|![X59]:(ndr1_0=>(~c1_1(X59)|c3_1(X59))))&((ndr1_0&c2_1(a1003)&ndr1_1(a1003)&~c6_2(a1003,a1004)&c1_2(a1003,a1004)&~c1_1(a1003))|(ndr1_0&~c1_1(a1005)&c6_1(a1005)&ndr1_1(a1005)&c2_2(a1005,a1006)&c5_2(a1005,a1006))|(ndr1_0&c10_1(a1007)))&(~c3_0|c4_0|~c8_0)&(~c7_0|(ndr1_0&ndr1_1(a1008)&c3_2(a1008,a1009)&c8_2(a1008,a1009)&ndr1_1(a1008)&~c1_2(a1008,a1010)&~c6_2(a1008,a1010)&~c2_2(a1008,a1010)&![X60]:(ndr1_1(a1008)=>(c7_2(a1008,X60)|~c4_2(a1008,X60)|c10_2(a1008,X60))))|~c1_0)&(c2_0|c7_0|c8_0)&(![X61]:(ndr1_0=>(![X62]:(ndr1_1(X61)=>(c9_2(X61,X62)|c1_2(X61,X62)|c4_2(X61,X62)))|![X63]:(ndr1_1(X61)=>(c6_2(X61,X63)|~c8_2(X61,X63)|c2_2(X61,X63)))|~c5_1(X61)))|c1_0|~c5_0)&(![X64]:(ndr1_0=>(~c5_1(X64)|![X65]:(ndr1_1(X64)=>(~c4_2(X64,X65)|c9_2(X64,X65)|c6_2(X64,X65)))|~c2_1(X64)))|![X66]:(ndr1_0=>(![X67]:(ndr1_1(X66)=>(c8_2(X66,X67)|c1_2(X66,X67)|c4_2(X66,X67)))|~c5_1(X66)|~c3_1(X66)))|c10_0)&(![X68]:(ndr1_0=>((ndr1_1(X68)&~c1_2(X68,a1011)&c3_2(X68,a1011)&~c7_2(X68,a1011))|(ndr1_1(X68)&c6_2(X68,a1012)&c7_2(X68,a1012)&~c2_2(X68,a1012))|c4_1(X68)))|(ndr1_0&~c5_1(a1013)&c6_1(a1013)&ndr1_1(a1013)&c8_2(a1013,a1014)&~c1_2(a1013,a1014))|(ndr1_0&ndr1_1(a1015)&c3_2(a1015,a1016)&~c7_2(a1015,a1016)&ndr1_1(a1015)&c9_2(a1015,a1017)&c3_2(a1015,a1017)&~c1_2(a1015,a1017)))&((ndr1_0&ndr1_1(a1018)&~c7_2(a1018,a1019)&~c3_2(a1018,a1019)&~c10_2(a1018,a1019)&~c10_1(a1018)&c3_1(a1018))|~c7_0|(ndr1_0&c3_1(a1020)&![X69]:(ndr1_1(a1020)=>(~c2_2(a1020,X69)|~c1_2(a1020,X69)))&c9_1(a1020)))&(~c7_0|~c9_0|![X70]:(ndr1_0=>(c8_1(X70)|(ndr1_1(X70)&~c9_2(X70,a1021)&~c1_2(X70,a1021)&c5_2(X70,a1021))|~c10_1(X70))))&(~c8_0|~c5_0|c3_0)&((ndr1_0&~c9_1(a1022)&![X71]:(ndr1_1(a1022)=>(c10_2(a1022,X71)|~c2_2(a1022,X71)|c8_2(a1022,X71)))&ndr1_1(a1022)&~c3_2(a1022,a1023)&~c8_2(a1022,a1023)&~c4_2(a1022,a1023))|c2_0|(ndr1_0&~c8_1(a1024)&~c4_1(a1024)&![X72]:(ndr1_1(a1024)=>(c3_2(a1024,X72)|~c7_2(a1024,X72)|c4_2(a1024,X72)))))&(c3_0|c8_0|c1_0)&(![X73]:(ndr1_0=>(c2_1(X73)|~c5_1(X73)|(ndr1_1(X73)&c4_2(X73,a1025)&c9_2(X73,a1025)&~c5_2(X73,a1025))))|~c10_0)&(c10_0|(ndr1_0&ndr1_1(a1026)&~c5_2(a1026,a1027)&~c4_2(a1026,a1027)&~c3_2(a1026,a1027)&![X74]:(ndr1_1(a1026)=>(~c6_2(a1026,X74)|c3_2(a1026,X74)|c5_2(a1026,X74)))&c5_1(a1026))|![X75]:(ndr1_0=>(c5_1(X75)|c8_1(X75)|![X76]:(ndr1_1(X75)=>(c10_2(X75,X76)|~c4_2(X75,X76)|c6_2(X75,X76))))))&(c6_0|(ndr1_0&ndr1_1(a1028)&~c9_2(a1028,a1029)&~c8_2(a1028,a1029)&~c4_2(a1028,a1029)&![X77]:(ndr1_1(a1028)=>(c9_2(a1028,X77)|~c3_2(a1028,X77)|c5_2(a1028,X77)))&ndr1_1(a1028)&~c9_2(a1028,a1030)&c4_2(a1028,a1030)&~c8_2(a1028,a1030))|(ndr1_0&ndr1_1(a1031)&c6_2(a1031,a1032)&~c8_2(a1031,a1032)&~c7_2(a1031,a1032)&![X78]:(ndr1_1(a1031)=>(~c6_2(a1031,X78)|~c2_2(a1031,X78)|c4_2(a1031,X78)))))&(c9_0|(ndr1_0&![X79]:(ndr1_1(a1033)=>(~c4_2(a1033,X79)|c7_2(a1033,X79)|c2_2(a1033,X79)))&~c7_1(a1033)&ndr1_1(a1033)&c10_2(a1033,a1034)&c5_2(a1033,a1034)&c8_2(a1033,a1034))|c4_0)&((ndr1_0&ndr1_1(a1035)&c2_2(a1035,a1036)&c8_2(a1035,a1036)&~c9_2(a1035,a1036)&ndr1_1(a1035)&c3_2(a1035,a1037)&c4_2(a1035,a1037)&~c7_2(a1035,a1037)&ndr1_1(a1035)&~c9_2(a1035,a1038)&~c1_2(a1035,a1038)&~c10_2(a1035,a1038))|c8_0|![X80]:(ndr1_0=>(![X81]:(ndr1_1(X80)=>(~c5_2(X80,X81)|c4_2(X80,X81)|~c8_2(X80,X81)))|(ndr1_1(X80)&~c5_2(X80,a1039)&~c8_2(X80,a1039)&c6_2(X80,a1039))|c1_1(X80))))&(c10_0|~c8_0)&((ndr1_0&![X82]:(ndr1_1(a1040)=>(~c7_2(a1040,X82)|c4_2(a1040,X82)|c8_2(a1040,X82)))&c3_1(a1040))|![X83]:(ndr1_0=>(~c1_1(X83)|~c7_1(X83)|c10_1(X83)))|(ndr1_0&![X84]:(ndr1_1(a1041)=>(~c8_2(a1041,X84)|~c1_2(a1041,X84)|c5_2(a1041,X84)))&~c3_1(a1041)))&((ndr1_0&![X85]:(ndr1_1(a1042)=>(~c7_2(a1042,X85)|~c10_2(a1042,X85)|c3_2(a1042,X85)))&![X86]:(ndr1_1(a1042)=>(c4_2(a1042,X86)|~c3_2(a1042,X86)|c6_2(a1042,X86)))&~c9_1(a1042))|c7_0|~c1_0)&(![X87]:(ndr1_0=>(c2_1(X87)|![X88]:(ndr1_1(X87)=>(c5_2(X87,X88)|~c4_2(X87,X88)))|c5_1(X87)))|~c6_0|(ndr1_0&ndr1_1(a1043)&c4_2(a1043,a1044)&~c6_2(a1043,a1044)&~c1_2(a1043,a1044)&c8_1(a1043)&c5_1(a1043)))&(![X89]:(ndr1_0=>(![X90]:(ndr1_1(X89)=>(~c8_2(X89,X90)|~c2_2(X89,X90)))|c10_1(X89)|(ndr1_1(X89)&c8_2(X89,a1045)&c4_2(X89,a1045)&~c2_2(X89,a1045))))|c8_0|(ndr1_0&![X91]:(ndr1_1(a1046)=>(~c3_2(a1046,X91)|~c8_2(a1046,X91)|c10_2(a1046,X91)))&~c9_1(a1046)))&((ndr1_0&c7_1(a1047)&~c1_1(a1047)&ndr1_1(a1047)&c6_2(a1047,a1048)&~c3_2(a1047,a1048)&c9_2(a1047,a1048))|![X92]:(ndr1_0=>(![X93]:(ndr1_1(X92)=>(~c7_2(X92,X93)|c4_2(X92,X93)|c3_2(X92,X93)))|(ndr1_1(X92)&~c10_2(X92,a1049)&~c9_2(X92,a1049)&c8_2(X92,a1049))|c8_1(X92)))|(ndr1_0&![X94]:(ndr1_1(a1050)=>(~c8_2(a1050,X94)|c10_2(a1050,X94)|~c4_2(a1050,X94)))&![X95]:(ndr1_1(a1050)=>(c4_2(a1050,X95)|~c9_2(a1050,X95)|c8_2(a1050,X95)))&c5_1(a1050)))&(~c8_0|(ndr1_0&ndr1_1(a1051)&~c8_2(a1051,a1052)&~c2_2(a1051,a1052)&~c9_2(a1051,a1052)&~c4_1(a1051)&c7_1(a1051))|c10_0)&((ndr1_0&![X96]:(ndr1_1(a1053)=>(c8_2(a1053,X96)|c2_2(a1053,X96)|~c3_2(a1053,X96)))&c1_1(a1053)&ndr1_1(a1053)&c10_2(a1053,a1054)&c3_2(a1053,a1054)&~c2_2(a1053,a1054))|c7_0|![X97]:(ndr1_0=>(c5_1(X97)|c1_1(X97)|![X98]:(ndr1_1(X97)=>(~c1_2(X97,X98)|~c3_2(X97,X98))))))&(c6_0|~c8_0|(ndr1_0&![X99]:(ndr1_1(a1055)=>(~c4_2(a1055,X99)|~c6_2(a1055,X99)|~c8_2(a1055,X99)))&ndr1_1(a1055)&c4_2(a1055,a1056)&c10_2(a1055,a1056)&c5_2(a1055,a1056)&ndr1_1(a1055)&~c2_2(a1055,a1057)&c3_2(a1055,a1057)&~c9_2(a1055,a1057)))&((ndr1_0&~c1_1(a1058)&~c10_1(a1058)&~c5_1(a1058))|(ndr1_0&![X100]:(ndr1_1(a1059)=>(~c2_2(a1059,X100)|c1_2(a1059,X100)|c8_2(a1059,X100)))&ndr1_1(a1059)&c4_2(a1059,a1060)&~c9_2(a1059,a1060)&~c5_2(a1059,a1060)&~c9_1(a1059))|(ndr1_0&c1_1(a1061)&~c9_1(a1061)&c8_1(a1061)))&(~c4_0|(ndr1_0&c10_1(a1062)&~c5_1(a1062))|![X101]:(ndr1_0=>(![X102]:(ndr1_1(X101)=>(c1_2(X101,X102)|c6_2(X101,X102)|c9_2(X101,X102)))|(ndr1_1(X101)&c6_2(X101,a1063)&~c9_2(X101,a1063)&~c5_2(X101,a1063)))))&((ndr1_0&![X103]:(ndr1_1(a1064)=>(c1_2(a1064,X103)|c8_2(a1064,X103)|c3_2(a1064,X103)))&ndr1_1(a1064)&c8_2(a1064,a1065)&~c1_2(a1064,a1065)&~c2_2(a1064,a1065)&![X104]:(ndr1_1(a1064)=>(c10_2(a1064,X104)|~c6_2(a1064,X104)|~c7_2(a1064,X104))))|![X105]:(ndr1_0=>(c7_1(X105)|![X106]:(ndr1_1(X105)=>(c10_2(X105,X106)|~c6_2(X105,X106)|~c8_2(X105,X106)))|~c9_1(X105)))|~c10_0)&(~c4_0|c3_0|~c5_0)&((ndr1_0&c7_1(a1066)&~c8_1(a1066)&ndr1_1(a1066)&c6_2(a1066,a1067)&c1_2(a1066,a1067)&~c4_2(a1066,a1067))|(ndr1_0&~c3_1(a1068)&ndr1_1(a1068)&~c2_2(a1068,a1069)&~c5_2(a1068,a1069)&ndr1_1(a1068)&c8_2(a1068,a1070)&~c2_2(a1068,a1070)&c1_2(a1068,a1070))|~c6_0)&(![X107]:(ndr1_0=>(~c1_1(X107)|![X108]:(ndr1_1(X107)=>(~c3_2(X107,X108)|~c5_2(X107,X108)|c7_2(X107,X108)))|(ndr1_1(X107)&~c6_2(X107,a1071)&c9_2(X107,a1071)&~c7_2(X107,a1071))))|c1_0|(ndr1_0&c9_1(a1072)&~c5_1(a1072)&c2_1(a1072)))&(![X109]:(ndr1_0=>(~c4_1(X109)|![X110]:(ndr1_1(X109)=>(c9_2(X109,X110)|c10_2(X109,X110)|~c1_2(X109,X110)))|(ndr1_1(X109)&c3_2(X109,a1073)&c10_2(X109,a1073))))|c3_0|![X111]:(ndr1_0=>(c10_1(X111)|![X112]:(ndr1_1(X111)=>(~c1_2(X111,X112)|~c5_2(X111,X112)|c2_2(X111,X112)))|c3_1(X111))))&(c4_0|(ndr1_0&c7_1(a1074)&![X113]:(ndr1_1(a1074)=>(c5_2(a1074,X113)|c8_2(a1074,X113)))&ndr1_1(a1074)&~c4_2(a1074,a1075)&~c3_2(a1074,a1075)&~c6_2(a1074,a1075))|c7_0)&(![X114]:(ndr1_0=>(~c2_1(X114)|(ndr1_1(X114)&~c9_2(X114,a1076)&~c6_2(X114,a1076)&c8_2(X114,a1076))|(ndr1_1(X114)&~c6_2(X114,a1077)&c4_2(X114,a1077)&~c5_2(X114,a1077))))|(ndr1_0&~c10_1(a1078)&![X115]:(ndr1_1(a1078)=>(c1_2(a1078,X115)|c10_2(a1078,X115)|~c6_2(a1078,X115)))&![X116]:(ndr1_1(a1078)=>(~c6_2(a1078,X116)|~c10_2(a1078,X116)|c2_2(a1078,X116)))))&(c5_0|![X117]:(ndr1_0=>(![X118]:(ndr1_1(X117)=>(c10_2(X117,X118)|~c6_2(X117,X118)|c3_2(X117,X118)))|c4_1(X117)|c7_1(X117)))|~c3_0)&(![X119]:(ndr1_0=>(![X120]:(ndr1_1(X119)=>(c9_2(X119,X120)|c5_2(X119,X120)|~c8_2(X119,X120)))|c4_1(X119)|![X121]:(ndr1_1(X119)=>(c10_2(X119,X121)|~c2_2(X119,X121)|~c9_2(X119,X121)))))|(ndr1_0&c1_1(a1079)&~c9_1(a1079)&~c8_1(a1079))|(ndr1_0&![X122]:(ndr1_1(a1080)=>(~c1_2(a1080,X122)|c10_2(a1080,X122)|~c9_2(a1080,X122)))&c3_1(a1080)&![X123]:(ndr1_1(a1080)=>(~c6_2(a1080,X123)|~c7_2(a1080,X123)|~c9_2(a1080,X123)))))&((ndr1_0&ndr1_1(a1081)&c8_2(a1081,a1082)&~c9_2(a1081,a1082)&~c1_2(a1081,a1082)&ndr1_1(a1081)&c7_2(a1081,a1083)&~c6_2(a1081,a1083)&c3_2(a1081,a1083)&![X124]:(ndr1_1(a1081)=>(c6_2(a1081,X124)|c1_2(a1081,X124)|~c3_2(a1081,X124))))|~c8_0|~c5_0)&(![X125]:(ndr1_0=>((ndr1_1(X125)&~c2_2(X125,a1084)&~c9_2(X125,a1084)&~c5_2(X125,a1084))|~c2_1(X125)|![X126]:(ndr1_1(X125)=>(~c1_2(X125,X126)|c6_2(X125,X126)))))|![X127]:(ndr1_0=>((ndr1_1(X127)&c3_2(X127,a1085)&~c2_2(X127,a1085)&~c9_2(X127,a1085))|c6_1(X127)|(ndr1_1(X127)&~c2_2(X127,a1086)&c9_2(X127,a1086)&c4_2(X127,a1086))))|~c7_0)&(~c2_0|(ndr1_0&![X128]:(ndr1_1(a1087)=>(c6_2(a1087,X128)|~c8_2(a1087,X128)|~c3_2(a1087,X128)))&ndr1_1(a1087)&~c5_2(a1087,a1088)&~c4_2(a1087,a1088)&~c10_2(a1087,a1088)&![X129]:(ndr1_1(a1087)=>(c9_2(a1087,X129)|c5_2(a1087,X129)|c6_2(a1087,X129)))))&((ndr1_0&ndr1_1(a1089)&c10_2(a1089,a1090)&c9_2(a1089,a1090)&c7_2(a1089,a1090)&ndr1_1(a1089)&c1_2(a1089,a1091)&~c7_2(a1089,a1091)&c5_1(a1089))|![X130]:(ndr1_0=>(~c2_1(X130)|c7_1(X130)|c10_1(X130)))|(ndr1_0&ndr1_1(a1092)&~c4_2(a1092,a1093)&~c10_2(a1092,a1093)&~c7_2(a1092,a1093)&ndr1_1(a1092)&c10_2(a1092,a1094)&~c5_2(a1092,a1094)&~c3_2(a1092,a1094)&~c10_1(a1092)))&(c6_0|(ndr1_0&![X131]:(ndr1_1(a1095)=>(~c9_2(a1095,X131)|~c5_2(a1095,X131)|c2_2(a1095,X131)))&~c9_1(a1095)&![X132]:(ndr1_1(a1095)=>(c8_2(a1095,X132)|c2_2(a1095,X132)|~c9_2(a1095,X132))))|c5_0)&(~c4_0|c2_0|![X133]:(ndr1_0=>(![X134]:(ndr1_1(X133)=>(~c3_2(X133,X134)|~c7_2(X133,X134)))|~c6_1(X133)|(ndr1_1(X133)&~c4_2(X133,a1096)&~c7_2(X133,a1096)&c6_2(X133,a1096)))))&(![X135]:(ndr1_0=>(c7_1(X135)|c3_1(X135)|![X136]:(ndr1_1(X135)=>(c7_2(X135,X136)|~c6_2(X135,X136)|c9_2(X135,X136)))))|c6_0|![X137]:(ndr1_0=>(![X138]:(ndr1_1(X137)=>(~c1_2(X137,X138)|~c9_2(X137,X138)|c6_2(X137,X138)))|(ndr1_1(X137)&~c6_2(X137,a1097)&c9_2(X137,a1097))|~c4_1(X137))))&(c6_0|c9_0|c7_0)&(c4_0|~c7_0|![X139]:(ndr1_0=>(~c6_1(X139)|![X140]:(ndr1_1(X139)=>(c5_2(X139,X140)|c9_2(X139,X140)))|~c3_1(X139))))&(![X141]:(ndr1_0=>(~c1_1(X141)|~c2_1(X141)|![X142]:(ndr1_1(X141)=>(c8_2(X141,X142)|~c4_2(X141,X142)|c7_2(X141,X142)))))|(ndr1_0&~c8_1(a1098)&![X143]:(ndr1_1(a1098)=>(~c9_2(a1098,X143)|~c2_2(a1098,X143)|c3_2(a1098,X143)))&~c5_1(a1098)))&(~c9_0|c4_0|(ndr1_0&![X144]:(ndr1_1(a1099)=>(c7_2(a1099,X144)|c8_2(a1099,X144)|c3_2(a1099,X144)))&c5_1(a1099)&~c8_1(a1099)))&(![X145]:(ndr1_0=>((ndr1_1(X145)&~c10_2(X145,a1100)&c8_2(X145,a1100))|~c2_1(X145)|~c5_1(X145)))|~c2_0|c5_0)&![X146]:(ndr1_0=>(~c10_1(X146)|~c2_1(X146)|![X147]:(ndr1_1(X146)=>(c3_2(X146,X147)|c2_2(X146,X147)))))&(c3_0|![X148]:(ndr1_0=>(c8_1(X148)|c1_1(X148)|(ndr1_1(X148)&c4_2(X148,a1101)&c5_2(X148,a1101)&c3_2(X148,a1101))))|![X149]:(ndr1_0=>(![X150]:(ndr1_1(X149)=>(~c2_2(X149,X150)|~c1_2(X149,X150)|c10_2(X149,X150)))|(ndr1_1(X149)&~c4_2(X149,a1102)&~c5_2(X149,a1102)&c8_2(X149,a1102))|c3_1(X149))))&(c9_0|c6_0|![X151]:(ndr1_0=>(c4_1(X151)|~c1_1(X151)|(ndr1_1(X151)&~c2_2(X151,a1103)&~c7_2(X151,a1103)))))&(![X152]:(ndr1_0=>((ndr1_1(X152)&~c3_2(X152,a1104)&c9_2(X152,a1104)&~c2_2(X152,a1104))|~c2_1(X152)|c3_1(X152)))|![X153]:(ndr1_0=>(c6_1(X153)|c3_1(X153)|(ndr1_1(X153)&c1_2(X153,a1105)&~c5_2(X153,a1105)&~c8_2(X153,a1105)))))&(c3_0|c4_0|c6_0)&(![X154]:(ndr1_0=>(~c3_1(X154)|~c8_1(X154)))|(ndr1_0&ndr1_1(a1106)&~c6_2(a1106,a1107)&c4_2(a1106,a1107)&c9_2(a1106,a1107)&ndr1_1(a1106)&~c10_2(a1106,a1108)&~c3_2(a1106,a1108)&~c8_2(a1106,a1108))|~c1_0)&(![X155]:(ndr1_0=>((ndr1_1(X155)&~c1_2(X155,a1109)&c4_2(X155,a1109)&~c2_2(X155,a1109))|![X156]:(ndr1_1(X155)=>(c10_2(X155,X156)|c2_2(X155,X156)))|![X157]:(ndr1_1(X155)=>(~c3_2(X155,X157)|c10_2(X155,X157)|c8_2(X155,X157)))))|c9_0|c4_0)&(![X158]:(ndr1_0=>(c10_1(X158)|(ndr1_1(X158)&~c10_2(X158,a1110)&~c7_2(X158,a1110)&~c2_2(X158,a1110))))|![X159]:(ndr1_0=>((ndr1_1(X159)&c10_2(X159,a1111)&c9_2(X159,a1111)&~c3_2(X159,a1111))|~c6_1(X159)|(ndr1_1(X159)&~c9_2(X159,a1112)&c7_2(X159,a1112)&c5_2(X159,a1112))))|![X160]:(ndr1_0=>((ndr1_1(X160)&c6_2(X160,a1113)&c3_2(X160,a1113)&c1_2(X160,a1113))|~c7_1(X160))))&(~c5_0|(ndr1_0&c9_1(a1114)&c2_1(a1114)&~c1_1(a1114))|![X161]:(ndr1_0=>(c4_1(X161)|~c5_1(X161)|~c1_1(X161))))&(~c10_0|~c1_0)&(~c10_0|(ndr1_0&![X162]:(ndr1_1(a1115)=>(c9_2(a1115,X162)|c2_2(a1115,X162)|c7_2(a1115,X162)))&ndr1_1(a1115)&~c10_2(a1115,a1116)&c9_2(a1115,a1116)&~c6_2(a1115,a1116)&![X163]:(ndr1_1(a1115)=>(~c8_2(a1115,X163)|c9_2(a1115,X163)|~c5_2(a1115,X163))))|![X164]:(ndr1_0=>(c6_1(X164)|c3_1(X164)|(ndr1_1(X164)&~c10_2(X164,a1117)&~c1_2(X164,a1117)))))&((ndr1_0&c7_1(a1118)&c6_1(a1118)&ndr1_1(a1118)&~c5_2(a1118,a1119)&c4_2(a1118,a1119)&~c2_2(a1118,a1119))|(ndr1_0&~c1_1(a1120)&c4_1(a1120)&ndr1_1(a1120)&c2_2(a1120,a1121)&c1_2(a1120,a1121)&c9_2(a1120,a1121))|c8_0)&(![X165]:(ndr1_0=>(c10_1(X165)|(ndr1_1(X165)&~c9_2(X165,a1122)&~c2_2(X165,a1122)&c10_2(X165,a1122))|c8_1(X165)))|~c7_0|(ndr1_0&c5_1(a1123)&![X166]:(ndr1_1(a1123)=>(c7_2(a1123,X166)|c1_2(a1123,X166)|c6_2(a1123,X166)))&![X167]:(ndr1_1(a1123)=>(c6_2(a1123,X167)|~c1_2(a1123,X167)|~c10_2(a1123,X167)))))&(![X168]:(ndr1_0=>(~c7_1(X168)|c6_1(X168)|c10_1(X168)))|~c4_0|(ndr1_0&![X169]:(ndr1_1(a1124)=>(c6_2(a1124,X169)|~c4_2(a1124,X169)|~c8_2(a1124,X169)))&c7_1(a1124)&~c2_1(a1124)))&(c8_0|(ndr1_0&ndr1_1(a1125)&c8_2(a1125,a1126)&~c3_2(a1125,a1126)&~c10_2(a1125,a1126)&~c4_1(a1125)&ndr1_1(a1125)&c5_2(a1125,a1127)&~c1_2(a1125,a1127)&c4_2(a1125,a1127))|~c6_0)&(~c6_0|c5_0|c1_0)&(![X170]:(ndr1_0=>(![X171]:(ndr1_1(X170)=>(~c7_2(X170,X171)|~c3_2(X170,X171)|~c1_2(X170,X171)))|(ndr1_1(X170)&~c7_2(X170,a1128)&~c10_2(X170,a1128))|(ndr1_1(X170)&~c4_2(X170,a1129)&c1_2(X170,a1129)&~c6_2(X170,a1129))))|c10_0|(ndr1_0&~c10_1(a1130)&![X172]:(ndr1_1(a1130)=>(c9_2(a1130,X172)|c1_2(a1130,X172)|c10_2(a1130,X172)))&~c8_1(a1130)))&((ndr1_0&![X173]:(ndr1_1(a1131)=>(c4_2(a1131,X173)|c6_2(a1131,X173)|c3_2(a1131,X173)))&ndr1_1(a1131)&~c4_2(a1131,a1132)&c2_2(a1131,a1132)&![X174]:(ndr1_1(a1131)=>(c4_2(a1131,X174)|~c3_2(a1131,X174)|~c1_2(a1131,X174))))|(ndr1_0&c7_1(a1133)&~c2_1(a1133)&ndr1_1(a1133)&~c2_2(a1133,a1134)&c5_2(a1133,a1134)&~c6_2(a1133,a1134))|~c9_0)&(c6_0|(ndr1_0&c9_1(a1135)&c4_1(a1135)&~c3_1(a1135))|(ndr1_0&~c9_1(a1136)&ndr1_1(a1136)&~c3_2(a1136,a1137)&c1_2(a1136,a1137)&~c6_2(a1136,a1137)&c1_1(a1136)))&(![X175]:(ndr1_0=>((ndr1_1(X175)&c10_2(X175,a1138)&c2_2(X175,a1138)&c9_2(X175,a1138))|c3_1(X175)))|~c9_0|c4_0)&(~c9_0|![X176]:(ndr1_0=>(~c10_1(X176)|![X177]:(ndr1_1(X176)=>(~c10_2(X176,X177)|~c9_2(X176,X177)|~c8_2(X176,X177)))))|~c1_0)&((ndr1_0&~c1_1(a1139)&![X178]:(ndr1_1(a1139)=>(c7_2(a1139,X178)|~c6_2(a1139,X178)|c5_2(a1139,X178)))&~c10_1(a1139))|(ndr1_0&c6_1(a1140)&ndr1_1(a1140)&c9_2(a1140,a1141)&~c1_2(a1140,a1141)&~c4_2(a1140,a1141))|~c1_0)&(![X179]:(ndr1_0=>(~c2_1(X179)|(ndr1_1(X179)&~c1_2(X179,a1142)&~c8_2(X179,a1142)&~c4_2(X179,a1142))|c5_1(X179)))|c4_0|(ndr1_0&c8_1(a1143)&~c7_1(a1143)))&(c9_0|~c4_0|(ndr1_0&ndr1_1(a1144)&c4_2(a1144,a1145)&~c1_2(a1144,a1145)&c3_2(a1144,a1145)&~c5_1(a1144)&~c10_1(a1144)))&(c8_0|~c7_0|![X180]:(ndr1_0=>(~c5_1(X180)|![X181]:(ndr1_1(X180)=>(~c1_2(X180,X181)|~c8_2(X180,X181)))|![X182]:(ndr1_1(X180)=>(~c2_2(X180,X182)|~c6_2(X180,X182)|~c1_2(X180,X182))))))&(~c8_0|(ndr1_0&![X183]:(ndr1_1(a1146)=>(c9_2(a1146,X183)|c8_2(a1146,X183)|c10_2(a1146,X183)))&~c2_1(a1146)&~c1_1(a1146))|![X184]:(ndr1_0=>((ndr1_1(X184)&~c9_2(X184,a1147)&~c3_2(X184,a1147)&~c6_2(X184,a1147))|c7_1(X184)|c8_1(X184))))&(~c5_0|![X185]:(ndr1_0=>((ndr1_1(X185)&~c8_2(X185,a1148)&c4_2(X185,a1148))|~c2_1(X185)|c9_1(X185)))|![X186]:(ndr1_0=>(~c5_1(X186)|![X187]:(ndr1_1(X186)=>(~c8_2(X186,X187)|c2_2(X186,X187)))|c10_1(X186))))&(~c4_0|![X188]:(ndr1_0=>(~c5_1(X188)|(ndr1_1(X188)&~c7_2(X188,a1149)&c9_2(X188,a1149))|![X189]:(ndr1_1(X188)=>(c7_2(X188,X189)|c9_2(X188,X189)|c6_2(X188,X189)))))|~c2_0)&((ndr1_0&c10_1(a1150)&c5_1(a1150)&c1_1(a1150))|![X190]:(ndr1_0=>(![X191]:(ndr1_1(X190)=>(c4_2(X190,X191)|c8_2(X190,X191)|~c5_2(X190,X191)))|~c7_1(X190)|~c2_1(X190)))|c2_0)&(c2_0|![X192]:(ndr1_0=>(~c1_1(X192)|(ndr1_1(X192)&~c3_2(X192,a1151)&c2_2(X192,a1151)&~c5_2(X192,a1151))|(ndr1_1(X192)&~c10_2(X192,a1152)&c8_2(X192,a1152)&~c4_2(X192,a1152)))))&(c8_0|c9_0|![X193]:(ndr1_0=>(~c5_1(X193)|~c7_1(X193)|![X194]:(ndr1_1(X193)=>(~c6_2(X193,X194)|~c2_2(X193,X194)|~c3_2(X193,X194))))))&((ndr1_0&c4_1(a1153)&![X195]:(ndr1_1(a1153)=>(c6_2(a1153,X195)|~c10_2(a1153,X195)|c9_2(a1153,X195)))&~c9_1(a1153))|c7_0|(ndr1_0&~c6_1(a1154)&c9_1(a1154)&![X196]:(ndr1_1(a1154)=>(c4_2(a1154,X196)|~c9_2(a1154,X196)|c7_2(a1154,X196)))))&((ndr1_0&c6_1(a1155)&![X197]:(ndr1_1(a1155)=>(c9_2(a1155,X197)|c4_2(a1155,X197)|c8_2(a1155,X197)))&![X198]:(ndr1_1(a1155)=>(c3_2(a1155,X198)|c1_2(a1155,X198)|~c9_2(a1155,X198))))|~c10_0|![X199]:(ndr1_0=>((ndr1_1(X199)&~c10_2(X199,a1156)&c6_2(X199,a1156)&~c9_2(X199,a1156))|(ndr1_1(X199)&c4_2(X199,a1157)&c6_2(X199,a1157)&~c10_2(X199,a1157))|(ndr1_1(X199)&~c7_2(X199,a1158)&c6_2(X199,a1158)&~c8_2(X199,a1158)))))&(![X200]:(ndr1_0=>(![X201]:(ndr1_1(X200)=>(~c8_2(X200,X201)|c9_2(X200,X201)|~c5_2(X200,X201)))|(ndr1_1(X200)&c2_2(X200,a1159)&~c9_2(X200,a1159)&c10_2(X200,a1159))|c9_1(X200)))|(ndr1_0&ndr1_1(a1160)&~c10_2(a1160,a1161)&c7_2(a1160,a1161)&c2_2(a1160,a1161)&![X202]:(ndr1_1(a1160)=>(~c9_2(a1160,X202)|c10_2(a1160,X202)))&~c6_1(a1160))|~c7_0)&(~c5_0|(ndr1_0&ndr1_1(a1162)&~c8_2(a1162,a1163)&~c10_2(a1162,a1163)&~c3_2(a1162,a1163)&~c6_1(a1162)&ndr1_1(a1162)&~c5_2(a1162,a1164)&c4_2(a1162,a1164)&c8_2(a1162,a1164))|c4_0)&(![X203]:(ndr1_0=>(![X204]:(ndr1_1(X203)=>(~c3_2(X203,X204)|~c7_2(X203,X204)|~c9_2(X203,X204)))|![X205]:(ndr1_1(X203)=>(c2_2(X203,X205)|c8_2(X203,X205)|~c6_2(X203,X205)))|c7_1(X203)))|c7_0)&(c2_0|(ndr1_0&~c4_1(a1165)&c10_1(a1165)&ndr1_1(a1165)&~c5_2(a1165,a1166)&c6_2(a1165,a1166)&c9_2(a1165,a1166))|(ndr1_0&ndr1_1(a1167)&~c10_2(a1167,a1168)&~c7_2(a1167,a1168)&~c3_2(a1167,a1168)&~c7_1(a1167)))&(c2_0|![X206]:(ndr1_0=>((ndr1_1(X206)&~c10_2(X206,a1169)&c7_2(X206,a1169)&~c1_2(X206,a1169))|![X207]:(ndr1_1(X206)=>(c2_2(X206,X207)|~c9_2(X206,X207)|~c8_2(X206,X207)))|![X208]:(ndr1_1(X206)=>(~c9_2(X206,X208)|c2_2(X206,X208)|c3_2(X206,X208)))))|![X209]:(ndr1_0=>(~c8_1(X209)|![X210]:(ndr1_1(X209)=>(~c6_2(X209,X210)|~c1_2(X209,X210)|~c8_2(X209,X210)))|~c10_1(X209))))&((ndr1_0&c2_1(a1170)&![X211]:(ndr1_1(a1170)=>(c8_2(a1170,X211)|~c6_2(a1170,X211)|c10_2(a1170,X211)))&ndr1_1(a1170)&c6_2(a1170,a1171)&~c9_2(a1170,a1171)&c10_2(a1170,a1171))|c8_0|c4_0)&(![X212]:(ndr1_0=>(c3_1(X212)|c10_1(X212)|~c7_1(X212)))|c8_0|~c5_0)&(![X213]:(ndr1_0=>(~c7_1(X213)|c4_1(X213)|(ndr1_1(X213)&c4_2(X213,a1172)&c1_2(X213,a1172)&c10_2(X213,a1172))))|~c2_0|(ndr1_0&c3_1(a1173)&![X214]:(ndr1_1(a1173)=>(c5_2(a1173,X214)|c4_2(a1173,X214)|~c9_2(a1173,X214)))&ndr1_1(a1173)&c4_2(a1173,a1174)&~c5_2(a1173,a1174)))&(~c3_0|c7_0|![X215]:(ndr1_0=>((ndr1_1(X215)&~c7_2(X215,a1175))|~c5_1(X215)|![X216]:(ndr1_1(X215)=>(~c3_2(X215,X216)|c5_2(X215,X216)|c6_2(X215,X216))))))&(c1_0|~c7_0)&(![X217]:(ndr1_0=>(![X218]:(ndr1_1(X217)=>(c3_2(X217,X218)|c4_2(X217,X218)|c7_2(X217,X218)))|c9_1(X217)|(ndr1_1(X217)&c6_2(X217,a1176)&c7_2(X217,a1176)&~c1_2(X217,a1176))))|![X219]:(ndr1_0=>(~c1_1(X219)|(ndr1_1(X219)&c9_2(X219,a1177)&c8_2(X219,a1177)&c6_2(X219,a1177))|(ndr1_1(X219)&~c4_2(X219,a1178)&c2_2(X219,a1178)&c1_2(X219,a1178))))|![X220]:(ndr1_0=>((ndr1_1(X220)&~c2_2(X220,a1179)&c8_2(X220,a1179)&~c1_2(X220,a1179))|(ndr1_1(X220)&c10_2(X220,a1180)&~c5_2(X220,a1180)&~c1_2(X220,a1180))|c5_1(X220))))&(![X221]:(ndr1_0=>(![X222]:(ndr1_1(X221)=>(c10_2(X221,X222)|c1_2(X221,X222)|~c8_2(X221,X222)))|(ndr1_1(X221)&c9_2(X221,a1181)&~c1_2(X221,a1181)&c3_2(X221,a1181))|(ndr1_1(X221)&c8_2(X221,a1182)&~c9_2(X221,a1182)&~c4_2(X221,a1182))))|(ndr1_0&ndr1_1(a1183)&~c9_2(a1183,a1184)&c8_2(a1183,a1184)&c3_2(a1183,a1184)&~c10_1(a1183)&ndr1_1(a1183)&c5_2(a1183,a1185)&c10_2(a1183,a1185)&~c7_2(a1183,a1185))|![X223]:(ndr1_0=>(~c10_1(X223)|![X224]:(ndr1_1(X223)=>(c8_2(X223,X224)|c1_2(X223,X224))))))&((ndr1_0&ndr1_1(a1186)&c3_2(a1186,a1187)&~c6_2(a1186,a1187)&ndr1_1(a1186)&~c1_2(a1186,a1188)&c3_2(a1186,a1188)&c3_1(a1186))|c2_0)&(~c6_0|c1_0|![X225]:(ndr1_0=>(~c9_1(X225)|![X226]:(ndr1_1(X225)=>(c3_2(X225,X226)|~c1_2(X225,X226)|c5_2(X225,X226)))|(ndr1_1(X225)&c1_2(X225,a1189)&~c6_2(X225,a1189)&c2_2(X225,a1189)))))))			
../../TPTP-v7.3.0/Problems/SYN/SYN850-1.p		Unsatisfiable	UNKNOWN		UNKNOWN		cnf					
../../TPTP-v7.3.0/Problems/SYN/SYN660-1.p		Unsatisfiable	UNKNOWN		UNKNOWN		cnf					
../../TPTP-v7.3.0/Problems/SYN/SYN571-1.p		Unsatisfiable	UNKNOWN		UNKNOWN		cnf					
../../TPTP-v7.3.0/Problems/SYN/SYN818-1.p		Satisfiable	UNKNOWN		UNKNOWN		cnf					
../../TPTP-v7.3.0/Problems/SYN/SYN374+1.p		Theorem	UNKNOWN		UNKNOWN		fof		(?[X]:![Y]:(big_p(X)<=>big_p(Y))<=>(?[X]:big_p(X)<=>![Y]:big_p(Y)))			
../../TPTP-v7.3.0/Problems/SYN/SYN570-1.p		Unsatisfiable	UNKNOWN		UNKNOWN		cnf					
../../TPTP-v7.3.0/Problems/SYN/SYN638-1.p		Unsatisfiable	UNKNOWN		UNKNOWN		cnf					
../../TPTP-v7.3.0/Problems/SYN/SYN714-1.p		Unsatisfiable	UNKNOWN		UNKNOWN		cnf					
../../TPTP-v7.3.0/Problems/SYN/SYN781-1.p		Satisfiable	UNKNOWN		UNKNOWN		cnf					
../../TPTP-v7.3.0/Problems/SYN/SYN164-1.p		Unsatisfiable	UNKNOWN		UNKNOWN		cnf					
../../TPTP-v7.3.0/Problems/SYN/SYN928+1.p		Theorem	YES	DTS/Alligator/AlexHappy/output/SYN928+1_dts.html	UNKNOWN		fof		(![X]:p(X)=>?[X]:p(X))			
../../TPTP-v7.3.0/Problems/SYN/SYN111-1.p		Unsatisfiable	UNKNOWN		UNKNOWN		cnf					
../../TPTP-v7.3.0/Problems/SYN/SYN151-1.p		Unsatisfiable	UNKNOWN		UNKNOWN		cnf					
../../TPTP-v7.3.0/Problems/SYN/SYN208-1.p		Unsatisfiable	UNKNOWN		UNKNOWN		cnf					
../../TPTP-v7.3.0/Problems/SYN/SYN345-1.p		Unsatisfiable	UNKNOWN		UNKNOWN		cnf					
../../TPTP-v7.3.0/Problems/SYN/SYN509+1.p		Theorem	UNKNOWN		UNKNOWN		fof		(~((~hskp0|(ndr1_0&c3_1(a432)&~c0_1(a432)&~c2_1(a432)))&(~hskp1|(ndr1_0&~c0_1(a433)&~c1_1(a433)&~c2_1(a433)))&(~hskp2|(ndr1_0&c0_1(a434)&~c1_1(a434)&~c3_1(a434)))&(~hskp3|(ndr1_0&c1_1(a435)&~c0_1(a435)&~c3_1(a435)))&(~hskp4|(ndr1_0&c0_1(a439)&c3_1(a439)&~c1_1(a439)))&(~hskp5|(ndr1_0&c0_1(a441)&~c2_1(a441)&~c3_1(a441)))&(~hskp6|(ndr1_0&c0_1(a442)&c2_1(a442)&~c3_1(a442)))&(~hskp7|(ndr1_0&c3_1(a443)&~c1_1(a443)&~c2_1(a443)))&(~hskp8|(ndr1_0&c2_1(a444)&~c0_1(a444)&~c3_1(a444)))&(~hskp9|(ndr1_0&~c0_1(a445)&~c1_1(a445)&~c3_1(a445)))&(~hskp10|(ndr1_0&c1_1(a448)&~c0_1(a448)&~c2_1(a448)))&(~hskp11|(ndr1_0&c2_1(a449)&~c1_1(a449)&~c3_1(a449)))&(~hskp12|(ndr1_0&c1_1(a450)&c3_1(a450)&~c0_1(a450)))&(~hskp13|(ndr1_0&c2_1(a451)&c3_1(a451)&~c1_1(a451)))&(~hskp14|(ndr1_0&c0_1(a452)&c1_1(a452)&~c2_1(a452)))&(~hskp15|(ndr1_0&c3_1(a454)&~c0_1(a454)&~c1_1(a454)))&(~hskp16|(ndr1_0&c1_1(a457)&c3_1(a457)&~c2_1(a457)))&(~hskp17|(ndr1_0&c0_1(a463)&c2_1(a463)&~c1_1(a463)))&(~hskp18|(ndr1_0&~c1_1(a466)&~c2_1(a466)&~c3_1(a466)))&(~hskp19|(ndr1_0&c0_1(a467)&~c1_1(a467)&~c2_1(a467)))&(~hskp20|(ndr1_0&c0_1(a472)&c3_1(a472)&~c2_1(a472)))&(~hskp21|(ndr1_0&c0_1(a474)&c1_1(a474)&~c3_1(a474)))&(~hskp22|(ndr1_0&c2_1(a475)&~c0_1(a475)&~c1_1(a475)))&(~hskp23|(ndr1_0&c1_1(a484)&~c2_1(a484)&~c3_1(a484)))&(~hskp24|(ndr1_0&c1_1(a486)&c2_1(a486)&~c0_1(a486)))&(~hskp25|(ndr1_0&c2_1(a489)&c3_1(a489)&~c0_1(a489)))&(~hskp26|(ndr1_0&c1_1(a492)&c2_1(a492)&~c3_1(a492)))&(~hskp27|(ndr1_0&~c0_1(a509)&~c2_1(a509)&~c3_1(a509)))&(~hskp28|(ndr1_0&c0_1(a437)&c2_1(a437)&c3_1(a437)))&(~hskp29|(ndr1_0&c1_1(a447)&c2_1(a447)&c3_1(a447)))&(~hskp30|(ndr1_0&c0_1(a456)&c1_1(a456)&c2_1(a456)))&(![U]:(ndr1_0=>(c0_1(U)|c1_1(U)|c2_1(U)))|![V]:(ndr1_0=>(c0_1(V)|c1_1(V)|c3_1(V)))|![W]:(ndr1_0=>(~c0_1(W)|~c2_1(W)|~c3_1(W))))&(![X]:(ndr1_0=>(c0_1(X)|c1_1(X)|c2_1(X)))|![Y]:(ndr1_0=>(c0_1(Y)|c3_1(Y)|~c2_1(Y)))|hskp0)&(![Z]:(ndr1_0=>(c0_1(Z)|c1_1(Z)|c2_1(Z)))|![X1]:(ndr1_0=>(c1_1(X1)|c3_1(X1)|~c2_1(X1)))|hskp1)&(![X2]:(ndr1_0=>(c0_1(X2)|c1_1(X2)|c3_1(X2)))|![X3]:(ndr1_0=>(c1_1(X3)|~c0_1(X3)|~c2_1(X3)))|hskp2)&(![X4]:(ndr1_0=>(c0_1(X4)|c1_1(X4)|c3_1(X4)))|![X5]:(ndr1_0=>(c2_1(X5)|~c0_1(X5)|~c1_1(X5)))|hskp3)&(![X6]:(ndr1_0=>(c0_1(X6)|c1_1(X6)|~c2_1(X6)))|![X7]:(ndr1_0=>(c0_1(X7)|~c1_1(X7)|~c3_1(X7)))|![X8]:(ndr1_0=>(c3_1(X8)|~c1_1(X8)|~c2_1(X8))))&(![X9]:(ndr1_0=>(c0_1(X9)|c1_1(X9)|~c2_1(X9)))|![X10]:(ndr1_0=>(c2_1(X10)|~c0_1(X10)|~c1_1(X10)))|![X11]:(ndr1_0=>(~c0_1(X11)|~c2_1(X11)|~c3_1(X11))))&(![X12]:(ndr1_0=>(c0_1(X12)|c1_1(X12)|~c2_1(X12)))|![X13]:(ndr1_0=>(c2_1(X13)|~c0_1(X13)|~c3_1(X13)))|hskp1)&(![X14]:(ndr1_0=>(c0_1(X14)|c1_1(X14)|~c2_1(X14)))|hskp28|hskp0)&(![X15]:(ndr1_0=>(c0_1(X15)|c1_1(X15)|~c2_1(X15)))|hskp4|hskp1)&(![X16]:(ndr1_0=>(c0_1(X16)|c1_1(X16)|~c3_1(X16)))|![X17]:(ndr1_0=>(c1_1(X17)|c3_1(X17)|~c2_1(X17)))|hskp5)&(![X18]:(ndr1_0=>(c0_1(X18)|c1_1(X18)|~c3_1(X18)))|![X19]:(ndr1_0=>(c2_1(X19)|~c0_1(X19)|~c3_1(X19))))&(![X20]:(ndr1_0=>(c0_1(X20)|c1_1(X20)|~c3_1(X20)))|hskp6|hskp7)&(![X21]:(ndr1_0=>(c0_1(X21)|c1_1(X21)|~c3_1(X21)))|hskp8|hskp9)&(![X22]:(ndr1_0=>(c0_1(X22)|c2_1(X22)|c3_1(X22)))|![X23]:(ndr1_0=>(~c0_1(X23)|~c1_1(X23)|~c3_1(X23)))|hskp28)&(![X24]:(ndr1_0=>(c0_1(X24)|c2_1(X24)|c3_1(X24)))|hskp29|hskp10)&(![X25]:(ndr1_0=>(c0_1(X25)|c2_1(X25)|~c1_1(X25)))|![X26]:(ndr1_0=>(c1_1(X26)|c2_1(X26)|~c0_1(X26)))|hskp11)&(![X27]:(ndr1_0=>(c0_1(X27)|c2_1(X27)|~c1_1(X27)))|![X28]:(ndr1_0=>(c1_1(X28)|c3_1(X28)|~c0_1(X28)))|hskp12)&(![X29]:(ndr1_0=>(c0_1(X29)|c2_1(X29)|~c1_1(X29)))|![X30]:(ndr1_0=>(~c0_1(X30)|~c1_1(X30)|~c3_1(X30)))|hskp13)&(![X31]:(ndr1_0=>(c0_1(X31)|c2_1(X31)|~c1_1(X31)))|hskp14|hskp2)&(![X32]:(ndr1_0=>(c0_1(X32)|c2_1(X32)|~c1_1(X32)))|hskp15|hskp9)&(![X33]:(ndr1_0=>(c0_1(X33)|c2_1(X33)|~c3_1(X33)))|![X34]:(ndr1_0=>(c0_1(X34)|c3_1(X34)|~c1_1(X34)))|![X35]:(ndr1_0=>(c0_1(X35)|~c2_1(X35)|~c3_1(X35))))&(![X36]:(ndr1_0=>(c0_1(X36)|c2_1(X36)|~c3_1(X36)))|![X37]:(ndr1_0=>(c0_1(X37)|~c1_1(X37)|~c2_1(X37)))|![X38]:(ndr1_0=>(c1_1(X38)|~c0_1(X38)|~c3_1(X38))))&(![X39]:(ndr1_0=>(c0_1(X39)|c2_1(X39)|~c3_1(X39)))|![X40]:(ndr1_0=>(c1_1(X40)|~c2_1(X40)|~c3_1(X40)))|![X41]:(ndr1_0=>(c2_1(X41)|c3_1(X41)|~c0_1(X41))))&(![X42]:(ndr1_0=>(c0_1(X42)|c2_1(X42)|~c3_1(X42)))|hskp30|hskp16)&(![X43]:(ndr1_0=>(c0_1(X43)|c2_1(X43)|~c3_1(X43)))|hskp2|hskp1)&(![X44]:(ndr1_0=>(c0_1(X44)|c3_1(X44)|~c1_1(X44)))|![X45]:(ndr1_0=>(c0_1(X45)|c3_1(X45)|~c2_1(X45)))|hskp9)&(![X46]:(ndr1_0=>(c0_1(X46)|c3_1(X46)|~c1_1(X46)))|![X47]:(ndr1_0=>(c0_1(X47)|~c1_1(X47)|~c2_1(X47)))|![X48]:(ndr1_0=>(c1_1(X48)|c3_1(X48)|~c2_1(X48))))&(![X49]:(ndr1_0=>(c0_1(X49)|c3_1(X49)|~c1_1(X49)))|![X50]:(ndr1_0=>(c2_1(X50)|~c0_1(X50)|~c1_1(X50)))|![X51]:(ndr1_0=>(~c0_1(X51)|~c1_1(X51)|~c3_1(X51))))&(![X52]:(ndr1_0=>(c0_1(X52)|c3_1(X52)|~c1_1(X52)))|![X53]:(ndr1_0=>(c2_1(X53)|~c1_1(X53)|~c3_1(X53)))|![X54]:(ndr1_0=>(c3_1(X54)|~c0_1(X54)|~c1_1(X54))))&(![X55]:(ndr1_0=>(c0_1(X55)|c3_1(X55)|~c2_1(X55)))|![X56]:(ndr1_0=>(c0_1(X56)|~c2_1(X56)|~c3_1(X56)))|hskp14)&(![X57]:(ndr1_0=>(c0_1(X57)|c3_1(X57)|~c2_1(X57)))|![X58]:(ndr1_0=>(c0_1(X58)|~c2_1(X58)|~c3_1(X58)))|hskp13)&(![X59]:(ndr1_0=>(c0_1(X59)|c3_1(X59)|~c2_1(X59)))|![X60]:(ndr1_0=>(c1_1(X60)|c2_1(X60)|~c3_1(X60)))|![X61]:(ndr1_0=>(c3_1(X61)|~c0_1(X61)|~c1_1(X61))))&(![X62]:(ndr1_0=>(c0_1(X62)|c3_1(X62)|~c2_1(X62)))|![X63]:(ndr1_0=>(c2_1(X63)|~c0_1(X63)|~c1_1(X63)))|hskp17)&(![X64]:(ndr1_0=>(c0_1(X64)|c3_1(X64)|~c2_1(X64)))|![X65]:(ndr1_0=>(c3_1(X65)|~c0_1(X65)|~c1_1(X65)))|![X66]:(ndr1_0=>(~c1_1(X66)|~c2_1(X66)|~c3_1(X66))))&(![X67]:(ndr1_0=>(c0_1(X67)|c3_1(X67)|~c2_1(X67)))|![X68]:(ndr1_0=>(~c1_1(X68)|~c2_1(X68)|~c3_1(X68)))|hskp16)&(![X69]:(ndr1_0=>(c0_1(X69)|c3_1(X69)|~c2_1(X69)))|hskp6|hskp18)&(![X70]:(ndr1_0=>(c0_1(X70)|c3_1(X70)|~c2_1(X70)))|hskp19|hskp1)&(![X71]:(ndr1_0=>(c0_1(X71)|~c1_1(X71)|~c2_1(X71)))|![X72]:(ndr1_0=>(c0_1(X72)|~c2_1(X72)|~c3_1(X72)))|hskp8)&(![X73]:(ndr1_0=>(c0_1(X73)|~c1_1(X73)|~c2_1(X73)))|![X74]:(ndr1_0=>(c2_1(X74)|~c1_1(X74)|~c3_1(X74)))|hskp6)&(![X75]:(ndr1_0=>(c0_1(X75)|~c1_1(X75)|~c3_1(X75)))|![X76]:(ndr1_0=>(c2_1(X76)|~c0_1(X76)|~c1_1(X76)))|hskp5)&(![X77]:(ndr1_0=>(c0_1(X77)|~c2_1(X77)|~c3_1(X77)))|![X78]:(ndr1_0=>(c1_1(X78)|c3_1(X78)|~c0_1(X78)))|hskp20)&(![X79]:(ndr1_0=>(c0_1(X79)|~c2_1(X79)|~c3_1(X79)))|![X80]:(ndr1_0=>(c1_1(X80)|~c0_1(X80)|~c2_1(X80)))|hskp1)&(![X81]:(ndr1_0=>(c0_1(X81)|~c2_1(X81)|~c3_1(X81)))|hskp21|hskp22)&(![X82]:(ndr1_0=>(c0_1(X82)|~c2_1(X82)|~c3_1(X82)))|hskp8|hskp0)&(![X83]:(ndr1_0=>(c1_1(X83)|c2_1(X83)|c3_1(X83)))|![X84]:(ndr1_0=>(c3_1(X84)|~c1_1(X84)|~c2_1(X84)))|hskp19)&(![X85]:(ndr1_0=>(c1_1(X85)|c2_1(X85)|~c0_1(X85)))|![X86]:(ndr1_0=>(c1_1(X86)|c2_1(X86)|~c3_1(X86)))|hskp28)&(![X87]:(ndr1_0=>(c1_1(X87)|c2_1(X87)|~c0_1(X87)))|![X88]:(ndr1_0=>(c1_1(X88)|~c0_1(X88)|~c3_1(X88)))|![X89]:(ndr1_0=>(c2_1(X89)|~c0_1(X89)|~c3_1(X89))))&(![X90]:(ndr1_0=>(c1_1(X90)|c2_1(X90)|~c3_1(X90)))|![X91]:(ndr1_0=>(c2_1(X91)|c3_1(X91)|~c0_1(X91)))|hskp1)&(![X92]:(ndr1_0=>(c1_1(X92)|c2_1(X92)|~c3_1(X92)))|![X93]:(ndr1_0=>(c3_1(X93)|~c0_1(X93)|~c1_1(X93)))|![X94]:(ndr1_0=>(~c0_1(X94)|~c1_1(X94)|~c3_1(X94))))&(![X95]:(ndr1_0=>(c1_1(X95)|c3_1(X95)|~c0_1(X95)))|![X96]:(ndr1_0=>(c2_1(X96)|~c0_1(X96)|~c1_1(X96)))|hskp3)&(![X97]:(ndr1_0=>(c1_1(X97)|c3_1(X97)|~c0_1(X97)))|![X98]:(ndr1_0=>(~c0_1(X98)|~c1_1(X98)|~c2_1(X98)))|![X99]:(ndr1_0=>(~c0_1(X99)|~c1_1(X99)|~c3_1(X99))))&(![X100]:(ndr1_0=>(c1_1(X100)|c3_1(X100)|~c2_1(X100)))|hskp30|hskp11)&(![X101]:(ndr1_0=>(c1_1(X101)|c3_1(X101)|~c2_1(X101)))|hskp23|hskp7)&(![X102]:(ndr1_0=>(c1_1(X102)|~c0_1(X102)|~c2_1(X102)))|![X103]:(ndr1_0=>(c2_1(X103)|c3_1(X103)|~c1_1(X103)))|hskp24)&(![X104]:(ndr1_0=>(c1_1(X104)|~c0_1(X104)|~c2_1(X104)))|![X105]:(ndr1_0=>(c2_1(X105)|~c0_1(X105)|~c3_1(X105)))|hskp23)&(![X106]:(ndr1_0=>(c1_1(X106)|~c0_1(X106)|~c3_1(X106)))|![X107]:(ndr1_0=>(c2_1(X107)|c3_1(X107)|~c0_1(X107)))|hskp10)&(![X108]:(ndr1_0=>(c1_1(X108)|~c0_1(X108)|~c3_1(X108)))|![X109]:(ndr1_0=>(c3_1(X109)|~c0_1(X109)|~c2_1(X109)))|hskp25)&(![X110]:(ndr1_0=>(c1_1(X110)|~c0_1(X110)|~c3_1(X110)))|hskp4|hskp13)&(![X111]:(ndr1_0=>(c1_1(X111)|~c0_1(X111)|~c3_1(X111)))|hskp26|hskp8)&(![X112]:(ndr1_0=>(c1_1(X112)|~c2_1(X112)|~c3_1(X112)))|![X113]:(ndr1_0=>(c3_1(X113)|~c0_1(X113)|~c1_1(X113)))|hskp8)&(![X114]:(ndr1_0=>(c2_1(X114)|~c0_1(X114)|~c1_1(X114)))|hskp29|hskp16)&(![X115]:(ndr1_0=>(c2_1(X115)|~c0_1(X115)|~c3_1(X115)))|![X116]:(ndr1_0=>(~c0_1(X116)|~c1_1(X116)|~c2_1(X116)))|hskp30)&(![X117]:(ndr1_0=>(c2_1(X117)|~c0_1(X117)|~c3_1(X117)))|![X118]:(ndr1_0=>(~c0_1(X118)|~c1_1(X118)|~c3_1(X118)))|hskp19)&(![X119]:(ndr1_0=>(c2_1(X119)|~c1_1(X119)|~c3_1(X119)))|![X120]:(ndr1_0=>(~c0_1(X120)|~c1_1(X120)|~c3_1(X120)))|hskp25)&(![X121]:(ndr1_0=>(c2_1(X121)|~c1_1(X121)|~c3_1(X121)))|hskp30|hskp26)&(![X122]:(ndr1_0=>(c3_1(X122)|~c0_1(X122)|~c2_1(X122)))|hskp14|hskp12)&(![X123]:(ndr1_0=>(c3_1(X123)|~c1_1(X123)|~c2_1(X123)))|hskp28|hskp19)&(![X124]:(ndr1_0=>(~c0_1(X124)|~c1_1(X124)|~c3_1(X124)))|hskp24|hskp8)&(![X125]:(ndr1_0=>(~c0_1(X125)|~c1_1(X125)|~c3_1(X125)))|hskp26|hskp27)&(![X126]:(ndr1_0=>(~c0_1(X126)|~c1_1(X126)|~c3_1(X126)))|hskp12|hskp3)&(![X127]:(ndr1_0=>(~c0_1(X127)|~c2_1(X127)|~c3_1(X127)))|hskp29|hskp0)&(![X128]:(ndr1_0=>(~c0_1(X128)|~c2_1(X128)|~c3_1(X128)))|hskp11|hskp15)&(![X129]:(ndr1_0=>(~c1_1(X129)|~c2_1(X129)|~c3_1(X129)))|hskp6|hskp0)&(hskp30|hskp14|hskp24)&(hskp14|hskp19|hskp13)&(hskp17|hskp10|hskp23)&(hskp6|hskp20|hskp13)&(hskp24|hskp12|hskp3)&(hskp10|hskp8|hskp1)))			
../../TPTP-v7.3.0/Problems/SYN/SYN348-1.p		Satisfiable	UNKNOWN		UNKNOWN		cnf					
../../TPTP-v7.3.0/Problems/SYN/SYN338-1.p		Unsatisfiable	UNKNOWN		UNKNOWN		cnf					
../../TPTP-v7.3.0/Problems/SYN/SYN437-1.p		Satisfiable	UNKNOWN		UNKNOWN		cnf					
../../TPTP-v7.3.0/Problems/SYN/SYN505-1.p		Unsatisfiable	UNKNOWN		UNKNOWN		cnf					
../../TPTP-v7.3.0/Problems/SYN/SYN763-1.p		Satisfiable	UNKNOWN		UNKNOWN		cnf					
../../TPTP-v7.3.0/Problems/SYN/SYN889-1.p		Unsatisfiable	UNKNOWN		UNKNOWN		cnf					
../../TPTP-v7.3.0/Problems/SYN/SYN306-1.p		Satisfiable	UNKNOWN		UNKNOWN		cnf					
../../TPTP-v7.3.0/Problems/SYN/SYN795-1.p		Satisfiable	UNKNOWN		UNKNOWN		cnf					
../../TPTP-v7.3.0/Problems/SYN/SYN127-1.p		Unsatisfiable	UNKNOWN		UNKNOWN		cnf					
../../TPTP-v7.3.0/Problems/SYN/SYN912-1.p		Satisfiable	UNKNOWN		UNKNOWN		cnf					
../../TPTP-v7.3.0/Problems/SYN/SYN979+1.p		Theorem	UNKNOWN		UNKNOWN		fof		(![A,B]:?[X,Y]:(((q(X)=>p(X,A))&q(A)&q(B)&(r(Y)=>p(B,Y))&r(A)&r(B)&(s(A)=>p(X,Y))&s(A))=>p(A,B)))			
../../TPTP-v7.3.0/Problems/SYN/SYN429-1.p		Satisfiable	UNKNOWN		UNKNOWN		cnf					
../../TPTP-v7.3.0/Problems/SYN/SYN094-1.005.p		Unsatisfiable	UNKNOWN		UNKNOWN		cnf	(~u_1),(u_2|p_0|~p_1|~p_2),(p_0|~u_2),(u_3|p_0|~q_1|~q_2),(p_0|~u_3),(u_4|p_1|~p_2|~p_3),(p_1|~u_4),(u_5|p_1|~q_2|~q_3),(p_1|~u_5),(u_6|p_2|~p_3|~p_4),(p_2|~u_6),(u_7|p_2|~q_3|~q_4),(p_2|~u_7),(u_8|p_3|~p_4|~p_5),(p_3|~u_8),(u_9|p_3|~q_4|~q_5),(p_3|~u_9),(u_10|p_4|~p_5|~p_6),(p_4|~u_10),(u_11|p_4|~q_5|~q_6),(p_4|~u_11),(u_12|p_5|~p_6|~p_7),(p_5|~u_12),(u_13|p_5|~q_6|~q_7),(p_5|~u_13),(u_14|p_6|~p_7|~p_8),(p_6|~u_14),(u_15|p_6|~q_7|~q_8),(p_6|~u_15),(u_16|p_7|~p_8|~p_9),(p_7|~u_16),(u_17|p_7|~q_8|~q_9),(p_7|~u_17),(u_18|q_0|~p_1|~q_2),(q_0|~u_18),(u_19|q_0|~q_1|~p_2),(q_0|~u_19),(u_20|q_1|~p_2|~q_3),(q_1|~u_20),(u_21|q_1|~q_2|~p_3),(q_1|~u_21),(u_22|q_2|~p_3|~q_4),(q_2|~u_22),(u_23|q_2|~q_3|~p_4),(q_2|~u_23),(u_24|q_3|~p_4|~q_5),(q_3|~u_24),(u_25|q_3|~q_4|~p_5),(q_3|~u_25),(u_26|q_4|~p_5|~q_6),(q_4|~u_26),(u_27|q_4|~q_5|~p_6),(q_4|~u_27),(u_28|q_5|~p_6|~q_7),(q_5|~u_28),(u_29|q_5|~q_6|~p_7),(q_5|~u_29),(u_30|q_6|~p_7|~q_8),(q_6|~u_30),(u_31|q_6|~q_7|~p_8),(q_6|~u_31),(u_32|q_7|~p_8|~q_9),(q_7|~u_32),(u_33|q_7|~q_8|~p_9),(q_7|~u_33),(u_34|p_9|~p_4),(p_9|~u_34),(u_35|p_10|~p_5),(p_10|~u_35),(u_36|q_9|~q_4),(q_9|~u_36),(u_37|q_10|~q_5),(q_10|~u_37),(u_38|p_8),(p_8|~u_38),(u_39|p_9),(p_9|~u_39),(u_40|q_8),(q_8|~u_40),(u_41|q_9),(q_9|~u_41),(~u_1),(u_2|p_0|~p_1|~p_2),(p_0|~u_2),(u_3|p_0|~q_1|~q_2),(p_0|~u_3),(u_4|p_1|~p_2|~p_3),(p_1|~u_4),(u_5|p_1|~q_2|~q_3),(p_1|~u_5),(u_6|p_2|~p_3|~p_4),(p_2|~u_6),(u_7|p_2|~q_3|~q_4),(p_2|~u_7),(u_8|p_3|~p_4|~p_5),(p_3|~u_8),(u_9|p_3|~q_4|~q_5),(p_3|~u_9),(u_10|p_4|~p_5|~p_6),(p_4|~u_10),(u_11|p_4|~q_5|~q_6),(p_4|~u_11),(u_12|p_5|~p_6|~p_7),(p_5|~u_12),(u_13|p_5|~q_6|~q_7),(p_5|~u_13),(u_14|p_6|~p_7|~p_8),(p_6|~u_14),(u_15|p_6|~q_7|~q_8),(p_6|~u_15),(u_16|p_7|~p_8|~p_9),(p_7|~u_16),(u_17|p_7|~q_8|~q_9),(p_7|~u_17),(u_18|q_0|~p_1|~q_2),(q_0|~u_18),(u_19|q_0|~q_1|~p_2),(q_0|~u_19),(u_20|q_1|~p_2|~q_3),(q_1|~u_20),(u_21|q_1|~q_2|~p_3),(q_1|~u_21),(u_22|q_2|~p_3|~q_4),(q_2|~u_22),(u_23|q_2|~q_3|~p_4),(q_2|~u_23),(u_24|q_3|~p_4|~q_5),(q_3|~u_24),(u_25|q_3|~q_4|~p_5),(q_3|~u_25),(u_26|q_4|~p_5|~q_6),(q_4|~u_26),(u_27|q_4|~q_5|~p_6),(q_4|~u_27),(u_28|q_5|~p_6|~q_7),(q_5|~u_28),(u_29|q_5|~q_6|~p_7),(q_5|~u_29),(u_30|q_6|~p_7|~q_8),(q_6|~u_30),(u_31|q_6|~q_7|~p_8),(q_6|~u_31),(u_32|q_7|~p_8|~q_9),(q_7|~u_32),(u_33|q_7|~q_8|~p_9),(q_7|~u_33),(u_34|p_9|~p_4),(p_9|~u_34),(u_35|p_10|~p_5),(p_10|~u_35),(u_36|q_9|~q_4),(q_9|~u_36),(u_37|q_10|~q_5),(q_10|~u_37),(u_38|p_8),(p_8|~u_38),(u_39|p_9),(p_9|~u_39),(u_40|q_8),(q_8|~u_40),(u_41|q_9),(q_9|~u_41)				
../../TPTP-v7.3.0/Problems/SYN/SYN546+1.p		CounterSatisfiable	UNKNOWN		UNKNOWN		fof		(~((~c2_0|~c3_0|(ndr1_0&c8_1(a298)&~c1_1(a298)&~c3_1(a298)))&(c7_0|c3_0)&(c3_0|(ndr1_0&~c3_1(a299)&![U]:(ndr1_1(a299)=>(~c4_2(a299,U)|~c1_2(a299,U)|~c3_2(a299,U)))&~c7_1(a299))|c8_0)&((ndr1_0&![V]:(ndr1_1(a300)=>(c1_2(a300,V)|c6_2(a300,V)|~c2_2(a300,V)))&ndr1_1(a300)&c5_2(a300,a301)&~c1_2(a300,a301)&~c2_2(a300,a301)&c2_1(a300))|(ndr1_0&ndr1_1(a302)&c6_2(a302,a303)&~c1_2(a302,a303)&~c5_2(a302,a303)&c2_1(a302)))&(![W]:(ndr1_0=>(![X]:(ndr1_1(W)=>(~c8_2(W,X)|c3_2(W,X)|c2_2(W,X)))|~c5_1(W)|![Y]:(ndr1_1(W)=>(c5_2(W,Y)|~c8_2(W,Y)))))|c6_0|(ndr1_0&c1_1(a304)&c3_1(a304)&~c5_1(a304)))&(~c5_0|~c3_0|~c1_0)&(~c3_0|(ndr1_0&![Z]:(ndr1_1(a305)=>(~c6_2(a305,Z)|c4_2(a305,Z)|~c8_2(a305,Z)))&~c5_1(a305)&ndr1_1(a305)&~c3_2(a305,a306)&c2_2(a305,a306)&c8_2(a305,a306))|c1_0)&(c4_0|(ndr1_0&c1_1(a307)&ndr1_1(a307)&~c6_2(a307,a308)&c3_2(a307,a308)&![X1]:(ndr1_1(a307)=>(c5_2(a307,X1)|c7_2(a307,X1)|c1_2(a307,X1))))|c8_0)&(c6_0|c7_0)&((ndr1_0&~c7_1(a309)&![X2]:(ndr1_1(a309)=>(c3_2(a309,X2)|~c2_2(a309,X2)|c6_2(a309,X2)))&c3_1(a309))|c5_0)&(![X3]:(ndr1_0=>(~c1_1(X3)|c4_1(X3)|c8_1(X3)))|![X4]:(ndr1_0=>(~c1_1(X4)|~c2_1(X4)|~c8_1(X4)))|c8_0)&(![X5]:(ndr1_0=>(c4_1(X5)|![X6]:(ndr1_1(X5)=>(~c1_2(X5,X6)|c7_2(X5,X6)|~c5_2(X5,X6)))|(ndr1_1(X5)&c7_2(X5,a310)&c6_2(X5,a310)&~c3_2(X5,a310))))|~c6_0|c7_0)&(~c5_0|~c7_0|~c6_0)&(c7_0|~c5_0)&((ndr1_0&![X7]:(ndr1_1(a311)=>(~c7_2(a311,X7)|~c8_2(a311,X7)))&ndr1_1(a311)&c1_2(a311,a312)&~c4_2(a311,a312)&~c5_2(a311,a312)&ndr1_1(a311)&~c7_2(a311,a313)&~c4_2(a311,a313)&~c5_2(a311,a313))|c5_0|~c2_0)&(~c4_0|(ndr1_0&c6_1(a314)&~c1_1(a314)&~c8_1(a314))|c8_0)&(c3_0|![X8]:(ndr1_0=>(c2_1(X8)|c7_1(X8)|![X9]:(ndr1_1(X8)=>(~c6_2(X8,X9)|~c2_2(X8,X9)|c1_2(X8,X9)))))|~c2_0)&((ndr1_0&~c4_1(a315)&![X10]:(ndr1_1(a315)=>(~c2_2(a315,X10)|~c5_2(a315,X10)|~c1_2(a315,X10)))&~c2_1(a315))|~c6_0|(ndr1_0&c4_1(a316)))&(~c8_0|(ndr1_0&![X11]:(ndr1_1(a317)=>(c3_2(a317,X11)|c6_2(a317,X11)|c7_2(a317,X11)))&c8_1(a317)&![X12]:(ndr1_1(a317)=>(c4_2(a317,X12)|c8_2(a317,X12)|c5_2(a317,X12))))|![X13]:(ndr1_0=>(![X14]:(ndr1_1(X13)=>(c3_2(X13,X14)|~c1_2(X13,X14)|~c8_2(X13,X14)))|(ndr1_1(X13)&c7_2(X13,a318)&~c2_2(X13,a318)&~c1_2(X13,a318)))))&(c2_0|~c4_0|c3_0)&(~c4_0|~c6_0|![X15]:(ndr1_0=>(![X16]:(ndr1_1(X15)=>(c8_2(X15,X16)|c6_2(X15,X16)))|(ndr1_1(X15)&c5_2(X15,a319)&~c7_2(X15,a319)&c4_2(X15,a319))|![X17]:(ndr1_1(X15)=>(c1_2(X15,X17)|~c2_2(X15,X17)|c5_2(X15,X17))))))&(![X18]:(ndr1_0=>((ndr1_1(X18)&c1_2(X18,a320)&c3_2(X18,a320)&c4_2(X18,a320))|~c6_1(X18)|![X19]:(ndr1_1(X18)=>(c4_2(X18,X19)|~c7_2(X18,X19)))))|![X20]:(ndr1_0=>(~c6_1(X20)|c4_1(X20)|c1_1(X20)))|(ndr1_0&![X21]:(ndr1_1(a321)=>(~c2_2(a321,X21)|~c4_2(a321,X21)|c6_2(a321,X21)))&ndr1_1(a321)&~c8_2(a321,a322)&~c6_2(a321,a322)&c5_2(a321,a322)))&((ndr1_0&c1_1(a323)&ndr1_1(a323)&c4_2(a323,a324)&~c6_2(a323,a324)&~c5_2(a323,a324))|(ndr1_0&c4_1(a325)&![X22]:(ndr1_1(a325)=>(~c7_2(a325,X22)|~c5_2(a325,X22)|~c1_2(a325,X22)))&c6_1(a325))|c2_0)&(![X23]:(ndr1_0=>(![X24]:(ndr1_1(X23)=>(~c1_2(X23,X24)|~c6_2(X23,X24)))|![X25]:(ndr1_1(X23)=>(c5_2(X23,X25)|c7_2(X23,X25)|~c8_2(X23,X25)))|~c5_1(X23)))|(ndr1_0&c8_1(a326)&ndr1_1(a326)&~c1_2(a326,a327)&c8_2(a326,a327)&~c2_2(a326,a327)&![X26]:(ndr1_1(a326)=>(~c8_2(a326,X26)|c7_2(a326,X26)))))&((ndr1_0&ndr1_1(a328)&c5_2(a328,a329)&c2_2(a328,a329)&~c4_2(a328,a329)&c6_1(a328)&~c4_1(a328))|~c2_0|(ndr1_0&ndr1_1(a330)&~c5_2(a330,a331)&c6_2(a330,a331)&~c1_2(a330,a331)&ndr1_1(a330)&~c8_2(a330,a332)&~c2_2(a330,a332)&~c5_2(a330,a332)&~c6_1(a330)))&(~c3_0|![X27]:(ndr1_0=>(c4_1(X27)|(ndr1_1(X27)&~c7_2(X27,a333)&c2_2(X27,a333)&c6_2(X27,a333))|![X28]:(ndr1_1(X27)=>(~c1_2(X27,X28)|~c5_2(X27,X28)|c8_2(X27,X28)))))|(ndr1_0&~c6_1(a334)&~c1_1(a334)&ndr1_1(a334)&~c3_2(a334,a335)&~c4_2(a334,a335)&c5_2(a334,a335)))&(~c5_0|c6_0|c7_0)&((ndr1_0&c5_1(a336)&c3_1(a336))|~c1_0|~c8_0)&(~c8_0|~c6_0|c3_0)&(~c2_0|~c5_0|c7_0)&(![X29]:(ndr1_0=>(c3_1(X29)|~c2_1(X29)|(ndr1_1(X29)&c8_2(X29,a337)&c5_2(X29,a337)&~c7_2(X29,a337))))|(ndr1_0&c1_1(a338))|c4_0)&(![X30]:(ndr1_0=>(![X31]:(ndr1_1(X30)=>(c1_2(X30,X31)|c8_2(X30,X31)|~c4_2(X30,X31)))|~c2_1(X30)))|~c6_0|~c5_0)&((ndr1_0&~c2_1(a339)&![X32]:(ndr1_1(a339)=>(c8_2(a339,X32)|c2_2(a339,X32)))&![X33]:(ndr1_1(a339)=>(c8_2(a339,X33)|~c7_2(a339,X33))))|c3_0|~c2_0)&(![X34]:(ndr1_0=>((ndr1_1(X34)&~c8_2(X34,a340)&c6_2(X34,a340)&~c3_2(X34,a340))|(ndr1_1(X34)&c1_2(X34,a341)&c7_2(X34,a341))|~c2_1(X34)))|c2_0)&(c5_0|![X35]:(ndr1_0=>(![X36]:(ndr1_1(X35)=>(c7_2(X35,X36)|~c5_2(X35,X36)))|c5_1(X35)|c8_1(X35)))|![X37]:(ndr1_0=>(![X38]:(ndr1_1(X37)=>(c8_2(X37,X38)|c3_2(X37,X38)))|~c2_1(X37)|![X39]:(ndr1_1(X37)=>(~c6_2(X37,X39)|c8_2(X37,X39)|c7_2(X37,X39))))))&(![X40]:(ndr1_0=>(c3_1(X40)|c1_1(X40)|~c2_1(X40)))|(ndr1_0&![X41]:(ndr1_1(a342)=>(c4_2(a342,X41)|c5_2(a342,X41)))&![X42]:(ndr1_1(a342)=>(c5_2(a342,X42)|~c8_2(a342,X42)|~c4_2(a342,X42)))&ndr1_1(a342)&c7_2(a342,a343)&c8_2(a342,a343)&~c4_2(a342,a343))|![X43]:(ndr1_0=>((ndr1_1(X43)&c4_2(X43,a344)&c7_2(X43,a344)&~c6_2(X43,a344))|![X44]:(ndr1_1(X43)=>(~c6_2(X43,X44)|c4_2(X43,X44)))|c6_1(X43))))&(c6_0|~c4_0|~c3_0)&(~c6_0|(ndr1_0&ndr1_1(a345)&c5_2(a345,a346)&~c1_2(a345,a346)&c2_2(a345,a346)&c2_1(a345)&c6_1(a345))|(ndr1_0&c4_1(a347)&ndr1_1(a347)&c2_2(a347,a348)&~c4_2(a347,a348)&c3_2(a347,a348)&c8_1(a347)))&((ndr1_0&~c3_1(a349)&~c5_1(a349)&~c8_1(a349))|c1_0|~c5_0)&((ndr1_0&![X45]:(ndr1_1(a350)=>(c1_2(a350,X45)|c8_2(a350,X45)|c4_2(a350,X45)))&![X46]:(ndr1_1(a350)=>(~c3_2(a350,X46)|c4_2(a350,X46)|~c5_2(a350,X46)))&![X47]:(ndr1_1(a350)=>(c2_2(a350,X47)|~c6_2(a350,X47)|c4_2(a350,X47))))|(ndr1_0&![X48]:(ndr1_1(a351)=>(c1_2(a351,X48)|~c6_2(a351,X48)|~c7_2(a351,X48)))&![X49]:(ndr1_1(a351)=>(c2_2(a351,X49)|c4_2(a351,X49)|c5_2(a351,X49))))|(ndr1_0&ndr1_1(a352)&c6_2(a352,a353)&c4_2(a352,a353)&~c8_2(a352,a353)&![X50]:(ndr1_1(a352)=>(~c5_2(a352,X50)|~c8_2(a352,X50)|c1_2(a352,X50)))&c2_1(a352)))&((ndr1_0&c5_1(a354)&![X51]:(ndr1_1(a354)=>(~c2_2(a354,X51)|c8_2(a354,X51)))&~c2_1(a354))|(ndr1_0&c6_1(a355)&ndr1_1(a355)&c1_2(a355,a356)&~c6_2(a355,a356)&c8_2(a355,a356)&~c2_1(a355))|~c7_0)&(c1_0|c4_0|c8_0)&(~c1_0|c8_0)&(c3_0|~c5_0|![X52]:(ndr1_0=>(![X53]:(ndr1_1(X52)=>(~c6_2(X52,X53)|c2_2(X52,X53)|c1_2(X52,X53)))|~c4_1(X52)|~c6_1(X52))))&((ndr1_0&ndr1_1(a357)&~c3_2(a357,a358)&c7_2(a357,a358)&~c6_2(a357,a358)&![X54]:(ndr1_1(a357)=>(c1_2(a357,X54)|~c4_2(a357,X54)|~c5_2(a357,X54)))&![X55]:(ndr1_1(a357)=>(c5_2(a357,X55)|~c7_2(a357,X55)|~c8_2(a357,X55))))|![X56]:(ndr1_0=>((ndr1_1(X56)&~c6_2(X56,a359)&c8_2(X56,a359)&~c4_2(X56,a359))|![X57]:(ndr1_1(X56)=>(c7_2(X56,X57)|c4_2(X56,X57)|~c1_2(X56,X57)))|(ndr1_1(X56)&~c5_2(X56,a360)&~c4_2(X56,a360)&~c8_2(X56,a360))))|![X58]:(ndr1_0=>((ndr1_1(X58)&c7_2(X58,a361)&~c5_2(X58,a361)&~c4_2(X58,a361))|~c6_1(X58))))&(![X59]:(ndr1_0=>(~c7_1(X59)|![X60]:(ndr1_1(X59)=>(c4_2(X59,X60)|~c7_2(X59,X60)|c2_2(X59,X60)))|![X61]:(ndr1_1(X59)=>(c7_2(X59,X61)|~c3_2(X59,X61)|c5_2(X59,X61)))))|(ndr1_0&c5_1(a362)&ndr1_1(a362)&~c6_2(a362,a363)&c2_2(a362,a363)&~c1_2(a362,a363)&![X62]:(ndr1_1(a362)=>(c6_2(a362,X62)|~c2_2(a362,X62)|c5_2(a362,X62))))|![X63]:(ndr1_0=>(![X64]:(ndr1_1(X63)=>(~c3_2(X63,X64)|~c8_2(X63,X64)))|c8_1(X63)|![X65]:(ndr1_1(X63)=>(~c7_2(X63,X65)|~c2_2(X63,X65)|~c8_2(X63,X65))))))&(![X66]:(ndr1_0=>(c4_1(X66)|~c1_1(X66)|~c2_1(X66)))|![X67]:(ndr1_0=>(![X68]:(ndr1_1(X67)=>(c5_2(X67,X68)|~c8_2(X67,X68)|~c6_2(X67,X68)))|(ndr1_1(X67)&c2_2(X67,a364)&~c4_2(X67,a364)&c8_2(X67,a364))|c8_1(X67)))|![X69]:(ndr1_0=>(c1_1(X69)|![X70]:(ndr1_1(X69)=>(c5_2(X69,X70)|c8_2(X69,X70)|~c7_2(X69,X70)))|c7_1(X69))))&((ndr1_0&![X71]:(ndr1_1(a365)=>(c4_2(a365,X71)|c5_2(a365,X71)))&~c7_1(a365)&c1_1(a365))|(ndr1_0&![X72]:(ndr1_1(a366)=>(c1_2(a366,X72)|c2_2(a366,X72)|~c4_2(a366,X72)))&![X73]:(ndr1_1(a366)=>(c7_2(a366,X73)|c1_2(a366,X73)))&![X74]:(ndr1_1(a366)=>(c8_2(a366,X74)|c4_2(a366,X74))))|![X75]:(ndr1_0=>(c3_1(X75)|(ndr1_1(X75)&~c8_2(X75,a367)&c4_2(X75,a367)&c5_2(X75,a367))|![X76]:(ndr1_1(X75)=>(~c1_2(X75,X76)|~c6_2(X75,X76)|c5_2(X75,X76))))))&(~c2_0|![X77]:(ndr1_0=>(c6_1(X77)|(ndr1_1(X77)&~c8_2(X77,a368)&c4_2(X77,a368))))|(ndr1_0&c2_1(a369)&ndr1_1(a369)&~c4_2(a369,a370)&~c5_2(a369,a370)&~c8_2(a369,a370)&![X78]:(ndr1_1(a369)=>(c3_2(a369,X78)|c1_2(a369,X78)|c4_2(a369,X78)))))&((ndr1_0&c3_1(a371)&![X79]:(ndr1_1(a371)=>(c4_2(a371,X79)|~c6_2(a371,X79)|~c5_2(a371,X79))))|~c6_0)&(c2_0|![X80]:(ndr1_0=>(~c1_1(X80)|![X81]:(ndr1_1(X80)=>(c8_2(X80,X81)|c3_2(X80,X81)|~c1_2(X80,X81)))|(ndr1_1(X80)&c4_2(X80,a372)&~c8_2(X80,a372)&~c5_2(X80,a372))))|(ndr1_0&c8_1(a373)&c3_1(a373)&c5_1(a373)))&((ndr1_0&![X82]:(ndr1_1(a374)=>(~c5_2(a374,X82)|c8_2(a374,X82)|~c1_2(a374,X82)))&![X83]:(ndr1_1(a374)=>(~c5_2(a374,X83)|c2_2(a374,X83)|c4_2(a374,X83)))&ndr1_1(a374)&~c7_2(a374,a375)&~c6_2(a374,a375)&c5_2(a374,a375))|~c5_0|~c3_0)&(~c3_0|~c4_0|(ndr1_0&![X84]:(ndr1_1(a376)=>(~c8_2(a376,X84)|~c5_2(a376,X84)|c1_2(a376,X84)))&ndr1_1(a376)&~c5_2(a376,a377)&c3_2(a376,a377)&~c6_2(a376,a377)&![X85]:(ndr1_1(a376)=>(~c1_2(a376,X85)|c4_2(a376,X85)|c3_2(a376,X85)))))&(![X86]:(ndr1_0=>(~c2_1(X86)|(ndr1_1(X86)&c6_2(X86,a378)&~c2_2(X86,a378)&~c5_2(X86,a378))|c3_1(X86)))|(ndr1_0&![X87]:(ndr1_1(a379)=>(c3_2(a379,X87)|c5_2(a379,X87)|c4_2(a379,X87)))&c3_1(a379)&~c1_1(a379))|c5_0)&(~c6_0|(ndr1_0&ndr1_1(a380)&c2_2(a380,a381)&~c8_2(a380,a381)&~c1_2(a380,a381)&ndr1_1(a380)&~c6_2(a380,a382)&~c1_2(a380,a382)&c3_2(a380,a382)&ndr1_1(a380)&c6_2(a380,a383)&~c8_2(a380,a383)&c1_2(a380,a383)))&(c3_0|(ndr1_0&c6_1(a384)&~c8_1(a384)&![X88]:(ndr1_1(a384)=>(~c3_2(a384,X88)|~c2_2(a384,X88)|~c7_2(a384,X88)))))&(~c3_0|c5_0|(ndr1_0&c5_1(a385)&c2_1(a385)&ndr1_1(a385)&~c8_2(a385,a386)&~c3_2(a385,a386)&~c6_2(a385,a386)))&(c7_0|~c5_0|c1_0)&((ndr1_0&ndr1_1(a387)&c7_2(a387,a388)&c3_2(a387,a388)&~c8_2(a387,a388)&c6_1(a387)&c1_1(a387))|![X89]:(ndr1_0=>((ndr1_1(X89)&c2_2(X89,a389)&c7_2(X89,a389)&~c6_2(X89,a389))|(ndr1_1(X89)&~c7_2(X89,a390)&c3_2(X89,a390)&~c8_2(X89,a390))|~c2_1(X89))))&(c7_0|c3_0|![X90]:(ndr1_0=>(![X91]:(ndr1_1(X90)=>(c2_2(X90,X91)|c4_2(X90,X91)|~c7_2(X90,X91)))|~c4_1(X90)|~c8_1(X90))))&(![X92]:(ndr1_0=>(~c5_1(X92)|~c6_1(X92)|(ndr1_1(X92)&c7_2(X92,a391)&c8_2(X92,a391)&~c4_2(X92,a391))))|c1_0|![X93]:(ndr1_0=>(![X94]:(ndr1_1(X93)=>(~c4_2(X93,X94)|c8_2(X93,X94)))|~c3_1(X93)|(ndr1_1(X93)&c2_2(X93,a392)&~c4_2(X93,a392)))))&(![X95]:(ndr1_0=>(c2_1(X95)|![X96]:(ndr1_1(X95)=>(~c4_2(X95,X96)|~c5_2(X95,X96)|~c7_2(X95,X96)))|~c1_1(X95)))|c6_0|(ndr1_0&![X97]:(ndr1_1(a393)=>(~c8_2(a393,X97)|~c3_2(a393,X97)|c6_2(a393,X97)))&ndr1_1(a393)&c1_2(a393,a394)&~c4_2(a393,a394)&~c8_2(a393,a394)))&(c3_0|c2_0|c6_0)&(![X98]:(ndr1_0=>(![X99]:(ndr1_1(X98)=>(c4_2(X98,X99)|~c7_2(X98,X99)))|![X100]:(ndr1_1(X98)=>(c3_2(X98,X100)|~c7_2(X98,X100)))|![X101]:(ndr1_1(X98)=>(c3_2(X98,X101)|~c5_2(X98,X101)|c8_2(X98,X101)))))|c5_0)&((ndr1_0&![X102]:(ndr1_1(a395)=>(~c7_2(a395,X102)|c4_2(a395,X102)|~c2_2(a395,X102)))&ndr1_1(a395)&~c3_2(a395,a396)&~c2_2(a395,a396)&c4_2(a395,a396)&~c3_1(a395))|c8_0|~c7_0)&(c8_0|~c1_0)&((ndr1_0&ndr1_1(a397)&c5_2(a397,a398)&~c8_2(a397,a398)&~c7_2(a397,a398)&ndr1_1(a397)&~c7_2(a397,a399)&c2_2(a397,a399)&c1_2(a397,a399)&~c3_1(a397))|(ndr1_0&c7_1(a400)&![X103]:(ndr1_1(a400)=>(c5_2(a400,X103)|~c1_2(a400,X103)))&c5_1(a400))|c5_0)&(~c3_0|~c7_0|![X104]:(ndr1_0=>((ndr1_1(X104)&~c2_2(X104,a401)&~c7_2(X104,a401)&~c6_2(X104,a401))|~c1_1(X104)|![X105]:(ndr1_1(X104)=>(~c2_2(X104,X105)|~c6_2(X104,X105))))))&(c4_0|![X106]:(ndr1_0=>(![X107]:(ndr1_1(X106)=>(~c2_2(X106,X107)|~c6_2(X106,X107)|c7_2(X106,X107)))|c6_1(X106)|c8_1(X106)))|c3_0)&(c7_0|(ndr1_0&ndr1_1(a402)&~c4_2(a402,a403)&c6_2(a402,a403)&c3_2(a402,a403)&![X108]:(ndr1_1(a402)=>(c8_2(a402,X108)|~c6_2(a402,X108)|c2_2(a402,X108)))&~c7_1(a402)))&(![X109]:(ndr1_0=>(c2_1(X109)|c8_1(X109)|(ndr1_1(X109)&c1_2(X109,a404)&~c3_2(X109,a404)&~c6_2(X109,a404))))|~c8_0)&(~c2_0|![X110]:(ndr1_0=>(c8_1(X110)|![X111]:(ndr1_1(X110)=>(c6_2(X110,X111)|c2_2(X110,X111)|c3_2(X110,X111)))|c4_1(X110)))|(ndr1_0&ndr1_1(a405)&~c8_2(a405,a406)&c7_2(a405,a406)&c2_2(a405,a406)&c6_1(a405)&ndr1_1(a405)&~c5_2(a405,a407)&~c6_2(a405,a407)))&(c2_0|(ndr1_0&ndr1_1(a408)&~c7_2(a408,a409)&c4_2(a408,a409)&c1_2(a408,a409)&![X112]:(ndr1_1(a408)=>(c7_2(a408,X112)|~c3_2(a408,X112)))&c8_1(a408))|~c5_0)&(c4_0|(ndr1_0&c1_1(a410)&~c6_1(a410)&![X113]:(ndr1_1(a410)=>(~c1_2(a410,X113)|~c2_2(a410,X113))))|![X114]:(ndr1_0=>(~c6_1(X114)|c8_1(X114)|c5_1(X114))))&(![X115]:(ndr1_0=>(![X116]:(ndr1_1(X115)=>(c7_2(X115,X116)|c3_2(X115,X116)|c6_2(X115,X116)))|(ndr1_1(X115)&~c8_2(X115,a411)&~c2_2(X115,a411)&c3_2(X115,a411))|(ndr1_1(X115)&c2_2(X115,a412)&c6_2(X115,a412)&c8_2(X115,a412))))|(ndr1_0&~c8_1(a413)&~c3_1(a413)&c4_1(a413))|~c3_0)&(c8_0|~c7_0|~c3_0)&(~c3_0|~c5_0|(ndr1_0&ndr1_1(a414)&~c7_2(a414,a415)&~c1_2(a414,a415)&c2_2(a414,a415)&c5_1(a414)&~c6_1(a414)))&(c4_0|c5_0|![X117]:(ndr1_0=>((ndr1_1(X117)&~c8_2(X117,a416)&~c7_2(X117,a416)&~c4_2(X117,a416))|~c6_1(X117))))&(~c7_0|~c8_0|(ndr1_0&c4_1(a417)&ndr1_1(a417)&~c3_2(a417,a418)&~c6_2(a417,a418)&c5_1(a417)))&(![X118]:(ndr1_0=>(~c7_1(X118)|![X119]:(ndr1_1(X118)=>(c4_2(X118,X119)|c5_2(X118,X119)|~c8_2(X118,X119)))|![X120]:(ndr1_1(X118)=>(~c6_2(X118,X120)|~c5_2(X118,X120)|~c7_2(X118,X120)))))|(ndr1_0&ndr1_1(a419)&c1_2(a419,a420)&c7_2(a419,a420)&~c2_2(a419,a420)&~c1_1(a419)&ndr1_1(a419)&~c3_2(a419,a421)&c2_2(a419,a421)&~c4_2(a419,a421)))&((ndr1_0&c6_1(a422)&~c1_1(a422)&c4_1(a422))|~c1_0)&(c6_0|~c4_0|c1_0)&((ndr1_0&ndr1_1(a423)&c8_2(a423,a424)&c1_2(a423,a424)&c5_2(a423,a424)&c4_1(a423)&~c8_1(a423))|~c7_0|(ndr1_0&~c4_1(a425)&ndr1_1(a425)&~c1_2(a425,a426)&c3_2(a425,a426)&c4_2(a425,a426)&c3_1(a425)))&(~c2_0|![X121]:(ndr1_0=>((ndr1_1(X121)&c8_2(X121,a427)&~c1_2(X121,a427))|![X122]:(ndr1_1(X121)=>(~c1_2(X121,X122)|c4_2(X121,X122)|c5_2(X121,X122)))|![X123]:(ndr1_1(X121)=>(c1_2(X121,X123)|c3_2(X121,X123)|c5_2(X121,X123)))))|c6_0)&((ndr1_0&![X124]:(ndr1_1(a428)=>(c7_2(a428,X124)|~c8_2(a428,X124)|~c5_2(a428,X124)))&c3_1(a428))|~c8_0|c2_0)&(c2_0|~c1_0|![X125]:(ndr1_0=>(![X126]:(ndr1_1(X125)=>(c7_2(X125,X126)|c5_2(X125,X126)))|(ndr1_1(X125)&c5_2(X125,a429)&~c6_2(X125,a429)&c8_2(X125,a429))|~c2_1(X125))))&(~c1_0|c5_0|~c3_0)&(![X127]:(ndr1_0=>((ndr1_1(X127)&~c3_2(X127,a430)&c6_2(X127,a430)&c2_2(X127,a430))|~c5_1(X127)|c3_1(X127)))|![X128]:(ndr1_0=>(c5_1(X128)|c7_1(X128)))|~c6_0)&(![X129]:(ndr1_0=>(c4_1(X129)|c7_1(X129)|![X130]:(ndr1_1(X129)=>(~c5_2(X129,X130)|c3_2(X129,X130)|c4_2(X129,X130)))))|c6_0|(ndr1_0&~c1_1(a431)&![X131]:(ndr1_1(a431)=>(c1_2(a431,X131)|c3_2(a431,X131)))&~c2_1(a431)))&(![X132]:(ndr1_0=>(![X133]:(ndr1_1(X132)=>(c4_2(X132,X133)|~c1_2(X132,X133)|~c7_2(X132,X133)))|(ndr1_1(X132)&c6_2(X132,a432)&c1_2(X132,a432)&~c7_2(X132,a432))|(ndr1_1(X132)&c5_2(X132,a433)&c2_2(X132,a433)&c1_2(X132,a433))))|![X134]:(ndr1_0=>(~c3_1(X134)|~c5_1(X134)|c2_1(X134)))|c6_0)&(![X135]:(ndr1_0=>(c7_1(X135)|~c5_1(X135)|(ndr1_1(X135)&~c3_2(X135,a434)&~c6_2(X135,a434)&~c1_2(X135,a434))))|![X136]:(ndr1_0=>(c4_1(X136)|(ndr1_1(X136)&~c5_2(X136,a435)&~c3_2(X136,a435))))|~c7_0)&(c6_0|(ndr1_0&![X137]:(ndr1_1(a436)=>(~c4_2(a436,X137)|~c3_2(a436,X137)|~c5_2(a436,X137)))&c7_1(a436)&![X138]:(ndr1_1(a436)=>(~c5_2(a436,X138)|c2_2(a436,X138))))|~c1_0)&(c6_0|![X139]:(ndr1_0=>((ndr1_1(X139)&~c7_2(X139,a437)&~c1_2(X139,a437))|![X140]:(ndr1_1(X139)=>(c1_2(X139,X140)|~c8_2(X139,X140)|~c5_2(X139,X140)))|c6_1(X139)))|c4_0)&((ndr1_0&ndr1_1(a438)&~c6_2(a438,a439)&c1_2(a438,a439)&ndr1_1(a438)&c4_2(a438,a440)&~c5_2(a438,a440)&~c6_2(a438,a440))|(ndr1_0&![X141]:(ndr1_1(a441)=>(c4_2(a441,X141)|c1_2(a441,X141)))&c5_1(a441)&~c8_1(a441))|(ndr1_0&![X142]:(ndr1_1(a442)=>(c8_2(a442,X142)|~c7_2(a442,X142)|c6_2(a442,X142)))&~c8_1(a442)&~c2_1(a442)))&(![X143]:(ndr1_0=>(![X144]:(ndr1_1(X143)=>(~c7_2(X143,X144)|~c3_2(X143,X144)|~c2_2(X143,X144)))|![X145]:(ndr1_1(X143)=>(c1_2(X143,X145)|c8_2(X143,X145)|~c2_2(X143,X145)))|c8_1(X143)))|~c5_0|![X146]:(ndr1_0=>(~c4_1(X146)|(ndr1_1(X146)&~c5_2(X146,a443)&~c2_2(X146,a443)&~c7_2(X146,a443))|![X147]:(ndr1_1(X146)=>(~c7_2(X146,X147)|~c2_2(X146,X147)|~c3_2(X146,X147))))))&(~c6_0|![X148]:(ndr1_0=>(~c8_1(X148)|~c4_1(X148)|(ndr1_1(X148)&c7_2(X148,a444)&c2_2(X148,a444)&c4_2(X148,a444))))|(ndr1_0&~c2_1(a445)&ndr1_1(a445)&~c5_2(a445,a446)&c3_2(a445,a446)&~c8_2(a445,a446)&ndr1_1(a445)&~c5_2(a445,a447)&~c2_2(a445,a447)&c4_2(a445,a447)))&((ndr1_0&~c8_1(a448)&![X149]:(ndr1_1(a448)=>(c3_2(a448,X149)|~c1_2(a448,X149)))&![X150]:(ndr1_1(a448)=>(~c7_2(a448,X150)|~c3_2(a448,X150)|~c4_2(a448,X150))))|![X151]:(ndr1_0=>(![X152]:(ndr1_1(X151)=>(~c5_2(X151,X152)|c1_2(X151,X152)))|![X153]:(ndr1_1(X151)=>(c5_2(X151,X153)|c7_2(X151,X153)|~c2_2(X151,X153)))|![X154]:(ndr1_1(X151)=>(c3_2(X151,X154)|~c5_2(X151,X154)|c8_2(X151,X154)))))|c3_0)&((ndr1_0&ndr1_1(a449)&~c7_2(a449,a450)&c6_2(a449,a450)&~c8_2(a449,a450)&ndr1_1(a449)&c8_2(a449,a451)&~c2_2(a449,a451)&~c4_2(a449,a451)&ndr1_1(a449)&c7_2(a449,a452)&~c4_2(a449,a452))|c2_0|~c1_0)&(c1_0|c4_0|(ndr1_0&![X155]:(ndr1_1(a453)=>(~c3_2(a453,X155)|~c2_2(a453,X155)|c7_2(a453,X155)))&![X156]:(ndr1_1(a453)=>(c3_2(a453,X156)|~c8_2(a453,X156)|~c4_2(a453,X156)))&c3_1(a453)))&(~c4_0|(ndr1_0&~c2_1(a454)&ndr1_1(a454)&~c2_2(a454,a455)&c8_2(a454,a455)&c4_2(a454,a455)&~c1_1(a454))|c7_0)))			
../../TPTP-v7.3.0/Problems/SYN/SYN435+1.p		CounterSatisfiable	UNKNOWN		UNKNOWN		fof		(~((~hskp0|(ndr1_0&c2_1(a282)&c3_1(a282)&~c1_1(a282)))&(~hskp1|(ndr1_0&c2_1(a283)&~c1_1(a283)&~c3_1(a283)))&(~hskp2|(ndr1_0&~c1_1(a290)&~c3_1(a290)&~c0_1(a290)))&(~hskp3|(ndr1_0&~c2_1(a291)&c0_1(a291)&~c1_1(a291)))&(~hskp4|(ndr1_0&~c0_1(a292)&~c3_1(a292)&~c1_1(a292)))&(~hskp5|(ndr1_0&~c1_1(a294)&c2_1(a294)&~c3_1(a294)))&(~hskp6|(ndr1_0&c2_1(a297)&c0_1(a297)&~c1_1(a297)))&(~hskp7|(ndr1_0&c2_1(a299)&c0_1(a299)&~c3_1(a299)))&(~hskp8|(ndr1_0&~c1_1(a300)&c0_1(a300)&~c2_1(a300)))&(~hskp9|(ndr1_0&c1_1(a301)&~c3_1(a301)&~c0_1(a301)))&(~hskp10|(ndr1_0&~c1_1(a306)&~c3_1(a306)&~c2_1(a306)))&(~hskp11|(ndr1_0&c1_1(a309)&c0_1(a309)&~c2_1(a309)))&(~hskp12|(ndr1_0&~c3_1(a310)&~c1_1(a310)&~c2_1(a310)))&(~hskp13|(ndr1_0&c3_1(a311)&c0_1(a311)&~c1_1(a311)))&(~hskp14|(ndr1_0&~c3_1(a312)&~c0_1(a312)&~c2_1(a312)))&(~hskp15|(ndr1_0&c1_1(a313)&c3_1(a313)&~c2_1(a313)))&(~hskp16|(ndr1_0&c3_1(a317)&c1_1(a317)&~c0_1(a317)))&(~hskp17|(ndr1_0&~c0_1(a318)&~c3_1(a318)&~c2_1(a318)))&(~hskp18|(ndr1_0&~c2_1(a319)&c1_1(a319)&~c0_1(a319)))&(~hskp19|(ndr1_0&c3_1(a322)&~c2_1(a322)&~c1_1(a322)))&(~hskp20|(ndr1_0&~c3_1(a324)&~c2_1(a324)&~c0_1(a324)))&(~hskp21|(ndr1_0&c0_1(a326)&~c1_1(a326)&~c2_1(a326)))&(~hskp22|(ndr1_0&c3_1(a327)&~c1_1(a327)&~c0_1(a327)))&(~hskp23|(ndr1_0&c1_1(a333)&~c2_1(a333)&~c3_1(a333)))&(~hskp24|(ndr1_0&c0_1(a336)&~c2_1(a336)&~c1_1(a336)))&(~hskp25|(ndr1_0&~c2_1(a337)&~c0_1(a337)&~c3_1(a337)))&(~hskp26|(ndr1_0&~c0_1(a347)&~c2_1(a347)&~c1_1(a347)))&(~hskp27|(ndr1_0&c1_1(a284)&~c0_1(a284)&c2_1(a284)))&(~hskp28|(ndr1_0&c0_1(a285)&c2_1(a285)&c1_1(a285)))&(~hskp29|(ndr1_0&~c1_1(a286)&~c0_1(a286)&c2_1(a286)))&(~hskp30|(ndr1_0&c2_1(a287)&c0_1(a287)&c3_1(a287)))&(~hskp31|(ndr1_0&~c1_1(a288)&~c2_1(a288)&c3_1(a288)))&(~hskp32|(ndr1_0&c2_1(a289)&c3_1(a289)&c0_1(a289)))&(~hskp33|(ndr1_0&c1_1(a293)&~c2_1(a293)&c0_1(a293)))&(~hskp34|(ndr1_0&~c3_1(a296)&c2_1(a296)&c1_1(a296)))&(~hskp35|(ndr1_0&~c0_1(a298)&~c3_1(a298)&c2_1(a298)))&(~hskp36|(ndr1_0&c1_1(a302)&c0_1(a302)&c3_1(a302)))&(~hskp37|(ndr1_0&c0_1(a303)&c1_1(a303)&c2_1(a303)))&(~hskp38|(ndr1_0&~c2_1(a304)&c0_1(a304)&c1_1(a304)))&(~hskp39|(ndr1_0&~c2_1(a305)&~c1_1(a305)&c0_1(a305)))&(~hskp40|(ndr1_0&c2_1(a307)&~c0_1(a307)&c1_1(a307)))&(~hskp41|(ndr1_0&c1_1(a315)&c3_1(a315)&c2_1(a315)))&(~hskp42|(ndr1_0&~c1_1(a316)&~c3_1(a316)&c0_1(a316)))&(~hskp43|(ndr1_0&~c2_1(a325)&c1_1(a325)&c3_1(a325)))&(~hskp44|(ndr1_0&c2_1(a330)&~c3_1(a330)&c0_1(a330)))&(~hskp45|(ndr1_0&c1_1(a331)&~c3_1(a331)&c2_1(a331)))&(~hskp46|(ndr1_0&~c3_1(a334)&~c0_1(a334)&c2_1(a334)))&(~hskp47|(ndr1_0&~c0_1(a335)&~c2_1(a335)&c1_1(a335)))&(~hskp48|(ndr1_0&~c3_1(a340)&c1_1(a340)&c2_1(a340)))&(~hskp49|(ndr1_0&c3_1(a342)&~c1_1(a342)&c0_1(a342)))&(~hskp50|(ndr1_0&c0_1(a343)&c1_1(a343)&c3_1(a343)))&(~hskp51|(ndr1_0&c0_1(a344)&~c1_1(a344)&c3_1(a344)))&(~hskp52|(ndr1_0&~c0_1(a345)&c2_1(a345)&c1_1(a345)))&(![U]:(ndr1_0=>(c3_1(U)|~c0_1(U)|c2_1(U)))|hskp0|![V]:(ndr1_0=>(c1_1(V)|c0_1(V)|c3_1(V))))&(hskp1|hskp27|hskp28)&(hskp29|hskp30|![W]:(ndr1_0=>(c2_1(W)|~c3_1(W)|~c1_1(W))))&(![X]:(ndr1_0=>(~c2_1(X)|~c1_1(X)|~c0_1(X)))|hskp31|![Y]:(ndr1_0=>(c1_1(Y)|~c2_1(Y)|~c3_1(Y))))&(hskp32|hskp2|![Z]:(ndr1_0=>(c3_1(Z)|c0_1(Z)|~c2_1(Z))))&(![X1]:(ndr1_0=>(c2_1(X1)|~c3_1(X1)|~c1_1(X1)))|hskp3|hskp4)&(hskp33|![X2]:(ndr1_0=>(~c0_1(X2)|~c2_1(X2)|~c1_1(X2)))|hskp5)&(hskp33|hskp34|![X3]:(ndr1_0=>(c2_1(X3)|c1_1(X3)|c0_1(X3))))&(![X4]:(ndr1_0=>(~c2_1(X4)|c0_1(X4)|~c3_1(X4)))|![X5]:(ndr1_0=>(c1_1(X5)|~c2_1(X5)|c3_1(X5)))|![X6]:(ndr1_0=>(~c2_1(X6)|~c0_1(X6)|c1_1(X6))))&(![X7]:(ndr1_0=>(~c2_1(X7)|c3_1(X7)|~c1_1(X7)))|![X8]:(ndr1_0=>(c2_1(X8)|~c0_1(X8)|~c3_1(X8)))|hskp6)&(![X9]:(ndr1_0=>(c1_1(X9)|c3_1(X9)|~c0_1(X9)))|![X10]:(ndr1_0=>(~c2_1(X10)|~c1_1(X10)|~c3_1(X10)))|hskp35)&(![X11]:(ndr1_0=>(~c2_1(X11)|~c0_1(X11)|~c1_1(X11)))|hskp7|![X12]:(ndr1_0=>(~c0_1(X12)|c1_1(X12)|~c3_1(X12))))&(![X13]:(ndr1_0=>(~c1_1(X13)|c3_1(X13)|~c0_1(X13)))|![X14]:(ndr1_0=>(c3_1(X14)|c1_1(X14)|~c2_1(X14)))|hskp8)&(hskp9|![X15]:(ndr1_0=>(~c0_1(X15)|c3_1(X15)|~c1_1(X15)))|![X16]:(ndr1_0=>(~c0_1(X16)|c3_1(X16)|c2_1(X16))))&(hskp36|![X17]:(ndr1_0=>(~c3_1(X17)|~c0_1(X17)|c2_1(X17)))|![X18]:(ndr1_0=>(c0_1(X18)|~c2_1(X18)|c1_1(X18))))&(hskp37|hskp38|![X19]:(ndr1_0=>(c0_1(X19)|c2_1(X19)|~c1_1(X19))))&(hskp39|hskp10|![X20]:(ndr1_0=>(~c3_1(X20)|c2_1(X20)|~c1_1(X20))))&(hskp40|![X21]:(ndr1_0=>(~c2_1(X21)|~c0_1(X21)|~c1_1(X21)))|![X22]:(ndr1_0=>(c3_1(X22)|c0_1(X22)|c1_1(X22))))&(![X23]:(ndr1_0=>(c3_1(X23)|c0_1(X23)|c1_1(X23)))|hskp30|hskp11)&(hskp12|![X24]:(ndr1_0=>(c0_1(X24)|~c3_1(X24)|~c1_1(X24)))|![X25]:(ndr1_0=>(c0_1(X25)|c1_1(X25)|~c3_1(X25))))&(hskp13|![X26]:(ndr1_0=>(c2_1(X26)|c1_1(X26)|~c3_1(X26)))|hskp14)&(hskp15|![X27]:(ndr1_0=>(c2_1(X27)|~c1_1(X27)|~c3_1(X27)))|hskp13)&(hskp41|hskp42|![X28]:(ndr1_0=>(c0_1(X28)|~c2_1(X28)|c1_1(X28))))&(![X29]:(ndr1_0=>(c0_1(X29)|c2_1(X29)|~c1_1(X29)))|hskp16|![X30]:(ndr1_0=>(~c0_1(X30)|c2_1(X30)|c3_1(X30))))&(hskp17|hskp18|![X31]:(ndr1_0=>(~c1_1(X31)|~c3_1(X31)|c0_1(X31))))&(![X32]:(ndr1_0=>(~c1_1(X32)|c3_1(X32)|c2_1(X32)))|![X33]:(ndr1_0=>(c3_1(X33)|~c1_1(X33)|c0_1(X33)))|hskp4)&(![X34]:(ndr1_0=>(c2_1(X34)|c1_1(X34)|c0_1(X34)))|![X35]:(ndr1_0=>(c2_1(X35)|c3_1(X35)|c0_1(X35)))|hskp13)&(hskp19|hskp18|hskp20)&(hskp43|hskp21|hskp22)&(hskp43|hskp42|hskp44)&(hskp45|hskp18|hskp23)&(hskp46|hskp47|hskp24)&(hskp25|![X36]:(ndr1_0=>(c3_1(X36)|c0_1(X36)|~c1_1(X36)))|![X37]:(ndr1_0=>(c1_1(X37)|~c3_1(X37)|~c2_1(X37))))&(![X38]:(ndr1_0=>(c1_1(X38)|~c2_1(X38)|c3_1(X38)))|hskp7|![X39]:(ndr1_0=>(~c3_1(X39)|~c0_1(X39)|~c2_1(X39))))&(hskp19|![X40]:(ndr1_0=>(~c3_1(X40)|~c0_1(X40)|~c2_1(X40)))|hskp48)&(hskp45|![X41]:(ndr1_0=>(~c0_1(X41)|~c1_1(X41)|~c2_1(X41)))|hskp49)&(hskp50|hskp51)&(![X42]:(ndr1_0=>(~c3_1(X42)|c0_1(X42)|~c1_1(X42)))|hskp52|![X43]:(ndr1_0=>(c0_1(X43)|~c3_1(X43)|~c1_1(X43))))&(![X44]:(ndr1_0=>(~c2_1(X44)|c0_1(X44)|~c1_1(X44)))|![X45]:(ndr1_0=>(~c3_1(X45)|~c0_1(X45)|~c1_1(X45)))|![X46]:(ndr1_0=>(~c2_1(X46)|~c3_1(X46)|c0_1(X46))))&(![X47]:(ndr1_0=>(~c3_1(X47)|~c0_1(X47)|c1_1(X47)))|hskp41|hskp26)))			
../../TPTP-v7.3.0/Problems/SYN/SYN955+1.p		Theorem	UNKNOWN		UNKNOWN		fof		(![X]:(a(X)=>b(X))=>(?[X]:a(X)=>?[X]:b(X)))			
../../TPTP-v7.3.0/Problems/SYN/SYN727-1.p		Unsatisfiable	UNKNOWN		UNKNOWN		cnf					
../../TPTP-v7.3.0/Problems/SYN/SYN495-1.p		Satisfiable	UNKNOWN		UNKNOWN		cnf					
../../TPTP-v7.3.0/Problems/SYN/SYN532-1.p		Satisfiable	UNKNOWN		UNKNOWN		cnf					
../../TPTP-v7.3.0/Problems/SYN/SYN885-1.p		Unsatisfiable	UNKNOWN		UNKNOWN		cnf					
../../TPTP-v7.3.0/Problems/SYN/SYN196-1.p		Unsatisfiable	UNKNOWN		UNKNOWN		cnf					
../../TPTP-v7.3.0/Problems/SYN/SYN036+2.p		Theorem	UNKNOWN		UNKNOWN		fof		((?[X]:![Y]:(big_p(X)<=>big_p(Y))<=>(?[U]:big_q(U)<=>![W]:big_p(W)))<=>(?[X1]:![Y1]:(big_q(X1)<=>big_q(Y1))<=>(?[U1]:big_p(U1)<=>![W1]:big_q(W1))))			
../../TPTP-v7.3.0/Problems/SYN/SYN252-1.p		Unsatisfiable	UNKNOWN		UNKNOWN		cnf					
../../TPTP-v7.3.0/Problems/SYN/SYN655-1.p		Unsatisfiable	UNKNOWN		UNKNOWN		cnf					
../../TPTP-v7.3.0/Problems/SYN/SYN342-1.p		Satisfiable	UNKNOWN		UNKNOWN		cnf					
../../TPTP-v7.3.0/Problems/SYN/SYN986+1.001.p		Theorem	UNKNOWN		UNKNOWN		fof		(?[Z1,Z0]:(r(zero,zero,Z1)&r(zero,Z1,Z0)))			
../../TPTP-v7.3.0/Problems/SYN/SYN473+1.p		Theorem	UNKNOWN		UNKNOWN		fof		(~((~hskp0|(ndr1_0&c0_1(a793)&c2_1(a793)&~c1_1(a793)))&(~hskp1|(ndr1_0&c3_1(a794)&~c0_1(a794)&~c2_1(a794)))&(~hskp2|(ndr1_0&~c0_1(a795)&~c1_1(a795)&~c3_1(a795)))&(~hskp3|(ndr1_0&c0_1(a798)&c2_1(a798)&~c3_1(a798)))&(~hskp4|(ndr1_0&c0_1(a799)&c3_1(a799)&~c1_1(a799)))&(~hskp5|(ndr1_0&c3_1(a800)&~c0_1(a800)&~c1_1(a800)))&(~hskp6|(ndr1_0&c2_1(a802)&~c0_1(a802)&~c1_1(a802)))&(~hskp7|(ndr1_0&c1_1(a803)&c3_1(a803)&~c2_1(a803)))&(~hskp8|(ndr1_0&c1_1(a805)&~c2_1(a805)&~c3_1(a805)))&(~hskp9|(ndr1_0&c0_1(a806)&c1_1(a806)&~c3_1(a806)))&(~hskp10|(ndr1_0&~c0_1(a807)&~c2_1(a807)&~c3_1(a807)))&(~hskp11|(ndr1_0&c3_1(a808)&~c1_1(a808)&~c2_1(a808)))&(~hskp12|(ndr1_0&c1_1(a809)&c2_1(a809)&~c0_1(a809)))&(~hskp13|(ndr1_0&c1_1(a814)&~c0_1(a814)&~c3_1(a814)))&(~hskp14|(ndr1_0&c0_1(a816)&~c1_1(a816)&~c2_1(a816)))&(~hskp15|(ndr1_0&c2_1(a817)&c3_1(a817)&~c1_1(a817)))&(~hskp16|(ndr1_0&~c0_1(a821)&~c1_1(a821)&~c2_1(a821)))&(~hskp17|(ndr1_0&c0_1(a825)&c1_1(a825)&~c2_1(a825)))&(~hskp18|(ndr1_0&~c1_1(a828)&~c2_1(a828)&~c3_1(a828)))&(~hskp19|(ndr1_0&c2_1(a832)&~c1_1(a832)&~c3_1(a832)))&(~hskp20|(ndr1_0&c1_1(a833)&~c0_1(a833)&~c2_1(a833)))&(~hskp21|(ndr1_0&c0_1(a838)&c3_1(a838)&~c2_1(a838)))&(~hskp22|(ndr1_0&c1_1(a840)&c3_1(a840)&~c0_1(a840)))&(~hskp23|(ndr1_0&c0_1(a856)&~c2_1(a856)&~c3_1(a856)))&(~hskp24|(ndr1_0&c0_1(a862)&~c1_1(a862)&~c3_1(a862)))&(~hskp25|(ndr1_0&c1_1(a865)&c2_1(a865)&~c3_1(a865)))&(~hskp26|(ndr1_0&c2_1(a869)&c3_1(a869)&~c0_1(a869)))&(~hskp27|(ndr1_0&c0_1(a796)&c2_1(a796)&c3_1(a796)))&(~hskp28|(ndr1_0&c1_1(a797)&c2_1(a797)&c3_1(a797)))&(~hskp29|(ndr1_0&c0_1(a829)&c1_1(a829)&c2_1(a829)))&(~hskp30|(ndr1_0&c0_1(a867)&c1_1(a867)&c3_1(a867)))&(![U]:(ndr1_0=>(c0_1(U)|c1_1(U)|c2_1(U)))|![V]:(ndr1_0=>(c0_1(V)|c2_1(V)|c3_1(V)))|![W]:(ndr1_0=>(c3_1(W)|~c1_1(W)|~c2_1(W))))&(![X]:(ndr1_0=>(c0_1(X)|c1_1(X)|c2_1(X)))|![Y]:(ndr1_0=>(c3_1(Y)|~c0_1(Y)|~c2_1(Y)))|hskp0)&(![Z]:(ndr1_0=>(c0_1(Z)|c1_1(Z)|c2_1(Z)))|hskp1|hskp2)&(![X1]:(ndr1_0=>(c0_1(X1)|c1_1(X1)|c3_1(X1)))|![X2]:(ndr1_0=>(c0_1(X2)|~c1_1(X2)|~c2_1(X2)))|![X3]:(ndr1_0=>(c1_1(X3)|c3_1(X3)|~c2_1(X3))))&(![X4]:(ndr1_0=>(c0_1(X4)|c1_1(X4)|c3_1(X4)))|hskp27|hskp28)&(![X5]:(ndr1_0=>(c0_1(X5)|c1_1(X5)|c3_1(X5)))|hskp3|hskp4)&(![X6]:(ndr1_0=>(c0_1(X6)|c1_1(X6)|~c3_1(X6)))|![X7]:(ndr1_0=>(c0_1(X7)|c3_1(X7)|~c2_1(X7)))|hskp5)&(![X8]:(ndr1_0=>(c0_1(X8)|c1_1(X8)|~c3_1(X8)))|![X9]:(ndr1_0=>(c1_1(X9)|c3_1(X9)|~c2_1(X9)))|hskp4)&(![X10]:(ndr1_0=>(c0_1(X10)|c1_1(X10)|~c3_1(X10)))|![X11]:(ndr1_0=>(c1_1(X11)|~c0_1(X11)|~c2_1(X11)))|![X12]:(ndr1_0=>(c2_1(X12)|~c0_1(X12)|~c1_1(X12))))&(![X13]:(ndr1_0=>(c0_1(X13)|c1_1(X13)|~c3_1(X13)))|![X14]:(ndr1_0=>(c2_1(X14)|~c1_1(X14)|~c3_1(X14)))|hskp6)&(![X15]:(ndr1_0=>(c0_1(X15)|c1_1(X15)|~c3_1(X15)))|![X16]:(ndr1_0=>(~c1_1(X16)|~c2_1(X16)|~c3_1(X16)))|hskp7)&(![X17]:(ndr1_0=>(c0_1(X17)|c1_1(X17)|~c3_1(X17)))|hskp4|hskp8)&(![X18]:(ndr1_0=>(c0_1(X18)|c2_1(X18)|c3_1(X18)))|![X19]:(ndr1_0=>(c0_1(X19)|~c1_1(X19)|~c3_1(X19)))|![X20]:(ndr1_0=>(c3_1(X20)|~c0_1(X20)|~c1_1(X20))))&(![X21]:(ndr1_0=>(c0_1(X21)|c2_1(X21)|c3_1(X21)))|![X22]:(ndr1_0=>(c1_1(X22)|c2_1(X22)|~c3_1(X22)))|![X23]:(ndr1_0=>(c1_1(X23)|c3_1(X23)|~c0_1(X23))))&(![X24]:(ndr1_0=>(c0_1(X24)|c2_1(X24)|c3_1(X24)))|hskp9|hskp10)&(![X25]:(ndr1_0=>(c0_1(X25)|c2_1(X25)|~c3_1(X25)))|![X26]:(ndr1_0=>(c0_1(X26)|c3_1(X26)|~c1_1(X26)))|hskp11)&(![X27]:(ndr1_0=>(c0_1(X27)|c2_1(X27)|~c3_1(X27)))|![X28]:(ndr1_0=>(c0_1(X28)|c3_1(X28)|~c2_1(X28)))|hskp12)&(![X29]:(ndr1_0=>(c0_1(X29)|c2_1(X29)|~c3_1(X29)))|![X30]:(ndr1_0=>(c0_1(X30)|~c1_1(X30)|~c2_1(X30)))|![X31]:(ndr1_0=>(c3_1(X31)|~c0_1(X31)|~c2_1(X31))))&(![X32]:(ndr1_0=>(c0_1(X32)|c2_1(X32)|~c3_1(X32)))|![X33]:(ndr1_0=>(c0_1(X33)|~c1_1(X33)|~c3_1(X33)))|![X34]:(ndr1_0=>(c3_1(X34)|~c1_1(X34)|~c2_1(X34))))&(![X35]:(ndr1_0=>(c0_1(X35)|c2_1(X35)|~c3_1(X35)))|![X36]:(ndr1_0=>(c2_1(X36)|~c0_1(X36)|~c1_1(X36)))|hskp9)&(![X37]:(ndr1_0=>(c0_1(X37)|c2_1(X37)|~c3_1(X37)))|hskp1|hskp10)&(![X38]:(ndr1_0=>(c0_1(X38)|c3_1(X38)|~c1_1(X38)))|![X39]:(ndr1_0=>(c1_1(X39)|~c2_1(X39)|~c3_1(X39)))|![X40]:(ndr1_0=>(~c0_1(X40)|~c2_1(X40)|~c3_1(X40))))&(![X41]:(ndr1_0=>(c0_1(X41)|c3_1(X41)|~c1_1(X41)))|![X42]:(ndr1_0=>(c2_1(X42)|c3_1(X42)|~c1_1(X42)))|hskp3)&(![X43]:(ndr1_0=>(c0_1(X43)|c3_1(X43)|~c1_1(X43)))|hskp13|hskp6)&(![X44]:(ndr1_0=>(c0_1(X44)|c3_1(X44)|~c2_1(X44)))|![X45]:(ndr1_0=>(c0_1(X45)|~c1_1(X45)|~c3_1(X45)))|hskp14)&(![X46]:(ndr1_0=>(c0_1(X46)|c3_1(X46)|~c2_1(X46)))|![X47]:(ndr1_0=>(c2_1(X47)|~c1_1(X47)|~c3_1(X47)))|![X48]:(ndr1_0=>(c3_1(X48)|~c0_1(X48)|~c1_1(X48))))&(![X49]:(ndr1_0=>(c0_1(X49)|c3_1(X49)|~c2_1(X49)))|![X50]:(ndr1_0=>(~c1_1(X50)|~c2_1(X50)|~c3_1(X50)))|hskp15)&(![X51]:(ndr1_0=>(c0_1(X51)|c3_1(X51)|~c2_1(X51)))|hskp0|hskp5)&(![X52]:(ndr1_0=>(c0_1(X52)|c3_1(X52)|~c2_1(X52)))|hskp13|hskp16)&(![X53]:(ndr1_0=>(c0_1(X53)|~c1_1(X53)|~c2_1(X53)))|![X54]:(ndr1_0=>(c1_1(X54)|~c0_1(X54)|~c3_1(X54)))|hskp14)&(![X55]:(ndr1_0=>(c0_1(X55)|~c1_1(X55)|~c2_1(X55)))|![X56]:(ndr1_0=>(c1_1(X56)|~c0_1(X56)|~c3_1(X56)))|hskp13)&(![X57]:(ndr1_0=>(c0_1(X57)|~c1_1(X57)|~c2_1(X57)))|![X58]:(ndr1_0=>(c2_1(X58)|c3_1(X58)|~c1_1(X58)))|![X59]:(ndr1_0=>(c2_1(X59)|~c0_1(X59)|~c1_1(X59))))&(![X60]:(ndr1_0=>(c0_1(X60)|~c1_1(X60)|~c3_1(X60)))|![X61]:(ndr1_0=>(c1_1(X61)|~c2_1(X61)|~c3_1(X61)))|hskp8)&(![X62]:(ndr1_0=>(c0_1(X62)|~c1_1(X62)|~c3_1(X62)))|hskp17|hskp0)&(![X63]:(ndr1_0=>(c0_1(X63)|~c1_1(X63)|~c3_1(X63)))|hskp14|hskp18)&(![X64]:(ndr1_0=>(c0_1(X64)|~c2_1(X64)|~c3_1(X64)))|![X65]:(ndr1_0=>(~c0_1(X65)|~c1_1(X65)|~c2_1(X65)))|![X66]:(ndr1_0=>(~c0_1(X66)|~c1_1(X66)|~c3_1(X66))))&(![X67]:(ndr1_0=>(c0_1(X67)|~c2_1(X67)|~c3_1(X67)))|hskp29|hskp9)&(![X68]:(ndr1_0=>(c1_1(X68)|c2_1(X68)|c3_1(X68)))|![X69]:(ndr1_0=>(c1_1(X69)|c2_1(X69)|~c0_1(X69)))|hskp29)&(![X70]:(ndr1_0=>(c1_1(X70)|c2_1(X70)|c3_1(X70)))|![X71]:(ndr1_0=>(c2_1(X71)|~c1_1(X71)|~c3_1(X71)))|hskp19)&(![X72]:(ndr1_0=>(c1_1(X72)|c2_1(X72)|c3_1(X72)))|hskp20|hskp2)&(![X73]:(ndr1_0=>(c1_1(X73)|c2_1(X73)|~c0_1(X73)))|![X74]:(ndr1_0=>(c2_1(X74)|c3_1(X74)|~c1_1(X74)))|hskp29)&(![X75]:(ndr1_0=>(c1_1(X75)|c2_1(X75)|~c0_1(X75)))|hskp20|hskp1)&(![X76]:(ndr1_0=>(c1_1(X76)|c2_1(X76)|~c3_1(X76)))|hskp21|hskp18)&(![X77]:(ndr1_0=>(c1_1(X77)|c3_1(X77)|~c0_1(X77)))|![X78]:(ndr1_0=>(~c0_1(X78)|~c1_1(X78)|~c3_1(X78)))|hskp22)&(![X79]:(ndr1_0=>(c1_1(X79)|c3_1(X79)|~c2_1(X79)))|hskp0|hskp21)&(![X80]:(ndr1_0=>(c1_1(X80)|~c2_1(X80)|~c3_1(X80)))|![X81]:(ndr1_0=>(~c0_1(X81)|~c1_1(X81)|~c3_1(X81)))|hskp28)&(![X82]:(ndr1_0=>(c2_1(X82)|c3_1(X82)|~c1_1(X82)))|![X83]:(ndr1_0=>(c2_1(X83)|~c0_1(X83)|~c3_1(X83)))|![X84]:(ndr1_0=>(c3_1(X84)|~c0_1(X84)|~c2_1(X84))))&(![X85]:(ndr1_0=>(c2_1(X85)|c3_1(X85)|~c1_1(X85)))|![X86]:(ndr1_0=>(~c0_1(X86)|~c1_1(X86)|~c3_1(X86)))|hskp12)&(![X87]:(ndr1_0=>(c2_1(X87)|c3_1(X87)|~c1_1(X87)))|hskp17|hskp8)&(![X88]:(ndr1_0=>(c2_1(X88)|c3_1(X88)|~c1_1(X88)))|hskp28|hskp19)&(![X89]:(ndr1_0=>(c2_1(X89)|c3_1(X89)|~c1_1(X89)))|hskp13|hskp1)&(![X90]:(ndr1_0=>(c2_1(X90)|~c0_1(X90)|~c1_1(X90)))|![X91]:(ndr1_0=>(c2_1(X91)|~c0_1(X91)|~c3_1(X91)))|hskp28)&(![X92]:(ndr1_0=>(c2_1(X92)|~c0_1(X92)|~c1_1(X92)))|hskp4|hskp28)&(![X93]:(ndr1_0=>(c2_1(X93)|~c0_1(X93)|~c3_1(X93)))|hskp9|hskp20)&(![X94]:(ndr1_0=>(c3_1(X94)|~c0_1(X94)|~c1_1(X94)))|hskp23|hskp13)&(![X95]:(ndr1_0=>(c3_1(X95)|~c0_1(X95)|~c2_1(X95)))|![X96]:(ndr1_0=>(~c0_1(X96)|~c1_1(X96)|~c3_1(X96)))|hskp5)&(![X97]:(ndr1_0=>(c3_1(X97)|~c0_1(X97)|~c2_1(X97)))|hskp27|hskp3)&(![X98]:(ndr1_0=>(~c0_1(X98)|~c1_1(X98)|~c3_1(X98)))|hskp14|hskp24)&(![X99]:(ndr1_0=>(~c0_1(X99)|~c1_1(X99)|~c3_1(X99)))|hskp14|hskp22)&(![X100]:(ndr1_0=>(~c0_1(X100)|~c1_1(X100)|~c3_1(X100)))|hskp25|hskp1)&(![X101]:(ndr1_0=>(~c0_1(X101)|~c2_1(X101)|~c3_1(X101)))|hskp30|hskp20)&(![X102]:(ndr1_0=>(~c0_1(X102)|~c2_1(X102)|~c3_1(X102)))|hskp26|hskp11)&(![X103]:(ndr1_0=>(~c0_1(X103)|~c2_1(X103)|~c3_1(X103)))|hskp15|hskp16)&(![X104]:(ndr1_0=>(~c1_1(X104)|~c2_1(X104)|~c3_1(X104)))|hskp27|hskp19)&(![X105]:(ndr1_0=>(~c1_1(X105)|~c2_1(X105)|~c3_1(X105)))|hskp21|hskp11)&(hskp30|hskp28|hskp19)&(hskp9|hskp3|hskp26)&(hskp27|hskp21|hskp28)&(hskp4|hskp24|hskp5)&(hskp4|hskp26|hskp5)&(hskp28|hskp8|hskp10)&(hskp22|hskp1|hskp11)))			
../../TPTP-v7.3.0/Problems/SYN/SYN577-1.p		Unsatisfiable	UNKNOWN		UNKNOWN		cnf					
../../TPTP-v7.3.0/Problems/SYN/SYN274-1.p		Unsatisfiable	UNKNOWN		UNKNOWN		cnf					
../../TPTP-v7.3.0/Problems/SYN/SYN391+1.p		Theorem	UNKNOWN		UNKNOWN		fof		(((p1|p2)&(~p1|p2)&(p1|~p2))=>~(~p1|~p2))			
../../TPTP-v7.3.0/Problems/SYN/SYN225-1.p		Unsatisfiable	UNKNOWN		UNKNOWN		cnf					
../../TPTP-v7.3.0/Problems/SYN/SYN368+1.p		Theorem	UNKNOWN		UNKNOWN		fof		(?[Y]:![X]:(big_p(Y)=>big_p(X)))			
../../TPTP-v7.3.0/Problems/SYN/SYN245-1.p		Unsatisfiable	UNKNOWN		UNKNOWN		cnf					
../../TPTP-v7.3.0/Problems/SYN/SYN665-1.p		Unsatisfiable	UNKNOWN		UNKNOWN		cnf					
../../TPTP-v7.3.0/Problems/SYN/SYN009-1.p		Unsatisfiable	UNKNOWN		UNKNOWN		cnf					
../../TPTP-v7.3.0/Problems/SYN/SYN333+1.p		Theorem	UNKNOWN		UNKNOWN		fof		(?[X,Y]:![Z]:(big_f(X,Y)=>(big_f(Y,Z)&big_f(Z,Z)&((big_f(X,Y)&big_g(X,Y))=>(big_g(X,Z)&big_g(Z,Z))))))			
../../TPTP-v7.3.0/Problems/SYN/SYN770-1.p		Satisfiable	UNKNOWN		UNKNOWN		cnf					
../../TPTP-v7.3.0/Problems/SYN/SYN429+1.p		CounterSatisfiable	UNKNOWN		UNKNOWN		fof		(~((c1_0|c2_0|c9_0)&(c1_0|c4_0|![U]:(ndr1_0=>(![V]:(ndr1_1(U)=>(c10_2(U,V)|~c2_2(U,V)))|![W]:(ndr1_1(U)=>(c7_2(U,W)|~c5_2(U,W)|~c9_2(U,W)))|![X]:(ndr1_1(U)=>(~c4_2(U,X)|~c9_2(U,X))))))&(c1_0|c4_0|(ndr1_0&![Y]:(ndr1_1(a1)=>(c7_2(a1,Y)|~c3_2(a1,Y)|~c6_2(a1,Y)))&ndr1_1(a1)&c6_2(a1,a2)&c9_2(a1,a2)&~c4_2(a1,a2)&ndr1_1(a1)&~c10_2(a1,a3)&~c7_2(a1,a3)))&(c1_0|c6_0|c9_0)&(c1_0|c6_0|(ndr1_0&c4_1(a4)&ndr1_1(a4)&c6_2(a4,a5)&c7_2(a4,a5)&~c8_2(a4,a5)&ndr1_1(a4)&c6_2(a4,a6)&~c2_2(a4,a6)&~c9_2(a4,a6)))&(c1_0|c6_0|(ndr1_0&![Z]:(ndr1_1(a7)=>(c1_2(a7,Z)|c7_2(a7,Z)|~c3_2(a7,Z)))&![X1]:(ndr1_1(a7)=>(c4_2(a7,X1)|~c1_2(a7,X1)|~c5_2(a7,X1)))&ndr1_1(a7)&c7_2(a7,a8)&~c10_2(a7,a8)&~c3_2(a7,a8)))&(c1_0|~c10_0|~c4_0)&(c1_0|~c4_0|~c9_0)&(c1_0|~c5_0|![X2]:(ndr1_0=>(c3_1(X2)|(ndr1_1(X2)&c2_2(X2,a9)&c3_2(X2,a9)&~c8_2(X2,a9)))))&(c1_0|~c7_0|![X3]:(ndr1_0=>(~c1_1(X3)|~c9_1(X3)|![X4]:(ndr1_1(X3)=>(~c10_2(X3,X4)|~c3_2(X3,X4))))))&(c1_0|~c9_0|![X5]:(ndr1_0=>(c8_1(X5)|![X6]:(ndr1_1(X5)=>(c4_2(X5,X6)|c9_2(X5,X6)|~c8_2(X5,X6)))|![X7]:(ndr1_1(X5)=>(c5_2(X5,X7)|c8_2(X5,X7)|~c10_2(X5,X7))))))&(c1_0|~c9_0|![X8]:(ndr1_0=>(~c3_1(X8)|(ndr1_1(X8)&c1_2(X8,a10)&c2_2(X8,a10)&c9_2(X8,a10))|(ndr1_1(X8)&c1_2(X8,a11)&~c4_2(X8,a11)&~c6_2(X8,a11)))))&(c10_0|c3_0|(ndr1_0&~c9_1(a12)&ndr1_1(a12)&c10_2(a12,a13)&c3_2(a12,a13)&~c1_2(a12,a13)&ndr1_1(a12)&c3_2(a12,a14)&c5_2(a12,a14)&~c1_2(a12,a14)))&(c10_0|~c1_0|(ndr1_0&~c4_1(a15)&~c5_1(a15)&ndr1_1(a15)&c1_2(a15,a16)&c8_2(a15,a16)&~c5_2(a15,a16)))&(c10_0|~c4_0|![X9]:(ndr1_0=>(![X10]:(ndr1_1(X9)=>(c10_2(X9,X10)|~c2_2(X9,X10)|~c9_2(X9,X10)))|(ndr1_1(X9)&c1_2(X9,a17)&c2_2(X9,a17)&c6_2(X9,a17))|(ndr1_1(X9)&c1_2(X9,a18)&~c5_2(X9,a18)&~c9_2(X9,a18)))))&(c10_0|~c9_0|(ndr1_0&c4_1(a19)&~c6_1(a19)&![X11]:(ndr1_1(a19)=>(c10_2(a19,X11)|c5_2(a19,X11)|c8_2(a19,X11)))))&(c10_0|![X12]:(ndr1_0=>(c10_1(X12)|~c2_1(X12)|![X13]:(ndr1_1(X12)=>(c4_2(X12,X13)|c8_2(X12,X13)|c9_2(X12,X13)))))|![X14]:(ndr1_0=>(~c2_1(X14)|![X15]:(ndr1_1(X14)=>(c5_2(X14,X15)|c6_2(X14,X15)|~c2_2(X14,X15)))|(ndr1_1(X14)&c2_2(X14,a20)&c5_2(X14,a20)&c7_2(X14,a20)))))&(c10_0|![X16]:(ndr1_0=>(c2_1(X16)|~c3_1(X16)|![X17]:(ndr1_1(X16)=>(c1_2(X16,X17)|~c3_2(X16,X17)|~c7_2(X16,X17)))))|![X18]:(ndr1_0=>(c7_1(X18)|~c2_1(X18)|~c6_1(X18))))&(c10_0|![X19]:(ndr1_0=>(c4_1(X19)|~c2_1(X19)|(ndr1_1(X19)&c4_2(X19,a21)&~c8_2(X19,a21))))|![X20]:(ndr1_0=>(![X21]:(ndr1_1(X20)=>(c5_2(X20,X21)|~c4_2(X20,X21)|~c6_2(X20,X21)))|(ndr1_1(X20)&c7_2(X20,a22)&c9_2(X20,a22)&~c5_2(X20,a22))|(ndr1_1(X20)&c8_2(X20,a23)&~c2_2(X20,a23)&~c7_2(X20,a23)))))&(c10_0|![X22]:(ndr1_0=>(![X23]:(ndr1_1(X22)=>(c10_2(X22,X23)|c6_2(X22,X23)|c8_2(X22,X23)))|![X24]:(ndr1_1(X22)=>(c6_2(X22,X24)|c7_2(X22,X24)|~c3_2(X22,X24)))))|![X25]:(ndr1_0=>((ndr1_1(X25)&c1_2(X25,a24)&~c10_2(X25,a24)&~c4_2(X25,a24))|(ndr1_1(X25)&c1_2(X25,a25)&~c2_2(X25,a25)&~c6_2(X25,a25))|(ndr1_1(X25)&c6_2(X25,a26)&c7_2(X25,a26)&~c1_2(X25,a26)))))&(c10_0|(ndr1_0&c2_1(a27)&~c10_1(a27)&ndr1_1(a27)&~c3_2(a27,a28)&~c5_2(a27,a28)&~c9_2(a27,a28))|(ndr1_0&~c2_1(a29)&ndr1_1(a29)&c2_2(a29,a30)&c7_2(a29,a30)&~c8_2(a29,a30)))&(c2_0|c6_0|(ndr1_0&c2_1(a31)&![X26]:(ndr1_1(a31)=>(c2_2(a31,X26)|c4_2(a31,X26)|c6_2(a31,X26)))))&(c2_0|c8_0|~c9_0)&(c2_0|~c1_0|~c8_0)&(c2_0|~c1_0|(ndr1_0&~c6_1(a32)&~c9_1(a32)&ndr1_1(a32)&c3_2(a32,a33)&c6_2(a32,a33)&~c4_2(a32,a33)))&(c2_0|![X27]:(ndr1_0=>(~c5_1(X27)|![X28]:(ndr1_1(X27)=>(c10_2(X27,X28)|c3_2(X27,X28)|~c4_2(X27,X28)))|(ndr1_1(X27)&c1_2(X27,a34)&c4_2(X27,a34)&~c7_2(X27,a34))))|(ndr1_0&~c9_1(a35)&![X29]:(ndr1_1(a35)=>(c10_2(a35,X29)|~c3_2(a35,X29)|~c4_2(a35,X29)))&ndr1_1(a35)&c2_2(a35,a36)&~c10_2(a35,a36)&~c7_2(a35,a36)))&(c3_0|c4_0|(ndr1_0&~c3_1(a37)&![X30]:(ndr1_1(a37)=>(c7_2(a37,X30)|~c4_2(a37,X30)|~c5_2(a37,X30)))&![X31]:(ndr1_1(a37)=>(~c1_2(a37,X31)|~c7_2(a37,X31)|~c8_2(a37,X31)))))&(c3_0|c5_0|~c9_0)&(c3_0|~c1_0|~c4_0)&(c3_0|~c1_0|![X32]:(ndr1_0=>(c3_1(X32)|c4_1(X32)|~c5_1(X32))))&(c3_0|~c10_0|(ndr1_0&~c5_1(a38)&~c7_1(a38)&![X33]:(ndr1_1(a38)=>(c2_2(a38,X33)|c4_2(a38,X33)|~c8_2(a38,X33)))))&(c3_0|~c2_0|(ndr1_0&c1_1(a39)&c5_1(a39)&![X34]:(ndr1_1(a39)=>(c3_2(a39,X34)|~c7_2(a39,X34)))))&(c3_0|~c5_0|![X35]:(ndr1_0=>((ndr1_1(X35)&c3_2(X35,a40)&c5_2(X35,a40)&~c1_2(X35,a40))|(ndr1_1(X35)&c6_2(X35,a41)&~c4_2(X35,a41)&~c9_2(X35,a41))|(ndr1_1(X35)&~c2_2(X35,a42)&~c6_2(X35,a42)&~c8_2(X35,a42)))))&(c3_0|~c6_0|(ndr1_0&![X36]:(ndr1_1(a43)=>(c1_2(a43,X36)|~c3_2(a43,X36)))&![X37]:(ndr1_1(a43)=>(c3_2(a43,X37)|c6_2(a43,X37)|~c2_2(a43,X37)))&ndr1_1(a43)&c4_2(a43,a44)&c5_2(a43,a44)&c8_2(a43,a44)))&(c3_0|~c7_0|(ndr1_0&c7_1(a45)&~c4_1(a45)&ndr1_1(a45)&c5_2(a45,a46)&~c10_2(a45,a46)&~c4_2(a45,a46)))&(c3_0|![X38]:(ndr1_0=>(c5_1(X38)|![X39]:(ndr1_1(X38)=>(c3_2(X38,X39)|c8_2(X38,X39)|~c10_2(X38,X39)))|![X40]:(ndr1_1(X38)=>(c3_2(X38,X40)|c9_2(X38,X40)|~c6_2(X38,X40)))))|![X41]:(ndr1_0=>(~c2_1(X41)|~c8_1(X41)|(ndr1_1(X41)&~c1_2(X41,a47)))))&(c3_0|![X42]:(ndr1_0=>(c9_1(X42)|~c7_1(X42)|(ndr1_1(X42)&c10_2(X42,a48)&c8_2(X42,a48)&~c5_2(X42,a48))))|(ndr1_0&![X43]:(ndr1_1(a49)=>(c10_2(a49,X43)|c4_2(a49,X43)|~c6_2(a49,X43)))&![X44]:(ndr1_1(a49)=>(c3_2(a49,X44)|~c4_2(a49,X44)))&ndr1_1(a49)&c2_2(a49,a50)&c3_2(a49,a50)&~c10_2(a49,a50)))&(c4_0|c7_0|![X45]:(ndr1_0=>(c2_1(X45)|c6_1(X45)|~c7_1(X45))))&(c4_0|c8_0|(ndr1_0&c6_1(a51)&![X46]:(ndr1_1(a51)=>(c10_2(a51,X46)|~c8_2(a51,X46)))&![X47]:(ndr1_1(a51)=>(~c2_2(a51,X47)|~c5_2(a51,X47)|~c8_2(a51,X47)))))&(c4_0|~c8_0|![X48]:(ndr1_0=>(c7_1(X48)|![X49]:(ndr1_1(X48)=>(c7_2(X48,X49)|~c1_2(X48,X49)|~c4_2(X48,X49)))|(ndr1_1(X48)&c2_2(X48,a52)&~c6_2(X48,a52)))))&(c4_0|![X50]:(ndr1_0=>(c9_1(X50)|(ndr1_1(X50)&c1_2(X50,a53)&c3_2(X50,a53)&~c6_2(X50,a53))|(ndr1_1(X50)&c8_2(X50,a54)&~c10_2(X50,a54)&~c6_2(X50,a54))))|![X51]:(ndr1_0=>(~c4_1(X51)|![X52]:(ndr1_1(X51)=>(c2_2(X51,X52)|c8_2(X51,X52)|~c6_2(X51,X52)))|(ndr1_1(X51)&~c7_2(X51,a55)&~c8_2(X51,a55)))))&(c5_0|c7_0|(ndr1_0&c4_1(a56)&~c10_1(a56)&![X53]:(ndr1_1(a56)=>(~c3_2(a56,X53)|~c6_2(a56,X53)|~c9_2(a56,X53)))))&(c5_0|c8_0|c9_0)&(c5_0|~c10_0)&(c5_0|~c4_0|![X54]:(ndr1_0=>(c4_1(X54)|(ndr1_1(X54)&c4_2(X54,a57)&~c5_2(X54,a57)&~c9_2(X54,a57))|(ndr1_1(X54)&~c2_2(X54,a58)&~c3_2(X54,a58)&~c9_2(X54,a58)))))&(c5_0|~c8_0|(ndr1_0&~c4_1(a59)&![X55]:(ndr1_1(a59)=>(c3_2(a59,X55)|c9_2(a59,X55)|~c10_2(a59,X55)))&ndr1_1(a59)&c1_2(a59,a60)&~c3_2(a59,a60)&~c5_2(a59,a60)))&(c5_0|~c9_0|(ndr1_0&~c6_1(a61)&ndr1_1(a61)&c3_2(a61,a62)&~c1_2(a61,a62)&ndr1_1(a61)&~c10_2(a61,a63)&~c5_2(a61,a63)))&(c5_0|![X56]:(ndr1_0=>(c10_1(X56)|c6_1(X56)|~c1_1(X56)))|![X57]:(ndr1_0=>(~c6_1(X57)|(ndr1_1(X57)&c10_2(X57,a64)&~c1_2(X57,a64)&~c9_2(X57,a64))|(ndr1_1(X57)&c2_2(X57,a65)&c4_2(X57,a65)&~c7_2(X57,a65)))))&(c5_0|![X58]:(ndr1_0=>(c2_1(X58)|c6_1(X58)|(ndr1_1(X58)&~c1_2(X58,a66)&~c5_2(X58,a66)&~c7_2(X58,a66))))|(ndr1_0&c5_1(a67)&![X59]:(ndr1_1(a67)=>(~c10_2(a67,X59)|~c9_2(a67,X59)))))&(c5_0|![X60]:(ndr1_0=>(c5_1(X60)|~c10_1(X60)|(ndr1_1(X60)&c10_2(X60,a68)&c3_2(X60,a68)&c7_2(X60,a68))))|(ndr1_0&c9_1(a69)&~c4_1(a69)&![X61]:(ndr1_1(a69)=>(c2_2(a69,X61)|c5_2(a69,X61)|~c6_2(a69,X61)))))&(c5_0|![X62]:(ndr1_0=>(~c9_1(X62)|![X63]:(ndr1_1(X62)=>(c10_2(X62,X63)|c4_2(X62,X63)|c9_2(X62,X63)))|(ndr1_1(X62)&c8_2(X62,a70)&~c10_2(X62,a70)&~c6_2(X62,a70))))|(ndr1_0&![X64]:(ndr1_1(a71)=>(c1_2(a71,X64)|~c4_2(a71,X64)|~c8_2(a71,X64)))&![X65]:(ndr1_1(a71)=>(c2_2(a71,X65)|c7_2(a71,X65)|~c10_2(a71,X65)))&![X66]:(ndr1_1(a71)=>(c5_2(a71,X66)|~c4_2(a71,X66)|~c6_2(a71,X66)))))&(c5_0|(ndr1_0&c1_1(a72)&~c3_1(a72)&![X67]:(ndr1_1(a72)=>(c10_2(a72,X67)|c5_2(a72,X67)|~c3_2(a72,X67))))|(ndr1_0&c4_1(a73)&~c6_1(a73)&![X68]:(ndr1_1(a73)=>(c8_2(a73,X68)|~c10_2(a73,X68)))))&(c6_0|c7_0|(ndr1_0&c4_1(a74)&c6_1(a74)&ndr1_1(a74)&c10_2(a74,a75)&~c1_2(a74,a75)&~c2_2(a74,a75)))&(c6_0|c9_0|![X69]:(ndr1_0=>(c4_1(X69)|c5_1(X69)|(ndr1_1(X69)&c1_2(X69,a76)&c4_2(X69,a76)&~c5_2(X69,a76)))))&(c6_0|~c3_0|![X70]:(ndr1_0=>(c8_1(X70)|~c2_1(X70)|![X71]:(ndr1_1(X70)=>(c9_2(X70,X71)|~c10_2(X70,X71)|~c3_2(X70,X71))))))&(c6_0|~c3_0|![X72]:(ndr1_0=>(~c6_1(X72)|![X73]:(ndr1_1(X72)=>(c7_2(X72,X73)|~c2_2(X72,X73)|~c5_2(X72,X73)))|(ndr1_1(X72)&c1_2(X72,a77)&c3_2(X72,a77)&~c9_2(X72,a77)))))&(c6_0|![X74]:(ndr1_0=>(~c6_1(X74)|![X75]:(ndr1_1(X74)=>(c2_2(X74,X75)|~c9_2(X74,X75)))|(ndr1_1(X74)&~c3_2(X74,a78)&~c7_2(X74,a78)&~c9_2(X74,a78))))|(ndr1_0&~c3_1(a79)&![X76]:(ndr1_1(a79)=>(c1_2(a79,X76)|c6_2(a79,X76)|~c10_2(a79,X76)))&![X77]:(ndr1_1(a79)=>(c4_2(a79,X77)|c7_2(a79,X77)|c8_2(a79,X77)))))&(c6_0|![X78]:(ndr1_0=>(![X79]:(ndr1_1(X78)=>(c1_2(X78,X79)|c5_2(X78,X79)|c6_2(X78,X79)))|![X80]:(ndr1_1(X78)=>(c10_2(X78,X80)|c5_2(X78,X80)|~c9_2(X78,X80)))|![X81]:(ndr1_1(X78)=>(c4_2(X78,X81)|c6_2(X78,X81)))))|(ndr1_0&c3_1(a80)&c7_1(a80)&~c5_1(a80)))&(c7_0|c9_0|![X82]:(ndr1_0=>(c8_1(X82)|![X83]:(ndr1_1(X82)=>(c5_2(X82,X83)|~c10_2(X82,X83)|~c8_2(X82,X83)))|![X84]:(ndr1_1(X82)=>(c7_2(X82,X84)|c9_2(X82,X84)|~c8_2(X82,X84))))))&(c7_0|~c1_0|![X85]:(ndr1_0=>(c10_1(X85)|~c5_1(X85)|(ndr1_1(X85)&c6_2(X85,a81)&c8_2(X85,a81)&~c5_2(X85,a81)))))&(c7_0|~c6_0|![X86]:(ndr1_0=>(c1_1(X86)|~c7_1(X86)|(ndr1_1(X86)&~c10_2(X86,a82)&~c2_2(X86,a82)&~c6_2(X86,a82)))))&(c7_0|~c9_0|(ndr1_0&c5_1(a83)&~c2_1(a83)&ndr1_1(a83)&~c1_2(a83,a84)&~c2_2(a83,a84)))&(c7_0|![X87]:(ndr1_0=>(~c7_1(X87)|~c8_1(X87)|![X88]:(ndr1_1(X87)=>(c1_2(X87,X88)|c7_2(X87,X88)|c9_2(X87,X88)))))|![X89]:(ndr1_0=>(![X90]:(ndr1_1(X89)=>(c10_2(X89,X90)|c4_2(X89,X90)|c7_2(X89,X90)))|![X91]:(ndr1_1(X89)=>(c4_2(X89,X91)|~c3_2(X89,X91)|~c5_2(X89,X91)))|(ndr1_1(X89)&~c6_2(X89,a85)))))&(c8_0|~c10_0|(ndr1_0&c7_1(a86)&~c1_1(a86)&~c5_1(a86)))&(c8_0|![X92]:(ndr1_0=>(c1_1(X92)|~c9_1(X92)|(ndr1_1(X92)&~c2_2(X92,a87)&~c3_2(X92,a87)&~c7_2(X92,a87)))))&(c9_0|~c10_0)&(c9_0|~c3_0|![X93]:(ndr1_0=>(![X94]:(ndr1_1(X93)=>(c9_2(X93,X94)|~c3_2(X93,X94)|~c5_2(X93,X94)))|(ndr1_1(X93)&c1_2(X93,a88)&c2_2(X93,a88)&~c4_2(X93,a88)))))&(c9_0|~c4_0|![X95]:(ndr1_0=>(c7_1(X95)|c9_1(X95)|(ndr1_1(X95)&c1_2(X95,a89)&~c3_2(X95,a89)&~c4_2(X95,a89)))))&(c9_0|~c5_0|(ndr1_0&ndr1_1(a90)&~c3_2(a90,a91)&~c9_2(a90,a91)))&(c9_0|![X96]:(ndr1_0=>(c6_1(X96)|~c10_1(X96)|![X97]:(ndr1_1(X96)=>(c3_2(X96,X97)|c9_2(X96,X97)|~c8_2(X96,X97)))))|(ndr1_0&~c6_1(a92)&![X98]:(ndr1_1(a92)=>(c10_2(a92,X98)|c3_2(a92,X98)|~c6_2(a92,X98)))))&(~c1_0|~c4_0)&(~c1_0|~c9_0|![X99]:(ndr1_0=>(c5_1(X99)|(ndr1_1(X99)&c1_2(X99,a93)&c6_2(X99,a93))|(ndr1_1(X99)&~c3_2(X99,a94)&~c6_2(X99,a94)))))&(~c1_0|![X100]:(ndr1_0=>(c2_1(X100)|c5_1(X100)|c7_1(X100))))&(~c1_0|![X101]:(ndr1_0=>(c2_1(X101)|~c10_1(X101)|~c9_1(X101)))|(ndr1_0&c9_1(a95)&ndr1_1(a95)&c1_2(a95,a96)&c2_2(a95,a96)&~c5_2(a95,a96)))&(~c1_0|![X102]:(ndr1_0=>(c4_1(X102)|~c7_1(X102)|~c8_1(X102)))|(ndr1_0&c9_1(a97)&![X103]:(ndr1_1(a97)=>(c10_2(a97,X103)|c2_2(a97,X103)|c9_2(a97,X103)))))&(~c1_0|![X104]:(ndr1_0=>(c4_1(X104)|![X105]:(ndr1_1(X104)=>(c3_2(X104,X105)|c5_2(X104,X105)|~c7_2(X104,X105)))|![X106]:(ndr1_1(X104)=>(c8_2(X104,X106)|~c3_2(X104,X106)))))|![X107]:(ndr1_0=>(~c1_1(X107)|~c7_1(X107)|![X108]:(ndr1_1(X107)=>(c1_2(X107,X108)|c5_2(X107,X108)|~c2_2(X107,X108))))))&(~c1_0|![X109]:(ndr1_0=>(~c2_1(X109)|![X110]:(ndr1_1(X109)=>(c2_2(X109,X110)|~c7_2(X109,X110)|~c9_2(X109,X110)))))|(ndr1_0&~c8_1(a98)&![X111]:(ndr1_1(a98)=>(c5_2(a98,X111)|~c7_2(a98,X111)))&ndr1_1(a98)&c7_2(a98,a99)&c8_2(a98,a99)&~c1_2(a98,a99)))&(~c1_0|![X112]:(ndr1_0=>(~c5_1(X112)|(ndr1_1(X112)&c3_2(X112,a100)&~c1_2(X112,a100)&~c8_2(X112,a100))))|(ndr1_0&![X113]:(ndr1_1(a101)=>(c2_2(a101,X113)|~c5_2(a101,X113)))&ndr1_1(a101)&c7_2(a101,a102)&~c3_2(a101,a102)&ndr1_1(a101)&~c3_2(a101,a103)&~c4_2(a101,a103)&~c9_2(a101,a103)))&(~c1_0|(ndr1_0&c1_1(a104)&ndr1_1(a104)&c1_2(a104,a105)&c8_2(a104,a105)&~c2_2(a104,a105)&ndr1_1(a104)&c4_2(a104,a106)&~c2_2(a104,a106)&~c5_2(a104,a106)))&(~c10_0|~c2_0|(ndr1_0&c1_1(a107)&![X114]:(ndr1_1(a107)=>(c10_2(a107,X114)|c3_2(a107,X114)|~c7_2(a107,X114)))&ndr1_1(a107)&c5_2(a107,a108)&c8_2(a107,a108)&~c6_2(a107,a108)))&(~c10_0|~c3_0|![X115]:(ndr1_0=>(c7_1(X115)|(ndr1_1(X115)&c5_2(X115,a109)&~c10_2(X115,a109)&~c3_2(X115,a109))|(ndr1_1(X115)&c9_2(X115,a110)&~c1_2(X115,a110)&~c7_2(X115,a110)))))&(~c10_0|~c6_0|![X116]:(ndr1_0=>(~c3_1(X116)|~c4_1(X116)|![X117]:(ndr1_1(X116)=>(c1_2(X116,X117)|c7_2(X116,X117)|~c9_2(X116,X117))))))&(~c10_0|~c7_0|(ndr1_0&![X118]:(ndr1_1(a111)=>(c6_2(a111,X118)|c9_2(a111,X118)|~c7_2(a111,X118)))&ndr1_1(a111)&c6_2(a111,a112)&c8_2(a111,a112)&~c4_2(a111,a112)&ndr1_1(a111)&c7_2(a111,a113)&~c10_2(a111,a113)))&(~c10_0|~c8_0|~c9_0)&(~c10_0|![X119]:(ndr1_0=>(c1_1(X119)|c9_1(X119)|~c10_1(X119)))|(ndr1_0&~c5_1(a114)&![X120]:(ndr1_1(a114)=>(c1_2(a114,X120)|c3_2(a114,X120)|c5_2(a114,X120)))&ndr1_1(a114)&c3_2(a114,a115)&~c2_2(a114,a115)&~c9_2(a114,a115)))&(~c10_0|![X121]:(ndr1_0=>(c9_1(X121)|~c1_1(X121)|(ndr1_1(X121)&c7_2(X121,a116)&~c3_2(X121,a116)&~c4_2(X121,a116))))|(ndr1_0&c9_1(a117)&~c5_1(a117)&ndr1_1(a117)&c10_2(a117,a118)&c5_2(a117,a118)&~c3_2(a117,a118)))&(~c10_0|(ndr1_0&c5_1(a119)&c9_1(a119)&ndr1_1(a119)&c1_2(a119,a120)&~c10_2(a119,a120)&~c4_2(a119,a120))|(ndr1_0&~c4_1(a121)&![X122]:(ndr1_1(a121)=>(c1_2(a121,X122)|~c10_2(a121,X122)|~c7_2(a121,X122)))&ndr1_1(a121)&c2_2(a121,a122)&~c8_2(a121,a122)&~c9_2(a121,a122)))&(~c2_0|~c6_0)&(~c2_0|~c9_0|![X123]:(ndr1_0=>(~c5_1(X123)|~c9_1(X123)|![X124]:(ndr1_1(X123)=>(c2_2(X123,X124)|~c10_2(X123,X124)|~c7_2(X123,X124))))))&(~c3_0|~c4_0|~c5_0)&(~c3_0|~c6_0|~c8_0)&(~c3_0|![X125]:(ndr1_0=>(c4_1(X125)|c9_1(X125)|![X126]:(ndr1_1(X125)=>(~c1_2(X125,X126)|~c10_2(X125,X126)|~c5_2(X125,X126))))))&(~c3_0|![X127]:(ndr1_0=>(c8_1(X127)|![X128]:(ndr1_1(X127)=>(c7_2(X127,X128)|c8_2(X127,X128)|~c5_2(X127,X128)))|![X129]:(ndr1_1(X127)=>(~c2_2(X127,X129)|~c6_2(X127,X129)|~c9_2(X127,X129)))))|![X130]:(ndr1_0=>(c9_1(X130)|(ndr1_1(X130)&c1_2(X130,a123)&c7_2(X130,a123)&~c4_2(X130,a123))|(ndr1_1(X130)&c3_2(X130,a124)&~c4_2(X130,a124)&~c6_2(X130,a124)))))&(~c3_0|![X131]:(ndr1_0=>(c9_1(X131)|(ndr1_1(X131)&c1_2(X131,a125)&c4_2(X131,a125)&~c8_2(X131,a125))|(ndr1_1(X131)&c4_2(X131,a126)&~c10_2(X131,a126))))|(ndr1_0&~c6_1(a127)&~c9_1(a127)&ndr1_1(a127)&c1_2(a127,a128)&c10_2(a127,a128)&c7_2(a127,a128)))&(~c3_0|![X132]:(ndr1_0=>(~c10_1(X132)|~c3_1(X132)))|![X133]:(ndr1_0=>(~c7_1(X133)|![X134]:(ndr1_1(X133)=>(c1_2(X133,X134)|~c8_2(X133,X134)|~c9_2(X133,X134)))|![X135]:(ndr1_1(X133)=>(c3_2(X133,X135)|c6_2(X133,X135)|~c2_2(X133,X135))))))&(~c4_0|(ndr1_0&c2_1(a129)&~c6_1(a129)&![X136]:(ndr1_1(a129)=>(c6_2(a129,X136)|~c8_2(a129,X136)|~c9_2(a129,X136))))|(ndr1_0&~c1_1(a130)&~c3_1(a130)&ndr1_1(a130)&~c3_2(a130,a131)&~c6_2(a130,a131)))&(~c4_0|(ndr1_0&c4_1(a132)&c6_1(a132)&ndr1_1(a132)&c2_2(a132,a133)&c8_2(a132,a133)&~c4_2(a132,a133)))&(~c4_0|(ndr1_0&c7_1(a134)&ndr1_1(a134)&c1_2(a134,a135)&~c10_2(a134,a135)&~c6_2(a134,a135)&ndr1_1(a134)&c2_2(a134,a136)&c8_2(a134,a136)&~c10_2(a134,a136))|(ndr1_0&~c5_1(a137)&~c8_1(a137)&ndr1_1(a137)&c10_2(a137,a138)&c5_2(a137,a138)&~c6_2(a137,a138)))&(~c5_0|~c6_0|(ndr1_0&c6_1(a139)&~c2_1(a139)&ndr1_1(a139)&c6_2(a139,a140)&~c1_2(a139,a140)))&(~c5_0|~c9_0|(ndr1_0&~c9_1(a141)&![X137]:(ndr1_1(a141)=>(c10_2(a141,X137)|c6_2(a141,X137)|~c8_2(a141,X137)))&ndr1_1(a141)&~c10_2(a141,a142)&~c3_2(a141,a142)&~c7_2(a141,a142)))&(~c5_0|![X138]:(ndr1_0=>(~c8_1(X138)|![X139]:(ndr1_1(X138)=>(c6_2(X138,X139)|c7_2(X138,X139)))|(ndr1_1(X138)&c10_2(X138,a143)&c5_2(X138,a143))))|![X140]:(ndr1_0=>(![X141]:(ndr1_1(X140)=>(c3_2(X140,X141)|~c1_2(X140,X141)))|![X142]:(ndr1_1(X140)=>(c7_2(X140,X142)|~c2_2(X140,X142)|~c3_2(X140,X142)))|(ndr1_1(X140)&c10_2(X140,a144)&c6_2(X140,a144)&~c8_2(X140,a144)))))&(~c5_0|(ndr1_0&c1_1(a145)&~c8_1(a145)&![X143]:(ndr1_1(a145)=>(c2_2(a145,X143)|c9_2(a145,X143)|~c10_2(a145,X143))))|(ndr1_0&~c4_1(a146)&ndr1_1(a146)&c10_2(a146,a147)&c3_2(a146,a147)&~c5_2(a146,a147)))&(~c6_0|![X144]:(ndr1_0=>(c1_1(X144)|c4_1(X144)|~c5_1(X144)))|(ndr1_0&~c1_1(a148)&ndr1_1(a148)&c7_2(a148,a149)&c9_2(a148,a149)&~c3_2(a148,a149)))&(~c6_0|![X145]:(ndr1_0=>(c2_1(X145)|~c9_1(X145)|(ndr1_1(X145)&~c10_2(X145,a150)&~c7_2(X145,a150)&~c8_2(X145,a150))))|![X146]:(ndr1_0=>(![X147]:(ndr1_1(X146)=>(c10_2(X146,X147)|c5_2(X146,X147)|~c6_2(X146,X147)))|![X148]:(ndr1_1(X146)=>(c5_2(X146,X148)|c6_2(X146,X148)|~c3_2(X146,X148)))|![X149]:(ndr1_1(X146)=>(~c1_2(X146,X149)|~c10_2(X146,X149)|~c9_2(X146,X149))))))&(~c7_0|~c8_0|![X150]:(ndr1_0=>(c2_1(X150)|c3_1(X150)|~c9_1(X150))))&(~c7_0|~c8_0|![X151]:(ndr1_0=>(~c2_1(X151)|(ndr1_1(X151)&c4_2(X151,a151)&~c6_2(X151,a151)&~c9_2(X151,a151)))))&(~c7_0|~c8_0|(ndr1_0&ndr1_1(a152)&c10_2(a152,a153)&c6_2(a152,a153)&c7_2(a152,a153)&ndr1_1(a152)&c3_2(a152,a154)&c8_2(a152,a154)&~c1_2(a152,a154)))&(~c7_0|![X152]:(ndr1_0=>(~c6_1(X152)|~c8_1(X152)|(ndr1_1(X152)&~c1_2(X152,a155)&~c7_2(X152,a155)&~c9_2(X152,a155))))|![X153]:(ndr1_0=>(~c6_1(X153)|(ndr1_1(X153)&c10_2(X153,a156)&c3_2(X153,a156)&~c2_2(X153,a156))|(ndr1_1(X153)&c6_2(X153,a157)&c8_2(X153,a157)&~c1_2(X153,a157)))))&(~c7_0|(ndr1_0&c1_1(a158)&~c6_1(a158)&ndr1_1(a158)&c1_2(a158,a159)&c10_2(a158,a159)&~c9_2(a158,a159))|(ndr1_0&~c10_1(a160)&![X154]:(ndr1_1(a160)=>(c1_2(a160,X154)|c2_2(a160,X154)|c9_2(a160,X154)))&![X155]:(ndr1_1(a160)=>(c2_2(a160,X155)|c6_2(a160,X155)|~c4_2(a160,X155)))))&(~c8_0|~c9_0|![X156]:(ndr1_0=>(c10_1(X156)|(ndr1_1(X156)&c4_2(X156,a161)&c5_2(X156,a161)&c6_2(X156,a161)))))&(~c8_0|~c9_0|(ndr1_0&~c10_1(a162)&~c9_1(a162)&ndr1_1(a162)&c2_2(a162,a163)&c5_2(a162,a163)&c9_2(a162,a163)))&(~c8_0|![X157]:(ndr1_0=>(c3_1(X157)|![X158]:(ndr1_1(X157)=>(c6_2(X157,X158)|~c4_2(X157,X158)|~c9_2(X157,X158)))))|(ndr1_0&~c3_1(a164)&![X159]:(ndr1_1(a164)=>(c5_2(a164,X159)|c7_2(a164,X159)|c9_2(a164,X159)))&![X160]:(ndr1_1(a164)=>(c8_2(a164,X160)|~c6_2(a164,X160)))))&(~c8_0|![X161]:(ndr1_0=>(c6_1(X161)|![X162]:(ndr1_1(X161)=>(c6_2(X161,X162)|~c2_2(X161,X162)|~c4_2(X161,X162)))|![X163]:(ndr1_1(X161)=>(c9_2(X161,X163)|~c2_2(X161,X163)|~c3_2(X161,X163)))))|(ndr1_0&c4_1(a165)&ndr1_1(a165)&c10_2(a165,a166)&c5_2(a165,a166)&c9_2(a165,a166)))&(~c8_0|![X164]:(ndr1_0=>(~c1_1(X164)|(ndr1_1(X164)&c1_2(X164,a167)&c10_2(X164,a167)&c8_2(X164,a167))|(ndr1_1(X164)&c1_2(X164,a168)&c5_2(X164,a168)&~c6_2(X164,a168))))|(ndr1_0&![X165]:(ndr1_1(a169)=>(c1_2(a169,X165)|c3_2(a169,X165)|c8_2(a169,X165)))&![X166]:(ndr1_1(a169)=>(c2_2(a169,X166)|~c1_2(a169,X166)|~c9_2(a169,X166)))&ndr1_1(a169)&c5_2(a169,a170)&c6_2(a169,a170)&~c9_2(a169,a170)))&(~c8_0|![X167]:(ndr1_0=>(~c2_1(X167)|~c7_1(X167)|![X168]:(ndr1_1(X167)=>(c10_2(X167,X168)|c4_2(X167,X168)|~c6_2(X167,X168)))))|(ndr1_0&~c1_1(a171)&~c4_1(a171)&~c8_1(a171)))&(~c8_0|(ndr1_0&c5_1(a172)&~c7_1(a172)&ndr1_1(a172)&~c10_2(a172,a173)&~c6_2(a172,a173))|(ndr1_0&~c3_1(a174)&~c5_1(a174)))&(~c9_0|![X169]:(ndr1_0=>(c3_1(X169)|c9_1(X169)|(ndr1_1(X169)&c4_2(X169,a175)&c7_2(X169,a175)&c9_2(X169,a175))))|![X170]:(ndr1_0=>(![X171]:(ndr1_1(X170)=>(c1_2(X170,X171)|~c2_2(X170,X171)|~c8_2(X170,X171)))|(ndr1_1(X170)&c6_2(X170,a176)&~c7_2(X170,a176)&~c8_2(X170,a176))|(ndr1_1(X170)&c8_2(X170,a177)&~c2_2(X170,a177)&~c3_2(X170,a177)))))&(~c9_0|![X172]:(ndr1_0=>(c7_1(X172)|![X173]:(ndr1_1(X172)=>(c10_2(X172,X173)|c9_2(X172,X173)|~c2_2(X172,X173)))|(ndr1_1(X172)&c5_2(X172,a178)&c8_2(X172,a178))))|![X174]:(ndr1_0=>(~c2_1(X174)|(ndr1_1(X174)&c10_2(X174,a179)&~c1_2(X174,a179)&~c3_2(X174,a179)))))&(~c9_0|![X175]:(ndr1_0=>(![X176]:(ndr1_1(X175)=>(c4_2(X175,X176)|~c3_2(X175,X176)|~c7_2(X175,X176)))|![X177]:(ndr1_1(X175)=>(c5_2(X175,X177)|~c1_2(X175,X177)|~c7_2(X175,X177)))|![X178]:(ndr1_1(X175)=>(~c10_2(X175,X178)|~c5_2(X175,X178)|~c6_2(X175,X178)))))|(ndr1_0&c5_1(a180)&![X179]:(ndr1_1(a180)=>(c1_2(a180,X179)|c2_2(a180,X179)|c6_2(a180,X179)))&ndr1_1(a180)&c10_2(a180,a181)&c7_2(a180,a181)&c9_2(a180,a181)))&(~c9_0|(ndr1_0&c10_1(a182)&c8_1(a182))|(ndr1_0&~c6_1(a183)&![X180]:(ndr1_1(a183)=>(c1_2(a183,X180)|~c4_2(a183,X180)))&ndr1_1(a183)&c1_2(a183,a184)&~c6_2(a183,a184)&~c8_2(a183,a184)))&(![X181]:(ndr1_0=>(c10_1(X181)|c2_1(X181)))|![X182]:(ndr1_0=>(![X183]:(ndr1_1(X182)=>(c1_2(X182,X183)|~c10_2(X182,X183)))|![X184]:(ndr1_1(X182)=>(c4_2(X182,X184)|c5_2(X182,X184)|c7_2(X182,X184)))|(ndr1_1(X182)&~c3_2(X182,a185)&~c5_2(X182,a185)&~c6_2(X182,a185))))|(ndr1_0&c3_1(a186)&~c2_1(a186)&~c9_1(a186)))&(![X185]:(ndr1_0=>(c3_1(X185)|c5_1(X185)|![X186]:(ndr1_1(X185)=>(c5_2(X185,X186)|~c6_2(X185,X186)|~c9_2(X185,X186)))))|(ndr1_0&c3_1(a187)&~c1_1(a187)&~c8_1(a187))|(ndr1_0&~c3_1(a188)&~c9_1(a188)&![X187]:(ndr1_1(a188)=>(c7_2(a188,X187)|~c2_2(a188,X187)|~c8_2(a188,X187)))))&(![X188]:(ndr1_0=>(c3_1(X188)|![X189]:(ndr1_1(X188)=>(c5_2(X188,X189)|~c2_2(X188,X189)|~c9_2(X188,X189)))|![X190]:(ndr1_1(X188)=>(c9_2(X188,X190)|~c4_2(X188,X190)|~c6_2(X188,X190)))))|(ndr1_0&c2_1(a189)&ndr1_1(a189)&c2_2(a189,a190)&c4_2(a189,a190)&~c1_2(a189,a190)&ndr1_1(a189)&c2_2(a189,a191)&c8_2(a189,a191)&~c1_2(a189,a191))|(ndr1_0&c3_1(a192)&c7_1(a192)&ndr1_1(a192)&c9_2(a192,a193)&~c3_2(a192,a193)&~c7_2(a192,a193)))&(![X191]:(ndr1_0=>(c6_1(X191)|![X192]:(ndr1_1(X191)=>(c1_2(X191,X192)|c5_2(X191,X192)|~c10_2(X191,X192)))))|(ndr1_0&~c2_1(a194)&~c9_1(a194)&![X193]:(ndr1_1(a194)=>(c8_2(a194,X193)|~c1_2(a194,X193)|~c7_2(a194,X193))))|(ndr1_0&![X194]:(ndr1_1(a195)=>(~c1_2(a195,X194)|~c2_2(a195,X194)|~c4_2(a195,X194)))&ndr1_1(a195)&~c2_2(a195,a196)&~c8_2(a195,a196)&ndr1_1(a195)&~c4_2(a195,a197)&~c7_2(a195,a197)&~c9_2(a195,a197)))&(![X195]:(ndr1_0=>(~c1_1(X195)|![X196]:(ndr1_1(X195)=>(c8_2(X195,X196)|~c5_2(X195,X196)|~c7_2(X195,X196)))|(ndr1_1(X195)&c1_2(X195,a198)&c4_2(X195,a198)&~c2_2(X195,a198))))|(ndr1_0&c4_1(a199)&~c9_1(a199)&![X197]:(ndr1_1(a199)=>(c7_2(a199,X197)|~c3_2(a199,X197)|~c4_2(a199,X197))))|(ndr1_0&c8_1(a200)&![X198]:(ndr1_1(a200)=>(c5_2(a200,X198)|~c3_2(a200,X198)|~c9_2(a200,X198)))&![X199]:(ndr1_1(a200)=>(c7_2(a200,X199)|c9_2(a200,X199)|~c3_2(a200,X199)))))&(![X200]:(ndr1_0=>(~c5_1(X200)|~c9_1(X200)|![X201]:(ndr1_1(X200)=>(c5_2(X200,X201)|~c10_2(X200,X201)|~c8_2(X200,X201)))))|![X202]:(ndr1_0=>(~c9_1(X202)|![X203]:(ndr1_1(X202)=>(c2_2(X202,X203)|c5_2(X202,X203)))|![X204]:(ndr1_1(X202)=>(c2_2(X202,X204)|~c10_2(X202,X204)|~c6_2(X202,X204)))))|(ndr1_0&ndr1_1(a201)&c1_2(a201,a202)&~c3_2(a201,a202)&~c9_2(a201,a202)&ndr1_1(a201)&c3_2(a201,a203)&c9_2(a201,a203)&~c7_2(a201,a203)))&(![X205]:(ndr1_0=>(~c7_1(X205)|![X206]:(ndr1_1(X205)=>(c1_2(X205,X206)|~c3_2(X205,X206)|~c4_2(X205,X206)))|(ndr1_1(X205)&c4_2(X205,a204)&c8_2(X205,a204))))|(ndr1_0&c10_1(a205)&c2_1(a205))|(ndr1_0&~c1_1(a206)&![X207]:(ndr1_1(a206)=>(c1_2(a206,X207)|c3_2(a206,X207)|~c7_2(a206,X207)))&ndr1_1(a206)&c6_2(a206,a207)&~c8_2(a206,a207)))&(![X208]:(ndr1_0=>(![X209]:(ndr1_1(X208)=>(c9_2(X208,X209)|~c6_2(X208,X209)|~c8_2(X208,X209)))|(ndr1_1(X208)&c2_2(X208,a208)&c4_2(X208,a208)&c9_2(X208,a208))|(ndr1_1(X208)&c3_2(X208,a209)&c5_2(X208,a209)&~c10_2(X208,a209))))|(ndr1_0&c9_1(a210)&ndr1_1(a210)&c10_2(a210,a211)&c5_2(a210,a211)&~c3_2(a210,a211)&ndr1_1(a210)&c8_2(a210,a212)&~c10_2(a210,a212)&~c4_2(a210,a212)))&((ndr1_0&c8_1(a213)&![X210]:(ndr1_1(a213)=>(c7_2(a213,X210)|~c2_2(a213,X210)|~c8_2(a213,X210)))&ndr1_1(a213)&~c1_2(a213,a214)&~c6_2(a213,a214)&~c8_2(a213,a214))|(ndr1_0&~c9_1(a215)&ndr1_1(a215)&~c1_2(a215,a216)&~c5_2(a215,a216)&~c9_2(a215,a216)&ndr1_1(a215)&~c6_2(a215,a217)&~c7_2(a215,a217)))))			
../../TPTP-v7.3.0/Problems/SYN/SYN585-1.p		Unsatisfiable	UNKNOWN		UNKNOWN		cnf					
../../TPTP-v7.3.0/Problems/SYN/SYN219-1.p		Unsatisfiable	UNKNOWN		UNKNOWN		cnf					
../../TPTP-v7.3.0/Problems/SYN/SYN583-1.p		Unsatisfiable	UNKNOWN		UNKNOWN		cnf					
../../TPTP-v7.3.0/Problems/SYN/SYN759-1.p		Unsatisfiable	UNKNOWN		UNKNOWN		cnf					
../../TPTP-v7.3.0/Problems/SYN/SYN315-1.p		Unsatisfiable	UNKNOWN		UNKNOWN		cnf					
../../TPTP-v7.3.0/Problems/SYN/SYN598-1.p		Unsatisfiable	UNKNOWN		UNKNOWN		cnf					
../../TPTP-v7.3.0/Problems/SYN/SYN536+1.p		CounterSatisfiable	UNKNOWN		UNKNOWN		fof		(~((![U]:(ndr1_0=>(c5_1(U)|![V]:(ndr1_1(U)=>(c3_2(U,V)|~c2_2(U,V)))))|~c4_0|c2_0)&((ndr1_0&~c5_1(a520)&![W]:(ndr1_1(a520)=>(~c1_2(a520,W)|~c5_2(a520,W)|~c3_2(a520,W)))&c1_1(a520))|c5_0|c3_0)&((ndr1_0&~c2_1(a521)&![X]:(ndr1_1(a521)=>(c1_2(a521,X)|~c2_2(a521,X)|~c5_2(a521,X)))&~c1_1(a521))|![Y]:(ndr1_0=>((ndr1_1(Y)&c5_2(Y,a522)&c2_2(Y,a522))|~c3_1(Y)|c5_1(Y))))&(![Z]:(ndr1_0=>((ndr1_1(Z)&~c3_2(Z,a523)&~c1_2(Z,a523))|![X1]:(ndr1_1(Z)=>(c1_2(Z,X1)|c2_2(Z,X1)|c3_2(Z,X1)))|c4_1(Z)))|![X2]:(ndr1_0=>(![X3]:(ndr1_1(X2)=>(~c1_2(X2,X3)|~c2_2(X2,X3)|~c3_2(X2,X3)))|(ndr1_1(X2)&c1_2(X2,a524)&c5_2(X2,a524)&~c4_2(X2,a524))|c4_1(X2)))|~c3_0)&(c4_0|c1_0|c5_0)&(~c2_0|(ndr1_0&~c2_1(a525)&ndr1_1(a525)&~c1_2(a525,a526)&c2_2(a525,a526)&c4_2(a525,a526)&c3_1(a525)))&((ndr1_0&c5_1(a527)&ndr1_1(a527)&~c3_2(a527,a528)&c1_2(a527,a528)&~c3_1(a527))|(ndr1_0&c4_1(a529)&ndr1_1(a529)&c5_2(a529,a530)&c4_2(a529,a530)&c1_2(a529,a530)&ndr1_1(a529)&c1_2(a529,a531)&c5_2(a529,a531))|~c4_0)&(c2_0|~c5_0)&(![X4]:(ndr1_0=>(![X5]:(ndr1_1(X4)=>(c2_2(X4,X5)|c4_2(X4,X5)|~c3_2(X4,X5)))|![X6]:(ndr1_1(X4)=>(~c1_2(X4,X6)|c4_2(X4,X6)))|![X7]:(ndr1_1(X4)=>(~c3_2(X4,X7)|~c5_2(X4,X7)|c4_2(X4,X7)))))|![X8]:(ndr1_0=>(c2_1(X8)|~c5_1(X8)))|c1_0)&(![X9]:(ndr1_0=>((ndr1_1(X9)&c4_2(X9,a532)&~c3_2(X9,a532)&~c5_2(X9,a532))|c1_1(X9)))|(ndr1_0&![X10]:(ndr1_1(a533)=>(c4_2(a533,X10)|c5_2(a533,X10)|~c3_2(a533,X10)))&~c3_1(a533))|~c2_0)&(c5_0|![X11]:(ndr1_0=>(c1_1(X11)|c5_1(X11)|c4_1(X11)))|![X12]:(ndr1_0=>(![X13]:(ndr1_1(X12)=>(c3_2(X12,X13)|c1_2(X12,X13)|c4_2(X12,X13)))|(ndr1_1(X12)&c4_2(X12,a534)&~c3_2(X12,a534))|c3_1(X12))))&(~c1_0|~c3_0|![X14]:(ndr1_0=>(![X15]:(ndr1_1(X14)=>(c3_2(X14,X15)|c2_2(X14,X15)))|c5_1(X14))))&(c5_0|~c3_0)&(~c4_0|![X16]:(ndr1_0=>(c1_1(X16)|(ndr1_1(X16)&~c4_2(X16,a535)&~c3_2(X16,a535))|c4_1(X16)))|![X17]:(ndr1_0=>(![X18]:(ndr1_1(X17)=>(c4_2(X17,X18)|c1_2(X17,X18)|~c3_2(X17,X18)))|c5_1(X17))))&((ndr1_0&![X19]:(ndr1_1(a536)=>(c4_2(a536,X19)|c2_2(a536,X19)))&~c5_1(a536)&~c1_1(a536))|c2_0|~c3_0)&(~c2_0|(ndr1_0&ndr1_1(a537)&c2_2(a537,a538)&c3_2(a537,a538)&~c5_1(a537))|![X20]:(ndr1_0=>(c4_1(X20)|![X21]:(ndr1_1(X20)=>(~c1_2(X20,X21)|c3_2(X20,X21)|~c5_2(X20,X21)))|(ndr1_1(X20)&c2_2(X20,a539)&c1_2(X20,a539)&c5_2(X20,a539)))))&((ndr1_0&c3_1(a540)&~c4_1(a540)&![X22]:(ndr1_1(a540)=>(~c3_2(a540,X22)|~c1_2(a540,X22)|c2_2(a540,X22))))|c5_0|(ndr1_0&![X23]:(ndr1_1(a541)=>(c2_2(a541,X23)|~c4_2(a541,X23)|c3_2(a541,X23)))&![X24]:(ndr1_1(a541)=>(c2_2(a541,X24)|~c5_2(a541,X24)|c3_2(a541,X24)))))&(~c1_0|~c5_0|![X25]:(ndr1_0=>(~c2_1(X25)|![X26]:(ndr1_1(X25)=>(~c1_2(X25,X26)|c4_2(X25,X26)))|(ndr1_1(X25)&~c2_2(X25,a542)&~c4_2(X25,a542)&~c5_2(X25,a542)))))&(c1_0|![X27]:(ndr1_0=>((ndr1_1(X27)&c2_2(X27,a543)&~c5_2(X27,a543)&~c1_2(X27,a543))|c1_1(X27)))|(ndr1_0&c4_1(a544)&c1_1(a544)&ndr1_1(a544)&c3_2(a544,a545)&~c1_2(a544,a545)&~c5_2(a544,a545)))))			
../../TPTP-v7.3.0/Problems/SYN/SYN744-1.p		Satisfiable	UNKNOWN		UNKNOWN		cnf					
../../TPTP-v7.3.0/Problems/SYN/SYN174-1.p		Unsatisfiable	UNKNOWN		UNKNOWN		cnf					
../../TPTP-v7.3.0/Problems/SYN/SYN136-1.p		Unsatisfiable	UNKNOWN		UNKNOWN		cnf					
../../TPTP-v7.3.0/Problems/SYN/SYN501+1.p		Theorem	UNKNOWN		UNKNOWN		fof		(~((~hskp0|(ndr1_0&c0_1(a97)&~c2_1(a97)&~c3_1(a97)))&(~hskp1|(ndr1_0&c0_1(a98)&~c1_1(a98)&~c3_1(a98)))&(~hskp2|(ndr1_0&c2_1(a99)&~c0_1(a99)&~c1_1(a99)))&(~hskp3|(ndr1_0&c2_1(a100)&c3_1(a100)&~c1_1(a100)))&(~hskp4|(ndr1_0&c0_1(a103)&c2_1(a103)&~c3_1(a103)))&(~hskp5|(ndr1_0&c2_1(a104)&~c0_1(a104)&~c3_1(a104)))&(~hskp6|(ndr1_0&c1_1(a105)&c2_1(a105)&~c3_1(a105)))&(~hskp7|(ndr1_0&c2_1(a106)&c3_1(a106)&~c0_1(a106)))&(~hskp8|(ndr1_0&c3_1(a107)&~c0_1(a107)&~c2_1(a107)))&(~hskp9|(ndr1_0&c1_1(a108)&c2_1(a108)&~c0_1(a108)))&(~hskp10|(ndr1_0&c1_1(a110)&~c2_1(a110)&~c3_1(a110)))&(~hskp11|(ndr1_0&c3_1(a112)&~c0_1(a112)&~c1_1(a112)))&(~hskp12|(ndr1_0&c0_1(a113)&c1_1(a113)&~c2_1(a113)))&(~hskp13|(ndr1_0&c0_1(a116)&c1_1(a116)&~c3_1(a116)))&(~hskp14|(ndr1_0&~c0_1(a120)&~c1_1(a120)&~c2_1(a120)))&(~hskp15|(ndr1_0&~c0_1(a121)&~c2_1(a121)&~c3_1(a121)))&(~hskp16|(ndr1_0&c0_1(a122)&~c1_1(a122)&~c2_1(a122)))&(~hskp17|(ndr1_0&c2_1(a124)&~c1_1(a124)&~c3_1(a124)))&(~hskp18|(ndr1_0&c0_1(a129)&c2_1(a129)&~c1_1(a129)))&(~hskp19|(ndr1_0&c1_1(a130)&c3_1(a130)&~c2_1(a130)))&(~hskp20|(ndr1_0&~c1_1(a132)&~c2_1(a132)&~c3_1(a132)))&(~hskp21|(ndr1_0&c3_1(a136)&~c1_1(a136)&~c2_1(a136)))&(~hskp22|(ndr1_0&c0_1(a138)&c3_1(a138)&~c2_1(a138)))&(~hskp23|(ndr1_0&c1_1(a145)&c3_1(a145)&~c0_1(a145)))&(~hskp24|(ndr1_0&~c0_1(a147)&~c1_1(a147)&~c3_1(a147)))&(~hskp25|(ndr1_0&c1_1(a173)&~c0_1(a173)&~c3_1(a173)))&(~hskp26|(ndr1_0&c0_1(a195)&c3_1(a195)&~c1_1(a195)))&(~hskp27|(ndr1_0&c0_1(a101)&c1_1(a101)&c3_1(a101)))&(~hskp28|(ndr1_0&c0_1(a137)&c1_1(a137)&c2_1(a137)))&(~hskp29|(ndr1_0&c0_1(a166)&c2_1(a166)&c3_1(a166)))&(![U]:(ndr1_0=>(c0_1(U)|c1_1(U)|c2_1(U)))|![V]:(ndr1_0=>(c0_1(V)|c1_1(V)|~c2_1(V)))|![W]:(ndr1_0=>(c0_1(W)|c3_1(W)|~c2_1(W))))&(![X]:(ndr1_0=>(c0_1(X)|c1_1(X)|c2_1(X)))|![Y]:(ndr1_0=>(c0_1(Y)|c2_1(Y)|~c3_1(Y)))|hskp0)&(![Z]:(ndr1_0=>(c0_1(Z)|c1_1(Z)|c2_1(Z)))|hskp1|hskp2)&(![X1]:(ndr1_0=>(c0_1(X1)|c1_1(X1)|c3_1(X1)))|![X2]:(ndr1_0=>(c0_1(X2)|c1_1(X2)|~c3_1(X2)))|![X3]:(ndr1_0=>(c0_1(X3)|c3_1(X3)|~c1_1(X3))))&(![X4]:(ndr1_0=>(c0_1(X4)|c1_1(X4)|c3_1(X4)))|![X5]:(ndr1_0=>(c1_1(X5)|~c0_1(X5)|~c3_1(X5)))|![X6]:(ndr1_0=>(c3_1(X6)|~c0_1(X6)|~c1_1(X6))))&(![X7]:(ndr1_0=>(c0_1(X7)|c1_1(X7)|~c2_1(X7)))|![X8]:(ndr1_0=>(c0_1(X8)|c3_1(X8)|~c1_1(X8)))|![X9]:(ndr1_0=>(~c1_1(X9)|~c2_1(X9)|~c3_1(X9))))&(![X10]:(ndr1_0=>(c0_1(X10)|c1_1(X10)|~c2_1(X10)))|![X11]:(ndr1_0=>(c0_1(X11)|~c1_1(X11)|~c2_1(X11)))|hskp3)&(![X12]:(ndr1_0=>(c0_1(X12)|c1_1(X12)|~c2_1(X12)))|![X13]:(ndr1_0=>(c1_1(X13)|c2_1(X13)|~c3_1(X13)))|hskp27)&(![X14]:(ndr1_0=>(c0_1(X14)|c1_1(X14)|~c2_1(X14)))|![X15]:(ndr1_0=>(c1_1(X15)|c3_1(X15)|~c2_1(X15)))|hskp1)&(![X16]:(ndr1_0=>(c0_1(X16)|c1_1(X16)|~c2_1(X16)))|hskp4|hskp5)&(![X17]:(ndr1_0=>(c0_1(X17)|c1_1(X17)|~c2_1(X17)))|hskp6|hskp7)&(![X18]:(ndr1_0=>(c0_1(X18)|c1_1(X18)|~c3_1(X18)))|![X19]:(ndr1_0=>(c1_1(X19)|c2_1(X19)|~c3_1(X19)))|hskp8)&(![X20]:(ndr1_0=>(c0_1(X20)|c1_1(X20)|~c3_1(X20)))|hskp9|hskp6)&(![X21]:(ndr1_0=>(c0_1(X21)|c2_1(X21)|c3_1(X21)))|![X22]:(ndr1_0=>(c0_1(X22)|c2_1(X22)|~c3_1(X22)))|![X23]:(ndr1_0=>(c1_1(X23)|~c0_1(X23)|~c3_1(X23))))&(![X24]:(ndr1_0=>(c0_1(X24)|c2_1(X24)|c3_1(X24)))|![X25]:(ndr1_0=>(c0_1(X25)|~c2_1(X25)|~c3_1(X25)))|![X26]:(ndr1_0=>(c2_1(X26)|~c0_1(X26)|~c1_1(X26))))&(![X27]:(ndr1_0=>(c0_1(X27)|c2_1(X27)|c3_1(X27)))|![X28]:(ndr1_0=>(c2_1(X28)|~c1_1(X28)|~c3_1(X28)))|hskp10)&(![X29]:(ndr1_0=>(c0_1(X29)|c2_1(X29)|c3_1(X29)))|hskp5|hskp11)&(![X30]:(ndr1_0=>(c0_1(X30)|c2_1(X30)|~c1_1(X30)))|![X31]:(ndr1_0=>(c0_1(X31)|~c1_1(X31)|~c2_1(X31)))|hskp12)&(![X32]:(ndr1_0=>(c0_1(X32)|c2_1(X32)|~c1_1(X32)))|![X33]:(ndr1_0=>(c0_1(X33)|~c1_1(X33)|~c2_1(X33)))|hskp10)&(![X34]:(ndr1_0=>(c0_1(X34)|c2_1(X34)|~c1_1(X34)))|![X35]:(ndr1_0=>(c1_1(X35)|c2_1(X35)|~c3_1(X35)))|![X36]:(ndr1_0=>(~c1_1(X36)|~c2_1(X36)|~c3_1(X36))))&(![X37]:(ndr1_0=>(c0_1(X37)|c2_1(X37)|~c1_1(X37)))|![X38]:(ndr1_0=>(c1_1(X38)|~c0_1(X38)|~c3_1(X38)))|hskp10)&(![X39]:(ndr1_0=>(c0_1(X39)|c2_1(X39)|~c3_1(X39)))|![X40]:(ndr1_0=>(c0_1(X40)|~c1_1(X40)|~c3_1(X40)))|![X41]:(ndr1_0=>(c1_1(X41)|c2_1(X41)|~c3_1(X41))))&(![X42]:(ndr1_0=>(c0_1(X42)|c2_1(X42)|~c3_1(X42)))|hskp13|hskp5)&(![X43]:(ndr1_0=>(c0_1(X43)|c3_1(X43)|~c1_1(X43)))|![X44]:(ndr1_0=>(c3_1(X44)|~c0_1(X44)|~c1_1(X44)))|hskp11)&(![X45]:(ndr1_0=>(c0_1(X45)|c3_1(X45)|~c2_1(X45)))|hskp1|hskp14)&(![X46]:(ndr1_0=>(c0_1(X46)|~c1_1(X46)|~c2_1(X46)))|![X47]:(ndr1_0=>(c0_1(X47)|~c2_1(X47)|~c3_1(X47)))|hskp15)&(![X48]:(ndr1_0=>(c0_1(X48)|~c1_1(X48)|~c2_1(X48)))|![X49]:(ndr1_0=>(c2_1(X49)|~c0_1(X49)|~c1_1(X49)))|![X50]:(ndr1_0=>(~c0_1(X50)|~c1_1(X50)|~c2_1(X50))))&(![X51]:(ndr1_0=>(c0_1(X51)|~c1_1(X51)|~c2_1(X51)))|![X52]:(ndr1_0=>(c3_1(X52)|~c0_1(X52)|~c2_1(X52)))|hskp16)&(![X53]:(ndr1_0=>(c0_1(X53)|~c1_1(X53)|~c3_1(X53)))|![X54]:(ndr1_0=>(c1_1(X54)|c3_1(X54)|~c0_1(X54)))|hskp0)&(![X55]:(ndr1_0=>(c0_1(X55)|~c2_1(X55)|~c3_1(X55)))|![X56]:(ndr1_0=>(c1_1(X56)|c2_1(X56)|c3_1(X56)))|hskp17)&(![X57]:(ndr1_0=>(c0_1(X57)|~c2_1(X57)|~c3_1(X57)))|![X58]:(ndr1_0=>(~c0_1(X58)|~c2_1(X58)|~c3_1(X58)))|hskp1)&(![X59]:(ndr1_0=>(c0_1(X59)|~c2_1(X59)|~c3_1(X59)))|hskp9|hskp17)&(![X60]:(ndr1_0=>(c1_1(X60)|c2_1(X60)|c3_1(X60)))|![X61]:(ndr1_0=>(c2_1(X61)|c3_1(X61)|~c1_1(X61)))|![X62]:(ndr1_0=>(c3_1(X62)|~c1_1(X62)|~c2_1(X62))))&(![X63]:(ndr1_0=>(c1_1(X63)|c2_1(X63)|c3_1(X63)))|![X64]:(ndr1_0=>(c3_1(X64)|~c0_1(X64)|~c2_1(X64)))|hskp15)&(![X65]:(ndr1_0=>(c1_1(X65)|c2_1(X65)|c3_1(X65)))|hskp18|hskp19)&(![X66]:(ndr1_0=>(c1_1(X66)|c2_1(X66)|~c0_1(X66)))|![X67]:(ndr1_0=>(c1_1(X67)|c3_1(X67)|~c2_1(X67)))|hskp4)&(![X68]:(ndr1_0=>(c1_1(X68)|c2_1(X68)|~c0_1(X68)))|![X69]:(ndr1_0=>(c1_1(X69)|~c0_1(X69)|~c2_1(X69)))|![X70]:(ndr1_0=>(c3_1(X70)|~c0_1(X70)|~c2_1(X70))))&(![X71]:(ndr1_0=>(c1_1(X71)|c2_1(X71)|~c0_1(X71)))|![X72]:(ndr1_0=>(c1_1(X72)|~c0_1(X72)|~c3_1(X72)))|hskp20)&(![X73]:(ndr1_0=>(c1_1(X73)|c2_1(X73)|~c0_1(X73)))|hskp6|hskp20)&(![X74]:(ndr1_0=>(c1_1(X74)|c2_1(X74)|~c0_1(X74)))|hskp2|hskp21)&(![X75]:(ndr1_0=>(c1_1(X75)|c2_1(X75)|~c3_1(X75)))|![X76]:(ndr1_0=>(c2_1(X76)|~c0_1(X76)|~c1_1(X76)))|hskp28)&(![X77]:(ndr1_0=>(c1_1(X77)|c2_1(X77)|~c3_1(X77)))|hskp22|hskp6)&(![X78]:(ndr1_0=>(c1_1(X78)|c3_1(X78)|~c0_1(X78)))|![X79]:(ndr1_0=>(c2_1(X79)|c3_1(X79)|~c0_1(X79)))|![X80]:(ndr1_0=>(c2_1(X80)|~c1_1(X80)|~c3_1(X80))))&(![X81]:(ndr1_0=>(c1_1(X81)|c3_1(X81)|~c0_1(X81)))|![X82]:(ndr1_0=>(~c0_1(X82)|~c1_1(X82)|~c3_1(X82)))|hskp18)&(![X83]:(ndr1_0=>(c1_1(X83)|c3_1(X83)|~c2_1(X83)))|![X84]:(ndr1_0=>(c1_1(X84)|~c0_1(X84)|~c2_1(X84)))|![X85]:(ndr1_0=>(~c1_1(X85)|~c2_1(X85)|~c3_1(X85))))&(![X86]:(ndr1_0=>(c1_1(X86)|c3_1(X86)|~c2_1(X86)))|hskp22|hskp21)&(![X87]:(ndr1_0=>(c1_1(X87)|c3_1(X87)|~c2_1(X87)))|hskp1|hskp19)&(![X88]:(ndr1_0=>(c1_1(X88)|c3_1(X88)|~c2_1(X88)))|hskp23|hskp17)&(![X89]:(ndr1_0=>(c1_1(X89)|~c0_1(X89)|~c2_1(X89)))|![X90]:(ndr1_0=>(c1_1(X90)|~c2_1(X90)|~c3_1(X90)))|![X91]:(ndr1_0=>(~c0_1(X91)|~c2_1(X91)|~c3_1(X91))))&(![X92]:(ndr1_0=>(c1_1(X92)|~c0_1(X92)|~c2_1(X92)))|![X93]:(ndr1_0=>(c2_1(X93)|~c0_1(X93)|~c3_1(X93)))|hskp24)&(![X94]:(ndr1_0=>(c1_1(X94)|~c0_1(X94)|~c2_1(X94)))|![X95]:(ndr1_0=>(c3_1(X95)|~c0_1(X95)|~c1_1(X95)))|hskp1)&(![X96]:(ndr1_0=>(c1_1(X96)|~c0_1(X96)|~c2_1(X96)))|hskp4|hskp7)&(![X97]:(ndr1_0=>(c1_1(X97)|~c0_1(X97)|~c3_1(X97)))|![X98]:(ndr1_0=>(c2_1(X98)|~c1_1(X98)|~c3_1(X98)))|hskp19)&(![X99]:(ndr1_0=>(c1_1(X99)|~c2_1(X99)|~c3_1(X99)))|hskp3|hskp17)&(![X100]:(ndr1_0=>(c2_1(X100)|c3_1(X100)|~c0_1(X100)))|hskp18|hskp11)&(![X101]:(ndr1_0=>(c2_1(X101)|c3_1(X101)|~c0_1(X101)))|hskp16|hskp2)&(![X102]:(ndr1_0=>(c2_1(X102)|~c0_1(X102)|~c1_1(X102)))|hskp7|hskp20)&(![X103]:(ndr1_0=>(c2_1(X103)|~c0_1(X103)|~c3_1(X103)))|hskp4|hskp7)&(![X104]:(ndr1_0=>(c2_1(X104)|~c1_1(X104)|~c3_1(X104)))|![X105]:(ndr1_0=>(c3_1(X105)|~c0_1(X105)|~c2_1(X105)))|hskp11)&(![X106]:(ndr1_0=>(c2_1(X106)|~c1_1(X106)|~c3_1(X106)))|![X107]:(ndr1_0=>(~c0_1(X107)|~c1_1(X107)|~c2_1(X107)))|hskp2)&(![X108]:(ndr1_0=>(c3_1(X108)|~c0_1(X108)|~c1_1(X108)))|hskp27|hskp19)&(![X109]:(ndr1_0=>(c3_1(X109)|~c0_1(X109)|~c1_1(X109)))|hskp29|hskp0)&(![X110]:(ndr1_0=>(c3_1(X110)|~c0_1(X110)|~c1_1(X110)))|hskp18|hskp8)&(![X111]:(ndr1_0=>(c3_1(X111)|~c0_1(X111)|~c1_1(X111)))|hskp0)&(![X112]:(ndr1_0=>(c3_1(X112)|~c0_1(X112)|~c1_1(X112)))|hskp6)&(![X113]:(ndr1_0=>(c3_1(X113)|~c0_1(X113)|~c2_1(X113)))|hskp16|hskp25)&(![X114]:(ndr1_0=>(~c0_1(X114)|~c1_1(X114)|~c2_1(X114)))|hskp27|hskp29)&(![X115]:(ndr1_0=>(~c0_1(X115)|~c2_1(X115)|~c3_1(X115)))|hskp1|hskp9)&(hskp28|hskp4|hskp22)&(hskp27|hskp9|hskp2)&(hskp12|hskp13)&(hskp13|hskp18|hskp8)&(hskp18|hskp4|hskp20)&(hskp18|hskp19|hskp17)&(hskp26|hskp25|hskp5)&(hskp22|hskp0|hskp11)&(hskp22|hskp8|hskp15)&(hskp16|hskp6|hskp15)&(hskp16|hskp10|hskp8)&(hskp19|hskp8|hskp15)))			
../../TPTP-v7.3.0/Problems/SYN/SYN468-1.p		Unsatisfiable	UNKNOWN		UNKNOWN		cnf					
../../TPTP-v7.3.0/Problems/SYN/SYN249-1.p		Unsatisfiable	UNKNOWN		UNKNOWN		cnf					
../../TPTP-v7.3.0/Problems/SYN/SYN348+1.p		CounterSatisfiable	UNKNOWN		UNKNOWN		fof		(?[X1]:![X2]:?[X3]:![X4]:((((big_f(X1,X4)<=>big_f(X4,X3))<=>big_f(X3,X4))<=>big_f(X4,X1))&(((big_f(X2,X4)<=>big_f(X4,X3))<=>big_f(X3,X4))<=>big_f(X4,X2))))			
../../TPTP-v7.3.0/Problems/SYN/SYN472+1.p		Theorem	UNKNOWN		UNKNOWN		fof		(~((~hskp0|(ndr1_0&c2_1(a692)&~c0_1(a692)&~c1_1(a692)))&(~hskp1|(ndr1_0&c2_1(a693)&~c1_1(a693)&~c3_1(a693)))&(~hskp2|(ndr1_0&c0_1(a696)&c1_1(a696)&~c2_1(a696)))&(~hskp3|(ndr1_0&c0_1(a697)&c2_1(a697)&~c3_1(a697)))&(~hskp4|(ndr1_0&~c0_1(a698)&~c2_1(a698)&~c3_1(a698)))&(~hskp5|(ndr1_0&c0_1(a701)&c2_1(a701)&~c1_1(a701)))&(~hskp6|(ndr1_0&c0_1(a702)&c3_1(a702)&~c2_1(a702)))&(~hskp7|(ndr1_0&c1_1(a708)&c2_1(a708)&~c3_1(a708)))&(~hskp8|(ndr1_0&c2_1(a710)&c3_1(a710)&~c0_1(a710)))&(~hskp9|(ndr1_0&~c0_1(a712)&~c1_1(a712)&~c2_1(a712)))&(~hskp10|(ndr1_0&c1_1(a717)&c3_1(a717)&~c2_1(a717)))&(~hskp11|(ndr1_0&c0_1(a722)&c3_1(a722)&~c1_1(a722)))&(~hskp12|(ndr1_0&~c0_1(a725)&~c1_1(a725)&~c3_1(a725)))&(~hskp13|(ndr1_0&c1_1(a726)&~c0_1(a726)&~c3_1(a726)))&(~hskp14|(ndr1_0&c0_1(a730)&c1_1(a730)&~c3_1(a730)))&(~hskp15|(ndr1_0&c3_1(a734)&~c1_1(a734)&~c2_1(a734)))&(~hskp16|(ndr1_0&c2_1(a738)&c3_1(a738)&~c1_1(a738)))&(~hskp17|(ndr1_0&~c1_1(a744)&~c2_1(a744)&~c3_1(a744)))&(~hskp18|(ndr1_0&c0_1(a751)&~c1_1(a751)&~c3_1(a751)))&(~hskp19|(ndr1_0&c0_1(a752)&~c2_1(a752)&~c3_1(a752)))&(~hskp20|(ndr1_0&c2_1(a754)&~c0_1(a754)&~c3_1(a754)))&(~hskp21|(ndr1_0&c1_1(a760)&c3_1(a760)&~c0_1(a760)))&(~hskp22|(ndr1_0&c1_1(a761)&~c0_1(a761)&~c2_1(a761)))&(~hskp23|(ndr1_0&c0_1(a763)&~c1_1(a763)&~c2_1(a763)))&(~hskp24|(ndr1_0&c1_1(a764)&~c2_1(a764)&~c3_1(a764)))&(~hskp25|(ndr1_0&c1_1(a773)&c2_1(a773)&~c0_1(a773)))&(~hskp26|(ndr1_0&c3_1(a777)&~c0_1(a777)&~c1_1(a777)))&(~hskp27|(ndr1_0&c0_1(a691)&c1_1(a691)&c3_1(a691)))&(~hskp28|(ndr1_0&c0_1(a695)&c1_1(a695)&c2_1(a695)))&(~hskp29|(ndr1_0&c0_1(a713)&c2_1(a713)&c3_1(a713)))&(~hskp30|(ndr1_0&c1_1(a733)&c2_1(a733)&c3_1(a733)))&(![U]:(ndr1_0=>(c0_1(U)|c1_1(U)|c3_1(U)))|![V]:(ndr1_0=>(c1_1(V)|c3_1(V)|~c0_1(V)))|hskp27)&(![W]:(ndr1_0=>(c0_1(W)|c1_1(W)|c3_1(W)))|hskp0|hskp1)&(![X]:(ndr1_0=>(c0_1(X)|c1_1(X)|~c2_1(X)))|![Y]:(ndr1_0=>(c0_1(Y)|c2_1(Y)|~c1_1(Y)))|hskp27)&(![Z]:(ndr1_0=>(c0_1(Z)|c1_1(Z)|~c2_1(Z)))|![X1]:(ndr1_0=>(c1_1(X1)|c2_1(X1)|~c0_1(X1)))|hskp28)&(![X2]:(ndr1_0=>(c0_1(X2)|c1_1(X2)|~c2_1(X2)))|![X3]:(ndr1_0=>(c1_1(X3)|c3_1(X3)|~c0_1(X3)))|![X4]:(ndr1_0=>(c3_1(X4)|~c1_1(X4)|~c2_1(X4))))&(![X5]:(ndr1_0=>(c0_1(X5)|c1_1(X5)|~c2_1(X5)))|![X6]:(ndr1_0=>(c1_1(X6)|~c2_1(X6)|~c3_1(X6)))|hskp2)&(![X7]:(ndr1_0=>(c0_1(X7)|c1_1(X7)|~c2_1(X7)))|hskp3|hskp4)&(![X8]:(ndr1_0=>(c0_1(X8)|c1_1(X8)|~c3_1(X8)))|![X9]:(ndr1_0=>(c0_1(X9)|c2_1(X9)|~c1_1(X9)))|hskp3)&(![X10]:(ndr1_0=>(c0_1(X10)|c1_1(X10)|~c3_1(X10)))|![X11]:(ndr1_0=>(c2_1(X11)|c3_1(X11)|~c1_1(X11)))|hskp0)&(![X12]:(ndr1_0=>(c0_1(X12)|c1_1(X12)|~c3_1(X12)))|hskp5|hskp6)&(![X13]:(ndr1_0=>(c0_1(X13)|c2_1(X13)|c3_1(X13)))|![X14]:(ndr1_0=>(c0_1(X14)|c2_1(X14)|~c1_1(X14)))|![X15]:(ndr1_0=>(c1_1(X15)|c2_1(X15)|c3_1(X15))))&(![X16]:(ndr1_0=>(c0_1(X16)|c2_1(X16)|c3_1(X16)))|![X17]:(ndr1_0=>(c0_1(X17)|c3_1(X17)|~c1_1(X17)))|hskp6)&(![X18]:(ndr1_0=>(c0_1(X18)|c2_1(X18)|c3_1(X18)))|![X19]:(ndr1_0=>(c2_1(X19)|~c0_1(X19)|~c3_1(X19)))|hskp0)&(![X20]:(ndr1_0=>(c0_1(X20)|c2_1(X20)|c3_1(X20)))|![X21]:(ndr1_0=>(c3_1(X21)|~c0_1(X21)|~c1_1(X21)))|![X22]:(ndr1_0=>(~c0_1(X22)|~c2_1(X22)|~c3_1(X22))))&(![X23]:(ndr1_0=>(c0_1(X23)|c2_1(X23)|c3_1(X23)))|hskp27|hskp6)&(![X24]:(ndr1_0=>(c0_1(X24)|c2_1(X24)|c3_1(X24)))|hskp2|hskp7)&(![X25]:(ndr1_0=>(c0_1(X25)|c2_1(X25)|c3_1(X25)))|hskp5|hskp8)&(![X26]:(ndr1_0=>(c0_1(X26)|c2_1(X26)|c3_1(X26)))|hskp3|hskp9)&(![X27]:(ndr1_0=>(c0_1(X27)|c2_1(X27)|~c1_1(X27)))|![X28]:(ndr1_0=>(c0_1(X28)|~c1_1(X28)|~c2_1(X28)))|hskp29)&(![X29]:(ndr1_0=>(c0_1(X29)|c2_1(X29)|~c1_1(X29)))|![X30]:(ndr1_0=>(c1_1(X30)|c2_1(X30)|~c3_1(X30)))|hskp29)&(![X31]:(ndr1_0=>(c0_1(X31)|c2_1(X31)|~c1_1(X31)))|![X32]:(ndr1_0=>(c3_1(X32)|~c0_1(X32)|~c1_1(X32)))|![X33]:(ndr1_0=>(c3_1(X33)|~c1_1(X33)|~c2_1(X33))))&(![X34]:(ndr1_0=>(c0_1(X34)|c2_1(X34)|~c3_1(X34)))|![X35]:(ndr1_0=>(c1_1(X35)|c2_1(X35)|~c0_1(X35)))|hskp5)&(![X36]:(ndr1_0=>(c0_1(X36)|c2_1(X36)|~c3_1(X36)))|![X37]:(ndr1_0=>(c1_1(X37)|c2_1(X37)|~c3_1(X37)))|![X38]:(ndr1_0=>(c1_1(X38)|c3_1(X38)|~c2_1(X38))))&(![X39]:(ndr1_0=>(c0_1(X39)|c2_1(X39)|~c3_1(X39)))|![X40]:(ndr1_0=>(~c1_1(X40)|~c2_1(X40)|~c3_1(X40)))|hskp28)&(![X41]:(ndr1_0=>(c0_1(X41)|c3_1(X41)|~c1_1(X41)))|![X42]:(ndr1_0=>(c0_1(X42)|c3_1(X42)|~c2_1(X42)))|![X43]:(ndr1_0=>(c2_1(X43)|~c0_1(X43)|~c3_1(X43))))&(![X44]:(ndr1_0=>(c0_1(X44)|c3_1(X44)|~c2_1(X44)))|![X45]:(ndr1_0=>(c0_1(X45)|~c1_1(X45)|~c3_1(X45)))|hskp10)&(![X46]:(ndr1_0=>(c0_1(X46)|c3_1(X46)|~c2_1(X46)))|![X47]:(ndr1_0=>(c1_1(X47)|c2_1(X47)|~c0_1(X47)))|![X48]:(ndr1_0=>(c2_1(X48)|c3_1(X48)|~c0_1(X48))))&(![X49]:(ndr1_0=>(c0_1(X49)|c3_1(X49)|~c2_1(X49)))|![X50]:(ndr1_0=>(c2_1(X50)|c3_1(X50)|~c1_1(X50)))|hskp6)&(![X51]:(ndr1_0=>(c0_1(X51)|c3_1(X51)|~c2_1(X51)))|![X52]:(ndr1_0=>(~c1_1(X52)|~c2_1(X52)|~c3_1(X52)))|hskp8)&(![X53]:(ndr1_0=>(c0_1(X53)|~c1_1(X53)|~c2_1(X53)))|![X54]:(ndr1_0=>(c2_1(X54)|~c0_1(X54)|~c1_1(X54)))|hskp5)&(![X55]:(ndr1_0=>(c0_1(X55)|~c1_1(X55)|~c3_1(X55)))|![X56]:(ndr1_0=>(c1_1(X56)|c2_1(X56)|~c0_1(X56)))|hskp4)&(![X57]:(ndr1_0=>(c0_1(X57)|~c2_1(X57)|~c3_1(X57)))|![X58]:(ndr1_0=>(c1_1(X58)|~c2_1(X58)|~c3_1(X58)))|![X59]:(ndr1_0=>(c2_1(X59)|c3_1(X59)|~c1_1(X59))))&(![X60]:(ndr1_0=>(c0_1(X60)|~c2_1(X60)|~c3_1(X60)))|![X61]:(ndr1_0=>(c2_1(X61)|c3_1(X61)|~c0_1(X61)))|hskp11)&(![X62]:(ndr1_0=>(c0_1(X62)|~c2_1(X62)|~c3_1(X62)))|![X63]:(ndr1_0=>(~c0_1(X63)|~c1_1(X63)|~c3_1(X63)))|hskp8)&(![X64]:(ndr1_0=>(c1_1(X64)|c2_1(X64)|c3_1(X64)))|![X65]:(ndr1_0=>(c2_1(X65)|~c0_1(X65)|~c1_1(X65)))|hskp3)&(![X66]:(ndr1_0=>(c1_1(X66)|c2_1(X66)|~c0_1(X66)))|![X67]:(ndr1_0=>(c2_1(X67)|~c0_1(X67)|~c1_1(X67)))|hskp12)&(![X68]:(ndr1_0=>(c1_1(X68)|c2_1(X68)|~c3_1(X68)))|![X69]:(ndr1_0=>(c1_1(X69)|c3_1(X69)|~c0_1(X69)))|hskp13)&(![X70]:(ndr1_0=>(c1_1(X70)|c2_1(X70)|~c3_1(X70)))|![X71]:(ndr1_0=>(c1_1(X71)|~c2_1(X71)|~c3_1(X71)))|![X72]:(ndr1_0=>(c3_1(X72)|~c0_1(X72)|~c1_1(X72))))&(![X73]:(ndr1_0=>(c1_1(X73)|c2_1(X73)|~c3_1(X73)))|hskp3|hskp1)&(![X74]:(ndr1_0=>(c1_1(X74)|c3_1(X74)|~c0_1(X74)))|![X75]:(ndr1_0=>(c2_1(X75)|~c0_1(X75)|~c3_1(X75)))|hskp0)&(![X76]:(ndr1_0=>(c1_1(X76)|c3_1(X76)|~c0_1(X76)))|hskp14|hskp3)&(![X77]:(ndr1_0=>(c1_1(X77)|c3_1(X77)|~c0_1(X77)))|hskp14|hskp30)&(![X78]:(ndr1_0=>(c1_1(X78)|c3_1(X78)|~c0_1(X78)))|hskp15|hskp12)&(![X79]:(ndr1_0=>(c1_1(X79)|c3_1(X79)|~c2_1(X79)))|![X80]:(ndr1_0=>(c2_1(X80)|c3_1(X80)|~c0_1(X80)))|hskp28)&(![X81]:(ndr1_0=>(c1_1(X81)|c3_1(X81)|~c2_1(X81)))|![X82]:(ndr1_0=>(~c0_1(X82)|~c2_1(X82)|~c3_1(X82)))|hskp14)&(![X83]:(ndr1_0=>(c1_1(X83)|~c0_1(X83)|~c2_1(X83)))|![X84]:(ndr1_0=>(c3_1(X84)|~c1_1(X84)|~c2_1(X84)))|hskp16)&(![X85]:(ndr1_0=>(c1_1(X85)|~c0_1(X85)|~c2_1(X85)))|hskp7|hskp16)&(![X86]:(ndr1_0=>(c1_1(X86)|~c2_1(X86)|~c3_1(X86)))|hskp7|hskp13)&(![X87]:(ndr1_0=>(c2_1(X87)|c3_1(X87)|~c0_1(X87)))|hskp29|hskp17)&(![X88]:(ndr1_0=>(c2_1(X88)|c3_1(X88)|~c1_1(X88)))|![X89]:(ndr1_0=>(c3_1(X89)|~c1_1(X89)|~c2_1(X89)))|hskp28)&(![X90]:(ndr1_0=>(c2_1(X90)|c3_1(X90)|~c1_1(X90)))|![X91]:(ndr1_0=>(~c0_1(X91)|~c2_1(X91)|~c3_1(X91)))|hskp30)&(![X92]:(ndr1_0=>(c2_1(X92)|~c0_1(X92)|~c1_1(X92)))|hskp5|hskp1)&(![X93]:(ndr1_0=>(c2_1(X93)|~c0_1(X93)|~c3_1(X93)))|![X94]:(ndr1_0=>(~c1_1(X94)|~c2_1(X94)|~c3_1(X94)))|hskp28)&(![X95]:(ndr1_0=>(c2_1(X95)|~c1_1(X95)|~c3_1(X95)))|![X96]:(ndr1_0=>(c3_1(X96)|~c0_1(X96)|~c1_1(X96)))|hskp17)&(![X97]:(ndr1_0=>(c2_1(X97)|~c1_1(X97)|~c3_1(X97)))|hskp18|hskp19)&(![X98]:(ndr1_0=>(c2_1(X98)|~c1_1(X98)|~c3_1(X98)))|hskp16|hskp20)&(![X99]:(ndr1_0=>(c3_1(X99)|~c0_1(X99)|~c1_1(X99)))|hskp11|hskp7)&(![X100]:(ndr1_0=>(c3_1(X100)|~c0_1(X100)|~c1_1(X100)))|hskp16|hskp15)&(![X101]:(ndr1_0=>(c3_1(X101)|~c0_1(X101)|~c2_1(X101)))|![X102]:(ndr1_0=>(~c1_1(X102)|~c2_1(X102)|~c3_1(X102)))|hskp3)&(![X103]:(ndr1_0=>(c3_1(X103)|~c0_1(X103)|~c2_1(X103)))|hskp21|hskp22)&(![X104]:(ndr1_0=>(c3_1(X104)|~c1_1(X104)|~c2_1(X104)))|![X105]:(ndr1_0=>(~c0_1(X105)|~c2_1(X105)|~c3_1(X105)))|hskp20)&(![X106]:(ndr1_0=>(~c0_1(X106)|~c1_1(X106)|~c2_1(X106)))|hskp23|hskp24)&(![X107]:(ndr1_0=>(~c0_1(X107)|~c1_1(X107)|~c3_1(X107)))|hskp27|hskp18)&(![X108]:(ndr1_0=>(~c0_1(X108)|~c1_1(X108)|~c3_1(X108)))|hskp30|hskp20)&(hskp28|hskp30|hskp12)&(hskp28|hskp25|hskp22)&(hskp14|hskp7|hskp26)&(hskp29|hskp7|hskp13)&(hskp11|hskp23|hskp13)&(hskp23|hskp18|hskp21)&(hskp30|hskp20|hskp1)&(hskp13|hskp20|hskp12)))			
../../TPTP-v7.3.0/Problems/SYN/SYN628-1.p		Unsatisfiable	UNKNOWN		UNKNOWN		cnf					
../../TPTP-v7.3.0/Problems/SYN/SYN006-1.p		Unsatisfiable	UNKNOWN		UNKNOWN		cnf					
../../TPTP-v7.3.0/Problems/SYN/SYN169-1.p		Unsatisfiable	UNKNOWN		UNKNOWN		cnf					
../../TPTP-v7.3.0/Problems/SYN/SYN502-1.p		Unsatisfiable	UNKNOWN		UNKNOWN		cnf					
../../TPTP-v7.3.0/Problems/SYN/SYN067-3.p		Unsatisfiable	UNKNOWN		UNKNOWN		cnf					
../../TPTP-v7.3.0/Problems/SYN/SYN456+1.p		CounterSatisfiable	UNKNOWN		UNKNOWN		fof		(~((~hskp0|(ndr1_0&c2_1(a988)&~c0_1(a988)&~c1_1(a988)))&(~hskp1|(ndr1_0&c3_1(a989)&~c1_1(a989)&~c2_1(a989)))&(~hskp2|(ndr1_0&c0_1(a990)&c1_1(a990)&~c3_1(a990)))&(~hskp3|(ndr1_0&c1_1(a991)&c2_1(a991)&~c3_1(a991)))&(~hskp4|(ndr1_0&~c0_1(a992)&~c1_1(a992)&~c3_1(a992)))&(~hskp5|(ndr1_0&c0_1(a994)&c1_1(a994)&~c2_1(a994)))&(~hskp6|(ndr1_0&c0_1(a995)&c3_1(a995)&~c1_1(a995)))&(~hskp7|(ndr1_0&~c0_1(a996)&~c1_1(a996)&~c2_1(a996)))&(~hskp8|(ndr1_0&~c0_1(a997)&~c2_1(a997)&~c3_1(a997)))&(~hskp9|(ndr1_0&c1_1(a1000)&c3_1(a1000)&~c2_1(a1000)))&(~hskp10|(ndr1_0&c3_1(a1002)&~c0_1(a1002)&~c2_1(a1002)))&(~hskp11|(ndr1_0&c0_1(a1003)&~c1_1(a1003)&~c2_1(a1003)))&(~hskp12|(ndr1_0&c2_1(a1004)&c3_1(a1004)&~c0_1(a1004)))&(~hskp13|(ndr1_0&c3_1(a1007)&~c0_1(a1007)&~c1_1(a1007)))&(~hskp14|(ndr1_0&c2_1(a1008)&~c1_1(a1008)&~c3_1(a1008)))&(~hskp15|(ndr1_0&c0_1(a1012)&~c1_1(a1012)&~c3_1(a1012)))&(~hskp16|(ndr1_0&~c1_1(a1015)&~c2_1(a1015)&~c3_1(a1015)))&(~hskp17|(ndr1_0&c0_1(a1016)&~c2_1(a1016)&~c3_1(a1016)))&(~hskp18|(ndr1_0&c0_1(a1017)&c2_1(a1017)&~c3_1(a1017)))&(~hskp19|(ndr1_0&c1_1(a1021)&~c2_1(a1021)&~c3_1(a1021)))&(~hskp20|(ndr1_0&c1_1(a1025)&c2_1(a1025)&~c0_1(a1025)))&(~hskp21|(ndr1_0&c1_1(a1037)&~c0_1(a1037)&~c2_1(a1037)))&(~hskp22|(ndr1_0&c2_1(a1040)&~c0_1(a1040)&~c3_1(a1040)))&(~hskp23|(ndr1_0&c0_1(a1045)&c3_1(a1045)&~c2_1(a1045)))&(~hskp24|(ndr1_0&c1_1(a1051)&~c0_1(a1051)&~c3_1(a1051)))&(~hskp25|(ndr1_0&c2_1(a1058)&c3_1(a1058)&~c1_1(a1058)))&(~hskp26|(ndr1_0&c0_1(a1059)&c2_1(a1059)&~c1_1(a1059)))&(~hskp27|(ndr1_0&c0_1(a1009)&c2_1(a1009)&c3_1(a1009)))&(~hskp28|(ndr1_0&c1_1(a1019)&c2_1(a1019)&c3_1(a1019)))&(~hskp29|(ndr1_0&c0_1(a1028)&c1_1(a1028)&c2_1(a1028)))&(~hskp30|(ndr1_0&c0_1(a1032)&c1_1(a1032)&c3_1(a1032)))&(![U]:(ndr1_0=>(c0_1(U)|c1_1(U)|c2_1(U)))|hskp0|hskp1)&(![V]:(ndr1_0=>(c0_1(V)|c1_1(V)|c3_1(V)))|![W]:(ndr1_0=>(c0_1(W)|c2_1(W)|~c1_1(W)))|![X]:(ndr1_0=>(~c0_1(X)|~c2_1(X)|~c3_1(X))))&(![Y]:(ndr1_0=>(c0_1(Y)|c1_1(Y)|c3_1(Y)))|![Z]:(ndr1_0=>(c1_1(Z)|~c2_1(Z)|~c3_1(Z)))|![X1]:(ndr1_0=>(c2_1(X1)|~c0_1(X1)|~c1_1(X1))))&(![X2]:(ndr1_0=>(c0_1(X2)|c1_1(X2)|c3_1(X2)))|![X3]:(ndr1_0=>(c3_1(X3)|~c0_1(X3)|~c1_1(X3)))|hskp2)&(![X4]:(ndr1_0=>(c0_1(X4)|c1_1(X4)|c3_1(X4)))|hskp3|hskp4)&(![X5]:(ndr1_0=>(c0_1(X5)|c1_1(X5)|~c2_1(X5)))|![X6]:(ndr1_0=>(c0_1(X6)|c2_1(X6)|~c3_1(X6)))|![X7]:(ndr1_0=>(c2_1(X7)|~c0_1(X7)|~c1_1(X7))))&(![X8]:(ndr1_0=>(c0_1(X8)|c1_1(X8)|~c2_1(X8)))|![X9]:(ndr1_0=>(c1_1(X9)|~c0_1(X9)|~c3_1(X9)))|![X10]:(ndr1_0=>(c3_1(X10)|~c0_1(X10)|~c1_1(X10))))&(![X11]:(ndr1_0=>(c0_1(X11)|c1_1(X11)|~c3_1(X11)))|![X12]:(ndr1_0=>(c0_1(X12)|c2_1(X12)|~c1_1(X12)))|![X13]:(ndr1_0=>(c2_1(X13)|c3_1(X13)|~c1_1(X13))))&(![X14]:(ndr1_0=>(c0_1(X14)|c1_1(X14)|~c3_1(X14)))|![X15]:(ndr1_0=>(c0_1(X15)|c2_1(X15)|~c3_1(X15)))|![X16]:(ndr1_0=>(c2_1(X16)|~c0_1(X16)|~c1_1(X16))))&(![X17]:(ndr1_0=>(c0_1(X17)|c1_1(X17)|~c3_1(X17)))|![X18]:(ndr1_0=>(c0_1(X18)|~c1_1(X18)|~c3_1(X18))))&(![X19]:(ndr1_0=>(c0_1(X19)|c1_1(X19)|~c3_1(X19)))|![X20]:(ndr1_0=>(c1_1(X20)|c3_1(X20)|~c0_1(X20)))|hskp0)&(![X21]:(ndr1_0=>(c0_1(X21)|c1_1(X21)|~c3_1(X21)))|hskp5|hskp6)&(![X22]:(ndr1_0=>(c0_1(X22)|c1_1(X22)|~c3_1(X22)))|hskp7|hskp8)&(![X23]:(ndr1_0=>(c0_1(X23)|c2_1(X23)|c3_1(X23)))|![X24]:(ndr1_0=>(c0_1(X24)|~c1_1(X24)|~c3_1(X24)))|![X25]:(ndr1_0=>(c2_1(X25)|~c1_1(X25)|~c3_1(X25))))&(![X26]:(ndr1_0=>(c0_1(X26)|c2_1(X26)|~c1_1(X26)))|![X27]:(ndr1_0=>(c2_1(X27)|~c0_1(X27)|~c3_1(X27)))|hskp1)&(![X28]:(ndr1_0=>(c0_1(X28)|c2_1(X28)|~c1_1(X28)))|hskp6|hskp9)&(![X29]:(ndr1_0=>(c0_1(X29)|c2_1(X29)|~c3_1(X29)))|hskp9|hskp10)&(![X30]:(ndr1_0=>(c0_1(X30)|c3_1(X30)|~c1_1(X30)))|![X31]:(ndr1_0=>(c1_1(X31)|c2_1(X31)|~c3_1(X31)))|hskp11)&(![X32]:(ndr1_0=>(c0_1(X32)|c3_1(X32)|~c2_1(X32)))|![X33]:(ndr1_0=>(c1_1(X33)|c2_1(X33)|c3_1(X33)))|![X34]:(ndr1_0=>(c1_1(X34)|~c2_1(X34)|~c3_1(X34))))&(![X35]:(ndr1_0=>(c0_1(X35)|c3_1(X35)|~c2_1(X35)))|![X36]:(ndr1_0=>(c2_1(X36)|~c0_1(X36)|~c1_1(X36)))|hskp12)&(![X37]:(ndr1_0=>(c0_1(X37)|c3_1(X37)|~c2_1(X37)))|![X38]:(ndr1_0=>(c3_1(X38)|~c1_1(X38)|~c2_1(X38)))|hskp1)&(![X39]:(ndr1_0=>(c0_1(X39)|~c1_1(X39)|~c2_1(X39)))|![X40]:(ndr1_0=>(c1_1(X40)|c2_1(X40)|~c0_1(X40)))|![X41]:(ndr1_0=>(~c0_1(X41)|~c1_1(X41)|~c2_1(X41))))&(![X42]:(ndr1_0=>(c0_1(X42)|~c1_1(X42)|~c2_1(X42)))|hskp6|hskp13)&(![X43]:(ndr1_0=>(c0_1(X43)|~c1_1(X43)|~c3_1(X43)))|![X44]:(ndr1_0=>(~c0_1(X44)|~c2_1(X44)|~c3_1(X44)))|hskp14)&(![X45]:(ndr1_0=>(c0_1(X45)|~c1_1(X45)|~c3_1(X45)))|hskp27|hskp14)&(![X46]:(ndr1_0=>(c0_1(X46)|~c2_1(X46)|~c3_1(X46)))|![X47]:(ndr1_0=>(c1_1(X47)|c2_1(X47)|c3_1(X47)))|hskp9)&(![X48]:(ndr1_0=>(c0_1(X48)|~c2_1(X48)|~c3_1(X48)))|![X49]:(ndr1_0=>(c2_1(X49)|~c0_1(X49)|~c3_1(X49)))|hskp15)&(![X50]:(ndr1_0=>(c0_1(X50)|~c2_1(X50)|~c3_1(X50)))|![X51]:(ndr1_0=>(c3_1(X51)|~c1_1(X51)|~c2_1(X51)))|hskp7)&(![X52]:(ndr1_0=>(c0_1(X52)|~c2_1(X52)|~c3_1(X52)))|hskp12|hskp16)&(![X53]:(ndr1_0=>(c1_1(X53)|c2_1(X53)|c3_1(X53)))|![X54]:(ndr1_0=>(c1_1(X54)|c2_1(X54)|~c0_1(X54)))|hskp17)&(![X55]:(ndr1_0=>(c1_1(X55)|c2_1(X55)|c3_1(X55)))|hskp18|hskp3)&(![X56]:(ndr1_0=>(c1_1(X56)|c2_1(X56)|~c0_1(X56)))|![X57]:(ndr1_0=>(~c0_1(X57)|~c1_1(X57)|~c3_1(X57)))|hskp28)&(![X58]:(ndr1_0=>(c1_1(X58)|c2_1(X58)|~c0_1(X58)))|hskp3|hskp19)&(![X59]:(ndr1_0=>(c1_1(X59)|c2_1(X59)|~c3_1(X59)))|![X60]:(ndr1_0=>(c2_1(X60)|~c0_1(X60)|~c1_1(X60)))|hskp5)&(![X61]:(ndr1_0=>(c1_1(X61)|c2_1(X61)|~c3_1(X61)))|![X62]:(ndr1_0=>(c3_1(X62)|~c1_1(X62)|~c2_1(X62)))|hskp15)&(![X63]:(ndr1_0=>(c1_1(X63)|c2_1(X63)|~c3_1(X63)))|hskp15|hskp20)&(![X64]:(ndr1_0=>(c1_1(X64)|c3_1(X64)|~c0_1(X64)))|![X65]:(ndr1_0=>(c1_1(X65)|~c2_1(X65)|~c3_1(X65)))|hskp8)&(![X66]:(ndr1_0=>(c1_1(X66)|~c0_1(X66)|~c2_1(X66)))|![X67]:(ndr1_0=>(~c0_1(X67)|~c1_1(X67)|~c3_1(X67)))|hskp4)&(![X68]:(ndr1_0=>(c1_1(X68)|~c0_1(X68)|~c2_1(X68)))|hskp29|hskp6)&(![X69]:(ndr1_0=>(c2_1(X69)|~c0_1(X69)|~c1_1(X69)))|hskp17|hskp16)&(![X70]:(ndr1_0=>(c2_1(X70)|~c0_1(X70)|~c3_1(X70)))|hskp30|hskp13)&(![X71]:(ndr1_0=>(c2_1(X71)|~c1_1(X71)|~c3_1(X71)))|hskp5|hskp16)&(![X72]:(ndr1_0=>(c2_1(X72)|~c1_1(X72)|~c3_1(X72)))|hskp2|hskp21)&(![X73]:(ndr1_0=>(c2_1(X73)|~c1_1(X73)|~c3_1(X73)))|hskp3|hskp0)&(![X74]:(ndr1_0=>(c3_1(X74)|~c0_1(X74)|~c1_1(X74)))|![X75]:(ndr1_0=>(c3_1(X75)|~c1_1(X75)|~c2_1(X75)))|![X76]:(ndr1_0=>(~c1_1(X76)|~c2_1(X76)|~c3_1(X76))))&(![X77]:(ndr1_0=>(c3_1(X77)|~c0_1(X77)|~c1_1(X77)))|![X78]:(ndr1_0=>(~c0_1(X78)|~c2_1(X78)|~c3_1(X78)))|hskp22)&(![X79]:(ndr1_0=>(c3_1(X79)|~c0_1(X79)|~c1_1(X79)))|hskp6|hskp16)&(![X80]:(ndr1_0=>(c3_1(X80)|~c0_1(X80)|~c2_1(X80)))|hskp11|hskp12)&(![X81]:(ndr1_0=>(~c0_1(X81)|~c1_1(X81)|~c2_1(X81)))|hskp23|hskp11)&(hskp29|hskp27|hskp7)&(hskp5|hskp24|hskp4)&(hskp27|hskp21|hskp12)&(hskp27|hskp21|hskp25)&(hskp26|hskp18|hskp7)&(hskp26|hskp22|hskp4)&(hskp6|hskp19|hskp4)&(hskp17|hskp12|hskp1)&(hskp28|hskp1|hskp7)&(hskp19|hskp25|hskp0)&(hskp0|hskp1|hskp4)))			
../../TPTP-v7.3.0/Problems/SYN/SYN201-1.p		Unsatisfiable	UNKNOWN		UNKNOWN		cnf					
../../TPTP-v7.3.0/Problems/SYN/SYN276-1.p		Unsatisfiable	UNKNOWN		UNKNOWN		cnf					
../../TPTP-v7.3.0/Problems/SYN/SYN498+1.p		Theorem	UNKNOWN		UNKNOWN		fof		(~((~hskp0|(ndr1_0&c1_1(a1)&c2_1(a1)&~c3_1(a1)))&(~hskp1|(ndr1_0&~c0_1(a2)&~c2_1(a2)&~c3_1(a2)))&(~hskp2|(ndr1_0&c1_1(a3)&c3_1(a3)&~c2_1(a3)))&(~hskp3|(ndr1_0&c0_1(a7)&c3_1(a7)&~c2_1(a7)))&(~hskp4|(ndr1_0&c0_1(a9)&~c2_1(a9)&~c3_1(a9)))&(~hskp5|(ndr1_0&c0_1(a11)&~c1_1(a11)&~c2_1(a11)))&(~hskp6|(ndr1_0&~c0_1(a13)&~c1_1(a13)&~c3_1(a13)))&(~hskp7|(ndr1_0&c1_1(a14)&~c0_1(a14)&~c2_1(a14)))&(~hskp8|(ndr1_0&~c1_1(a15)&~c2_1(a15)&~c3_1(a15)))&(~hskp9|(ndr1_0&c0_1(a16)&c1_1(a16)&~c3_1(a16)))&(~hskp10|(ndr1_0&c3_1(a18)&~c0_1(a18)&~c1_1(a18)))&(~hskp11|(ndr1_0&c2_1(a19)&~c0_1(a19)&~c3_1(a19)))&(~hskp12|(ndr1_0&c2_1(a20)&~c1_1(a20)&~c3_1(a20)))&(~hskp13|(ndr1_0&c0_1(a21)&c2_1(a21)&~c3_1(a21)))&(~hskp14|(ndr1_0&c2_1(a22)&c3_1(a22)&~c0_1(a22)))&(~hskp15|(ndr1_0&~c0_1(a24)&~c1_1(a24)&~c2_1(a24)))&(~hskp16|(ndr1_0&c0_1(a27)&c3_1(a27)&~c1_1(a27)))&(~hskp17|(ndr1_0&c3_1(a28)&~c0_1(a28)&~c2_1(a28)))&(~hskp18|(ndr1_0&c1_1(a31)&~c0_1(a31)&~c3_1(a31)))&(~hskp19|(ndr1_0&c2_1(a36)&c3_1(a36)&~c1_1(a36)))&(~hskp20|(ndr1_0&c1_1(a37)&c3_1(a37)&~c0_1(a37)))&(~hskp21|(ndr1_0&c0_1(a38)&c1_1(a38)&~c2_1(a38)))&(~hskp22|(ndr1_0&c0_1(a42)&c2_1(a42)&~c1_1(a42)))&(~hskp23|(ndr1_0&c3_1(a45)&~c1_1(a45)&~c2_1(a45)))&(~hskp24|(ndr1_0&c2_1(a58)&~c0_1(a58)&~c1_1(a58)))&(~hskp25|(ndr1_0&c0_1(a70)&~c1_1(a70)&~c3_1(a70)))&(~hskp26|(ndr1_0&c1_1(a99)&c2_1(a99)&~c0_1(a99)))&(~hskp27|(ndr1_0&c0_1(a12)&c1_1(a12)&c3_1(a12)))&(~hskp28|(ndr1_0&c1_1(a25)&c2_1(a25)&c3_1(a25)))&(~hskp29|(ndr1_0&c0_1(a35)&c1_1(a35)&c2_1(a35)))&(~hskp30|(ndr1_0&c0_1(a54)&c2_1(a54)&c3_1(a54)))&(![U]:(ndr1_0=>(c0_1(U)|c1_1(U)|c2_1(U)))|![V]:(ndr1_0=>(c1_1(V)|c3_1(V)|~c2_1(V)))|![W]:(ndr1_0=>(c2_1(W)|c3_1(W)|~c1_1(W))))&(![X]:(ndr1_0=>(c0_1(X)|c1_1(X)|c3_1(X)))|![Y]:(ndr1_0=>(c2_1(Y)|~c0_1(Y)|~c1_1(Y)))|![Z]:(ndr1_0=>(c2_1(Z)|~c1_1(Z)|~c3_1(Z))))&(![X1]:(ndr1_0=>(c0_1(X1)|c1_1(X1)|c3_1(X1)))|hskp0|hskp1)&(![X2]:(ndr1_0=>(c0_1(X2)|c1_1(X2)|c3_1(X2)))|hskp2|hskp1)&(![X3]:(ndr1_0=>(c0_1(X3)|c1_1(X3)|~c2_1(X3)))|![X4]:(ndr1_0=>(c1_1(X4)|c2_1(X4)|~c3_1(X4)))|hskp2)&(![X5]:(ndr1_0=>(c0_1(X5)|c1_1(X5)|~c2_1(X5)))|![X6]:(ndr1_0=>(c2_1(X6)|~c1_1(X6)|~c3_1(X6)))|hskp1)&(![X7]:(ndr1_0=>(c0_1(X7)|c1_1(X7)|~c2_1(X7)))|hskp3|hskp0)&(![X8]:(ndr1_0=>(c0_1(X8)|c1_1(X8)|~c3_1(X8)))|![X9]:(ndr1_0=>(c0_1(X9)|c2_1(X9)|~c3_1(X9)))|![X10]:(ndr1_0=>(c1_1(X10)|c2_1(X10)|~c0_1(X10))))&(![X11]:(ndr1_0=>(c0_1(X11)|c1_1(X11)|~c3_1(X11)))|![X12]:(ndr1_0=>(~c0_1(X12)|~c1_1(X12)|~c3_1(X12)))|hskp4)&(![X13]:(ndr1_0=>(c0_1(X13)|c2_1(X13)|c3_1(X13)))|![X14]:(ndr1_0=>(c0_1(X14)|~c2_1(X14)|~c3_1(X14)))|hskp0)&(![X15]:(ndr1_0=>(c0_1(X15)|c2_1(X15)|c3_1(X15)))|![X16]:(ndr1_0=>(c1_1(X16)|c2_1(X16)|c3_1(X16)))|![X17]:(ndr1_0=>(c1_1(X17)|~c2_1(X17)|~c3_1(X17))))&(![X18]:(ndr1_0=>(c0_1(X18)|c2_1(X18)|c3_1(X18)))|![X19]:(ndr1_0=>(c1_1(X19)|c3_1(X19)|~c2_1(X19)))|hskp5)&(![X20]:(ndr1_0=>(c0_1(X20)|c2_1(X20)|c3_1(X20)))|![X21]:(ndr1_0=>(c1_1(X21)|~c0_1(X21)|~c2_1(X21)))|![X22]:(ndr1_0=>(c3_1(X22)|~c1_1(X22)|~c2_1(X22))))&(![X23]:(ndr1_0=>(c0_1(X23)|c2_1(X23)|c3_1(X23)))|![X24]:(ndr1_0=>(c2_1(X24)|~c0_1(X24)|~c1_1(X24)))|hskp27)&(![X25]:(ndr1_0=>(c0_1(X25)|c2_1(X25)|c3_1(X25)))|![X26]:(ndr1_0=>(c2_1(X26)|~c1_1(X26)|~c3_1(X26)))|hskp6)&(![X27]:(ndr1_0=>(c0_1(X27)|c2_1(X27)|c3_1(X27)))|hskp7|hskp8)&(![X28]:(ndr1_0=>(c0_1(X28)|c2_1(X28)|~c1_1(X28)))|![X29]:(ndr1_0=>(c1_1(X29)|~c2_1(X29)|~c3_1(X29)))|![X30]:(ndr1_0=>(c2_1(X30)|c3_1(X30)|~c0_1(X30))))&(![X31]:(ndr1_0=>(c0_1(X31)|c2_1(X31)|~c1_1(X31)))|![X32]:(ndr1_0=>(~c0_1(X32)|~c1_1(X32)|~c2_1(X32)))|hskp9)&(![X33]:(ndr1_0=>(c0_1(X33)|c2_1(X33)|~c1_1(X33)))|![X34]:(ndr1_0=>(~c0_1(X34)|~c1_1(X34)|~c2_1(X34)))|hskp6)&(![X35]:(ndr1_0=>(c0_1(X35)|c2_1(X35)|~c3_1(X35)))|![X36]:(ndr1_0=>(c1_1(X36)|~c2_1(X36)|~c3_1(X36)))|hskp10)&(![X37]:(ndr1_0=>(c0_1(X37)|c2_1(X37)|~c3_1(X37)))|![X38]:(ndr1_0=>(c2_1(X38)|c3_1(X38)|~c1_1(X38)))|![X39]:(ndr1_0=>(c3_1(X39)|~c1_1(X39)|~c2_1(X39))))&(![X40]:(ndr1_0=>(c0_1(X40)|c2_1(X40)|~c3_1(X40)))|![X41]:(ndr1_0=>(c2_1(X41)|~c0_1(X41)|~c3_1(X41)))|hskp11)&(![X42]:(ndr1_0=>(c0_1(X42)|c2_1(X42)|~c3_1(X42)))|![X43]:(ndr1_0=>(c3_1(X43)|~c0_1(X43)|~c1_1(X43)))|hskp12)&(![X44]:(ndr1_0=>(c0_1(X44)|c2_1(X44)|~c3_1(X44)))|hskp13|hskp14)&(![X45]:(ndr1_0=>(c0_1(X45)|c2_1(X45)|~c3_1(X45)))|hskp5|hskp15)&(![X46]:(ndr1_0=>(c0_1(X46)|c2_1(X46)|~c3_1(X46)))|hskp28|hskp7)&(![X47]:(ndr1_0=>(c0_1(X47)|c3_1(X47)|~c1_1(X47)))|hskp16|hskp17)&(![X48]:(ndr1_0=>(c0_1(X48)|c3_1(X48)|~c2_1(X48)))|![X49]:(ndr1_0=>(c1_1(X49)|c2_1(X49)|c3_1(X49)))|![X50]:(ndr1_0=>(c1_1(X50)|c3_1(X50)|~c0_1(X50))))&(![X51]:(ndr1_0=>(c0_1(X51)|c3_1(X51)|~c2_1(X51)))|![X52]:(ndr1_0=>(c3_1(X52)|~c1_1(X52)|~c2_1(X52)))|hskp6)&(![X53]:(ndr1_0=>(c0_1(X53)|c3_1(X53)|~c2_1(X53)))|hskp3|hskp18)&(![X54]:(ndr1_0=>(c0_1(X54)|c3_1(X54)|~c2_1(X54)))|hskp11|hskp15)&(![X55]:(ndr1_0=>(c0_1(X55)|~c1_1(X55)|~c2_1(X55)))|![X56]:(ndr1_0=>(c1_1(X56)|c2_1(X56)|c3_1(X56)))|hskp9)&(![X57]:(ndr1_0=>(c0_1(X57)|~c1_1(X57)|~c3_1(X57)))|hskp29|hskp19)&(![X58]:(ndr1_0=>(c0_1(X58)|~c2_1(X58)|~c3_1(X58)))|![X59]:(ndr1_0=>(c3_1(X59)|~c1_1(X59)|~c2_1(X59)))|hskp20)&(![X60]:(ndr1_0=>(c0_1(X60)|~c2_1(X60)|~c3_1(X60)))|![X61]:(ndr1_0=>(~c0_1(X61)|~c2_1(X61)|~c3_1(X61)))|![X62]:(ndr1_0=>(~c1_1(X62)|~c2_1(X62)|~c3_1(X62))))&(![X63]:(ndr1_0=>(c0_1(X63)|~c2_1(X63)|~c3_1(X63)))|hskp21|hskp17)&(![X64]:(ndr1_0=>(c1_1(X64)|c2_1(X64)|c3_1(X64)))|hskp21|hskp20)&(![X65]:(ndr1_0=>(c1_1(X65)|c2_1(X65)|~c3_1(X65)))|![X66]:(ndr1_0=>(c2_1(X66)|~c0_1(X66)|~c3_1(X66)))|![X67]:(ndr1_0=>(c3_1(X67)|~c1_1(X67)|~c2_1(X67))))&(![X68]:(ndr1_0=>(c1_1(X68)|c2_1(X68)|~c3_1(X68)))|![X69]:(ndr1_0=>(c2_1(X69)|~c1_1(X69)|~c3_1(X69)))|![X70]:(ndr1_0=>(~c0_1(X70)|~c1_1(X70)|~c3_1(X70))))&(![X71]:(ndr1_0=>(c1_1(X71)|c2_1(X71)|~c3_1(X71)))|hskp22|hskp20)&(![X72]:(ndr1_0=>(c1_1(X72)|c2_1(X72)|~c3_1(X72)))|hskp22|hskp23)&(![X73]:(ndr1_0=>(c1_1(X73)|c2_1(X73)|~c3_1(X73)))|hskp13|hskp18)&(![X74]:(ndr1_0=>(c1_1(X74)|c3_1(X74)|~c0_1(X74)))|![X75]:(ndr1_0=>(c1_1(X75)|~c0_1(X75)|~c2_1(X75)))|hskp18)&(![X76]:(ndr1_0=>(c1_1(X76)|c3_1(X76)|~c2_1(X76)))|hskp10|hskp1)&(![X77]:(ndr1_0=>(c1_1(X77)|~c0_1(X77)|~c2_1(X77)))|![X78]:(ndr1_0=>(~c0_1(X78)|~c1_1(X78)|~c3_1(X78)))|hskp12)&(![X79]:(ndr1_0=>(c1_1(X79)|~c0_1(X79)|~c2_1(X79)))|hskp9|hskp15)&(![X80]:(ndr1_0=>(c1_1(X80)|~c0_1(X80)|~c2_1(X80)))|hskp30|hskp12)&(![X81]:(ndr1_0=>(c1_1(X81)|~c0_1(X81)|~c3_1(X81)))|![X82]:(ndr1_0=>(c3_1(X82)|~c0_1(X82)|~c2_1(X82)))|hskp20)&(![X83]:(ndr1_0=>(c1_1(X83)|~c0_1(X83)|~c3_1(X83)))|hskp13|hskp24)&(![X84]:(ndr1_0=>(c1_1(X84)|~c0_1(X84)|~c3_1(X84)))|hskp4|hskp15)&(![X85]:(ndr1_0=>(c1_1(X85)|~c0_1(X85)|~c3_1(X85)))|hskp18|hskp23)&(![X86]:(ndr1_0=>(c2_1(X86)|c3_1(X86)|~c0_1(X86)))|hskp21|hskp4)&(![X87]:(ndr1_0=>(c2_1(X87)|c3_1(X87)|~c0_1(X87)))|hskp22|hskp12)&(![X88]:(ndr1_0=>(c2_1(X88)|~c0_1(X88)|~c1_1(X88)))|![X89]:(ndr1_0=>(c2_1(X89)|~c0_1(X89)|~c3_1(X89)))|![X90]:(ndr1_0=>(c3_1(X90)|~c0_1(X90)|~c1_1(X90))))&(![X91]:(ndr1_0=>(c2_1(X91)|~c0_1(X91)|~c1_1(X91)))|hskp16|hskp14)&(![X92]:(ndr1_0=>(c2_1(X92)|~c0_1(X92)|~c1_1(X92)))|hskp5|hskp25)&(![X93]:(ndr1_0=>(c2_1(X93)|~c0_1(X93)|~c1_1(X93)))|hskp14|hskp17)&(![X94]:(ndr1_0=>(c2_1(X94)|~c0_1(X94)|~c1_1(X94)))|hskp24|hskp6)&(![X95]:(ndr1_0=>(c2_1(X95)|~c0_1(X95)|~c3_1(X95)))|hskp29|hskp9)&(![X96]:(ndr1_0=>(c2_1(X96)|~c1_1(X96)|~c3_1(X96)))|![X97]:(ndr1_0=>(c3_1(X97)|~c1_1(X97)|~c2_1(X97)))|hskp9)&(![X98]:(ndr1_0=>(c2_1(X98)|~c1_1(X98)|~c3_1(X98)))|hskp28|hskp0)&(![X99]:(ndr1_0=>(c3_1(X99)|~c0_1(X99)|~c1_1(X99)))|![X100]:(ndr1_0=>(~c0_1(X100)|~c1_1(X100)|~c3_1(X100)))|hskp8)&(![X101]:(ndr1_0=>(c3_1(X101)|~c0_1(X101)|~c1_1(X101)))|hskp21|hskp10)&(![X102]:(ndr1_0=>(c3_1(X102)|~c0_1(X102)|~c2_1(X102)))|![X103]:(ndr1_0=>(c3_1(X103)|~c1_1(X103)|~c2_1(X103)))|hskp6)&(![X104]:(ndr1_0=>(~c0_1(X104)|~c1_1(X104)|~c2_1(X104)))|![X105]:(ndr1_0=>(~c0_1(X105)|~c1_1(X105)|~c3_1(X105)))|hskp7)&(![X106]:(ndr1_0=>(~c0_1(X106)|~c1_1(X106)|~c2_1(X106)))|hskp19|hskp11)&(![X107]:(ndr1_0=>(~c0_1(X107)|~c1_1(X107)|~c3_1(X107)))|![X108]:(ndr1_0=>(~c1_1(X108)|~c2_1(X108)|~c3_1(X108)))|hskp25)&(![X109]:(ndr1_0=>(~c0_1(X109)|~c1_1(X109)|~c3_1(X109)))|hskp27|hskp16)&(![X110]:(ndr1_0=>(~c0_1(X110)|~c1_1(X110)|~c3_1(X110)))|hskp30|hskp3)&(![X111]:(ndr1_0=>(~c0_1(X111)|~c1_1(X111)|~c3_1(X111)))|hskp22|hskp0)&(![X112]:(ndr1_0=>(~c0_1(X112)|~c1_1(X112)|~c3_1(X112)))|hskp5|hskp25)&(![X113]:(ndr1_0=>(~c1_1(X113)|~c2_1(X113)|~c3_1(X113)))|hskp3|hskp24)&(hskp29|hskp26|hskp14)&(hskp27|hskp13|hskp8)&(hskp21|hskp13|hskp24)&(hskp9|hskp2|hskp17)&(hskp16|hskp4|hskp2)&(hskp5|hskp25|hskp28)&(hskp4|hskp28|hskp19)&(hskp28|hskp20|hskp1)))			
../../TPTP-v7.3.0/Problems/SYN/SYN230-1.p		Unsatisfiable	UNKNOWN		UNKNOWN		cnf					
../../TPTP-v7.3.0/Problems/SYN/SYN131-1.p		Unsatisfiable	UNKNOWN		UNKNOWN		cnf					
../../TPTP-v7.3.0/Problems/SYN/SYN962+1.p		Theorem	YES	DTS/Alligator/AlexHappy/output/SYN962+1_dts.html	UNKNOWN		fof		(![X]:p(X)=>(![X]:p(X)&![Y]:p(Y)))			
../../TPTP-v7.3.0/Problems/SYN/SYN432+1.p		CounterSatisfiable	UNKNOWN		UNKNOWN		fof		(~((~hskp0|(ndr1_0&~c0_1(a168)&~c2_1(a168)&~c1_1(a168)))&(~hskp1|(ndr1_0&c3_1(a169)&~c1_1(a169)&~c0_1(a169)))&(~hskp2|(ndr1_0&c3_1(a172)&~c2_1(a172)&~c1_1(a172)))&(~hskp3|(ndr1_0&~c1_1(a173)&c3_1(a173)&~c2_1(a173)))&(~hskp4|(ndr1_0&~c1_1(a176)&~c3_1(a176)&~c0_1(a176)))&(~hskp5|(ndr1_0&~c3_1(a178)&~c0_1(a178)&~c1_1(a178)))&(~hskp6|(ndr1_0&c0_1(a181)&~c1_1(a181)&~c2_1(a181)))&(~hskp7|(ndr1_0&c2_1(a189)&c1_1(a189)&~c3_1(a189)))&(~hskp8|(ndr1_0&~c0_1(a192)&c3_1(a192)&~c2_1(a192)))&(~hskp9|(ndr1_0&c3_1(a195)&c2_1(a195)&~c1_1(a195)))&(~hskp10|(ndr1_0&~c0_1(a162)&~c3_1(a162)&c2_1(a162)))&(~hskp11|(ndr1_0&~c1_1(a163)&c0_1(a163)&c3_1(a163)))&(~hskp12|(ndr1_0&~c0_1(a164)&~c1_1(a164)&c2_1(a164)))&(~hskp13|(ndr1_0&c1_1(a166)&~c2_1(a166)&c3_1(a166)))&(~hskp14|(ndr1_0&~c2_1(a167)&c0_1(a167)&c3_1(a167)))&(~hskp15|(ndr1_0&c1_1(a170)&c0_1(a170)&c2_1(a170)))&(~hskp16|(ndr1_0&c1_1(a171)&~c3_1(a171)&c0_1(a171)))&(~hskp17|(ndr1_0&~c3_1(a174)&c0_1(a174)&c2_1(a174)))&(~hskp18|(ndr1_0&c1_1(a175)&c3_1(a175)&c2_1(a175)))&(~hskp19|(ndr1_0&~c0_1(a177)&c3_1(a177)&c1_1(a177)))&(~hskp20|(ndr1_0&c3_1(a179)&c2_1(a179)&c0_1(a179)))&(~hskp21|(ndr1_0&~c1_1(a180)&~c2_1(a180)&c3_1(a180)))&(~hskp22|(ndr1_0&c2_1(a183)&~c3_1(a183)&c0_1(a183)))&(~hskp23|(ndr1_0&c1_1(a184)&c2_1(a184)&c0_1(a184)))&(~hskp24|(ndr1_0&c1_1(a185)&c3_1(a185)&c0_1(a185)))&(~hskp25|(ndr1_0&~c0_1(a186)&~c2_1(a186)&c1_1(a186)))&(~hskp26|(ndr1_0&~c2_1(a187)&~c1_1(a187)&c3_1(a187)))&(~hskp27|(ndr1_0&~c2_1(a188)&c1_1(a188)&c0_1(a188)))&(~hskp28|(ndr1_0&c2_1(a190)&~c1_1(a190)&c0_1(a190)))&(~hskp29|(ndr1_0&c2_1(a193)&c3_1(a193)&c0_1(a193)))&(hskp10|![U]:(ndr1_0=>(c2_1(U)|c1_1(U)|c3_1(U)))|![V]:(ndr1_0=>(c3_1(V)|c1_1(V)|~c2_1(V))))&(![W]:(ndr1_0=>(~c3_1(W)|~c1_1(W)|~c0_1(W)))|hskp11|![X]:(ndr1_0=>(~c1_1(X)|~c2_1(X)|~c0_1(X))))&(![Y]:(ndr1_0=>(c1_1(Y)|c2_1(Y)|c0_1(Y)))|hskp12|hskp11)&(![Z]:(ndr1_0=>(~c3_1(Z)|~c0_1(Z)|~c2_1(Z)))|![X1]:(ndr1_0=>(~c2_1(X1)|c3_1(X1)|c1_1(X1)))|hskp13)&(hskp14|![X2]:(ndr1_0=>(~c2_1(X2)|~c0_1(X2)|~c1_1(X2)))|hskp0)&(![X3]:(ndr1_0=>(~c3_1(X3)|c2_1(X3)|c1_1(X3)))|hskp1|hskp15)&(![X4]:(ndr1_0=>(~c1_1(X4)|~c2_1(X4)|c3_1(X4)))|hskp16|hskp2)&(![X5]:(ndr1_0=>(c3_1(X5)|c2_1(X5)|~c1_1(X5)))|![X6]:(ndr1_0=>(~c0_1(X6)|c3_1(X6)|c2_1(X6)))|hskp3)&(![X7]:(ndr1_0=>(c2_1(X7)|c0_1(X7)|~c3_1(X7)))|hskp17|![X8]:(ndr1_0=>(~c2_1(X8)|c1_1(X8)|~c3_1(X8))))&(hskp18|![X9]:(ndr1_0=>(c2_1(X9)|c1_1(X9)|~c0_1(X9)))|![X10]:(ndr1_0=>(c1_1(X10)|~c3_1(X10)|~c2_1(X10))))&(hskp4|hskp19|![X11]:(ndr1_0=>(~c1_1(X11)|c3_1(X11)|c0_1(X11))))&(hskp5|hskp20|hskp21)&(hskp6|hskp17|hskp22)&(hskp23|hskp24|![X12]:(ndr1_0=>(~c2_1(X12)|c1_1(X12)|c3_1(X12))))&(hskp25|![X13]:(ndr1_0=>(~c0_1(X13)|~c1_1(X13)|c3_1(X13)))|hskp26)&(hskp27|![X14]:(ndr1_0=>(~c2_1(X14)|~c1_1(X14)|c3_1(X14)))|hskp7)&(![X15]:(ndr1_0=>(~c1_1(X15)|c2_1(X15)|c3_1(X15)))|![X16]:(ndr1_0=>(c3_1(X16)|~c1_1(X16)|~c2_1(X16)))|![X17]:(ndr1_0=>(c0_1(X17)|~c2_1(X17)|c3_1(X17))))&(hskp28|hskp21|hskp8)&(hskp29|![X18]:(ndr1_0=>(~c1_1(X18)|c0_1(X18)|~c2_1(X18)))|hskp25)&(hskp9|![X19]:(ndr1_0=>(~c3_1(X19)|~c1_1(X19)|c0_1(X19)))|![X20]:(ndr1_0=>(c1_1(X20)|c0_1(X20)|~c2_1(X20))))))			
../../TPTP-v7.3.0/Problems/SYN/SYN084-2.p		Unsatisfiable	UNKNOWN		UNKNOWN		cnf					
../../TPTP-v7.3.0/Problems/SYN/SYN444-1.p		Unsatisfiable	UNKNOWN		UNKNOWN		cnf					
../../TPTP-v7.3.0/Problems/SYN/SYN405+1.p		Theorem	YES	DTS/Alligator/AlexHappy/output/SYN405+1_dts.html	UNKNOWN		fof		((![X]:f(X)&?[Y]:g(Y))=>?[Z]:(f(Z)&g(Z)))			
../../TPTP-v7.3.0/Problems/SYN/SYN929+1.p		Theorem	YES	DTS/Alligator/AlexHappy/output/SYN929+1_dts.html	UNKNOWN		fof		(~(?[Y]:p(Y))=>![Y]:(?[X]:p(X)=>p(Y)))			
../../TPTP-v7.3.0/Problems/SYN/SYN312-1.p		Unsatisfiable	UNKNOWN		UNKNOWN		cnf					
../../TPTP-v7.3.0/Problems/SYN/SYN705-1.p		Unsatisfiable	UNKNOWN		UNKNOWN		cnf					
../../TPTP-v7.3.0/Problems/SYN/SYN752-1.p		Satisfiable	UNKNOWN		UNKNOWN		cnf					
../../TPTP-v7.3.0/Problems/SYN/SYN712-1.p		Unsatisfiable	UNKNOWN		UNKNOWN		cnf					
../../TPTP-v7.3.0/Problems/SYN/SYN452-1.p		Unsatisfiable	UNKNOWN		UNKNOWN		cnf					
../../TPTP-v7.3.0/Problems/SYN/SYN789-1.p		Satisfiable	UNKNOWN		UNKNOWN		cnf					
../../TPTP-v7.3.0/Problems/SYN/SYN088-1.010.p		Unsatisfiable	UNKNOWN		UNKNOWN		cnf	(p(X_1,X_2,X_3,X_4,X_5,X_6,X_7,X_8,X_9,X_10)|~q_1(X_1)|~q_2(X_2)|~q_3(X_3)|~q_4(X_4)|~q_5(X_5)|~q_6(X_6)|~q_7(X_7)|~q_8(X_8)|~q_9(X_9)|~q_10(X_10)),(q_1(a)),(q_1(b)),(q_2(a)),(q_2(b)),(q_3(a)),(q_3(b)),(q_4(a)),(q_4(b)),(q_5(a)),(q_5(b)),(q_6(a)),(q_6(b)),(q_7(a)),(q_7(b)),(q_8(a)),(q_8(b)),(q_9(a)),(q_9(b)),(q_10(a)),(q_10(b)),(p(X_1,X_2,X_3,X_4,X_5,X_6,X_7,X_8,X_9,X_10)|~q_1(X_1)|~q_2(X_2)|~q_3(X_3)|~q_4(X_4)|~q_5(X_5)|~q_6(X_6)|~q_7(X_7)|~q_8(X_8)|~q_9(X_9)|~q_10(X_10)),(q_1(a)),(q_1(b)),(q_2(a)),(q_2(b)),(q_3(a)),(q_3(b)),(q_4(a)),(q_4(b)),(q_5(a)),(q_5(b)),(q_6(a)),(q_6(b)),(q_7(a)),(q_7(b)),(q_8(a)),(q_8(b)),(q_9(a)),(q_9(b)),(q_10(a)),(q_10(b))				
../../TPTP-v7.3.0/Problems/SYN/SYN591-1.p		Unsatisfiable	UNKNOWN		UNKNOWN		cnf					
../../TPTP-v7.3.0/Problems/SYN/SYN467+1.p		Theorem	UNKNOWN		UNKNOWN		fof		(~((~hskp0|(ndr1_0&c3_1(a199)&~c0_1(a199)&~c1_1(a199)))&(~hskp1|(ndr1_0&c0_1(a200)&~c1_1(a200)&~c2_1(a200)))&(~hskp2|(ndr1_0&c2_1(a201)&~c0_1(a201)&~c1_1(a201)))&(~hskp3|(ndr1_0&c1_1(a203)&~c0_1(a203)&~c3_1(a203)))&(~hskp4|(ndr1_0&c1_1(a204)&~c0_1(a204)&~c2_1(a204)))&(~hskp5|(ndr1_0&c2_1(a205)&c3_1(a205)&~c1_1(a205)))&(~hskp6|(ndr1_0&c0_1(a208)&c1_1(a208)&~c2_1(a208)))&(~hskp7|(ndr1_0&c0_1(a209)&c1_1(a209)&~c3_1(a209)))&(~hskp8|(ndr1_0&c0_1(a212)&c3_1(a212)&~c1_1(a212)))&(~hskp9|(ndr1_0&~c0_1(a213)&~c1_1(a213)&~c2_1(a213)))&(~hskp10|(ndr1_0&c1_1(a214)&~c2_1(a214)&~c3_1(a214)))&(~hskp11|(ndr1_0&~c0_1(a216)&~c1_1(a216)&~c3_1(a216)))&(~hskp12|(ndr1_0&c0_1(a217)&~c2_1(a217)&~c3_1(a217)))&(~hskp13|(ndr1_0&c1_1(a218)&c3_1(a218)&~c0_1(a218)))&(~hskp14|(ndr1_0&c2_1(a219)&c3_1(a219)&~c0_1(a219)))&(~hskp15|(ndr1_0&c0_1(a228)&c2_1(a228)&~c1_1(a228)))&(~hskp16|(ndr1_0&c2_1(a231)&~c1_1(a231)&~c3_1(a231)))&(~hskp17|(ndr1_0&c3_1(a232)&~c1_1(a232)&~c2_1(a232)))&(~hskp18|(ndr1_0&~c1_1(a233)&~c2_1(a233)&~c3_1(a233)))&(~hskp19|(ndr1_0&c1_1(a238)&c3_1(a238)&~c2_1(a238)))&(~hskp20|(ndr1_0&c2_1(a239)&~c0_1(a239)&~c3_1(a239)))&(~hskp21|(ndr1_0&c0_1(a241)&~c1_1(a241)&~c3_1(a241)))&(~hskp22|(ndr1_0&c3_1(a244)&~c0_1(a244)&~c2_1(a244)))&(~hskp23|(ndr1_0&~c0_1(a248)&~c2_1(a248)&~c3_1(a248)))&(~hskp24|(ndr1_0&c0_1(a249)&c3_1(a249)&~c2_1(a249)))&(~hskp25|(ndr1_0&c1_1(a256)&c2_1(a256)&~c0_1(a256)))&(~hskp26|(ndr1_0&c1_1(a281)&c2_1(a281)&~c3_1(a281)))&(~hskp27|(ndr1_0&c0_1(a198)&c1_1(a198)&c2_1(a198)))&(~hskp28|(ndr1_0&c1_1(a202)&c2_1(a202)&c3_1(a202)))&(~hskp29|(ndr1_0&c0_1(a227)&c1_1(a227)&c3_1(a227)))&(~hskp30|(ndr1_0&c0_1(a230)&c2_1(a230)&c3_1(a230)))&(![U]:(ndr1_0=>(c0_1(U)|c1_1(U)|c2_1(U)))|![V]:(ndr1_0=>(c0_1(V)|c1_1(V)|~c2_1(V)))|![W]:(ndr1_0=>(c3_1(W)|~c0_1(W)|~c1_1(W))))&(![X]:(ndr1_0=>(c0_1(X)|c1_1(X)|c2_1(X)))|![Y]:(ndr1_0=>(c0_1(Y)|c2_1(Y)|~c1_1(Y)))|![Z]:(ndr1_0=>(~c0_1(Z)|~c1_1(Z)|~c3_1(Z))))&(![X1]:(ndr1_0=>(c0_1(X1)|c1_1(X1)|c2_1(X1)))|hskp27|hskp0)&(![X2]:(ndr1_0=>(c0_1(X2)|c1_1(X2)|c2_1(X2)))|hskp1|hskp2)&(![X3]:(ndr1_0=>(c0_1(X3)|c1_1(X3)|c3_1(X3)))|![X4]:(ndr1_0=>(c0_1(X4)|c2_1(X4)|c3_1(X4)))|hskp28)&(![X5]:(ndr1_0=>(c0_1(X5)|c1_1(X5)|c3_1(X5)))|![X6]:(ndr1_0=>(c1_1(X6)|c2_1(X6)|~c0_1(X6)))|hskp3)&(![X7]:(ndr1_0=>(c0_1(X7)|c1_1(X7)|c3_1(X7)))|hskp4|hskp5)&(![X8]:(ndr1_0=>(c0_1(X8)|c1_1(X8)|~c2_1(X8)))|![X9]:(ndr1_0=>(c0_1(X9)|c3_1(X9)|~c1_1(X9)))|![X10]:(ndr1_0=>(c2_1(X10)|~c0_1(X10)|~c3_1(X10))))&(![X11]:(ndr1_0=>(c0_1(X11)|c1_1(X11)|~c2_1(X11)))|![X12]:(ndr1_0=>(c2_1(X12)|~c0_1(X12)|~c1_1(X12)))|hskp3)&(![X13]:(ndr1_0=>(c0_1(X13)|c1_1(X13)|~c2_1(X13)))|![X14]:(ndr1_0=>(c2_1(X14)|~c1_1(X14)|~c3_1(X14)))|hskp0)&(![X15]:(ndr1_0=>(c0_1(X15)|c1_1(X15)|~c2_1(X15)))|hskp6|hskp7)&(![X16]:(ndr1_0=>(c0_1(X16)|c1_1(X16)|~c3_1(X16)))|![X17]:(ndr1_0=>(c0_1(X17)|c2_1(X17)|~c1_1(X17)))|![X18]:(ndr1_0=>(c0_1(X18)|~c2_1(X18)|~c3_1(X18))))&(![X19]:(ndr1_0=>(c0_1(X19)|c1_1(X19)|~c3_1(X19)))|![X20]:(ndr1_0=>(c0_1(X20)|c3_1(X20)|~c1_1(X20)))|hskp4)&(![X21]:(ndr1_0=>(c0_1(X21)|c1_1(X21)|~c3_1(X21)))|![X22]:(ndr1_0=>(c2_1(X22)|~c0_1(X22)|~c1_1(X22)))|![X23]:(ndr1_0=>(c2_1(X23)|~c1_1(X23)|~c3_1(X23))))&(![X24]:(ndr1_0=>(c0_1(X24)|c2_1(X24)|c3_1(X24)))|![X25]:(ndr1_0=>(c0_1(X25)|c3_1(X25)|~c2_1(X25)))|![X26]:(ndr1_0=>(c3_1(X26)|~c0_1(X26)|~c1_1(X26))))&(![X27]:(ndr1_0=>(c0_1(X27)|c2_1(X27)|c3_1(X27)))|![X28]:(ndr1_0=>(c3_1(X28)|~c1_1(X28)|~c2_1(X28)))|hskp0)&(![X29]:(ndr1_0=>(c0_1(X29)|c2_1(X29)|c3_1(X29)))|hskp8|hskp9)&(![X30]:(ndr1_0=>(c0_1(X30)|c2_1(X30)|~c1_1(X30)))|![X31]:(ndr1_0=>(c2_1(X31)|c3_1(X31)|~c0_1(X31)))|![X32]:(ndr1_0=>(~c0_1(X32)|~c1_1(X32)|~c2_1(X32))))&(![X33]:(ndr1_0=>(c0_1(X33)|c2_1(X33)|~c3_1(X33)))|![X34]:(ndr1_0=>(c0_1(X34)|~c1_1(X34)|~c2_1(X34)))|![X35]:(ndr1_0=>(c1_1(X35)|c3_1(X35)|~c2_1(X35))))&(![X36]:(ndr1_0=>(c0_1(X36)|c2_1(X36)|~c3_1(X36)))|![X37]:(ndr1_0=>(c1_1(X37)|c2_1(X37)|~c3_1(X37)))|![X38]:(ndr1_0=>(c1_1(X38)|~c0_1(X38)|~c2_1(X38))))&(![X39]:(ndr1_0=>(c0_1(X39)|c2_1(X39)|~c3_1(X39)))|![X40]:(ndr1_0=>(c2_1(X40)|c3_1(X40)|~c1_1(X40)))|hskp10)&(![X41]:(ndr1_0=>(c0_1(X41)|c3_1(X41)|~c1_1(X41)))|![X42]:(ndr1_0=>(c0_1(X42)|~c1_1(X42)|~c2_1(X42)))|![X43]:(ndr1_0=>(~c0_1(X43)|~c2_1(X43)|~c3_1(X43))))&(![X44]:(ndr1_0=>(c0_1(X44)|c3_1(X44)|~c1_1(X44)))|![X45]:(ndr1_0=>(~c0_1(X45)|~c1_1(X45)|~c2_1(X45)))|hskp10)&(![X46]:(ndr1_0=>(c0_1(X46)|c3_1(X46)|~c1_1(X46)))|![X47]:(ndr1_0=>(~c0_1(X47)|~c2_1(X47)|~c3_1(X47)))|hskp11)&(![X48]:(ndr1_0=>(c0_1(X48)|c3_1(X48)|~c1_1(X48)))|![X49]:(ndr1_0=>(~c1_1(X49)|~c2_1(X49)|~c3_1(X49)))|hskp12)&(![X50]:(ndr1_0=>(c0_1(X50)|c3_1(X50)|~c2_1(X50)))|![X51]:(ndr1_0=>(c2_1(X51)|~c0_1(X51)|~c1_1(X51)))|![X52]:(ndr1_0=>(~c0_1(X52)|~c1_1(X52)|~c2_1(X52))))&(![X53]:(ndr1_0=>(c0_1(X53)|~c1_1(X53)|~c2_1(X53)))|![X54]:(ndr1_0=>(c1_1(X54)|~c2_1(X54)|~c3_1(X54)))|hskp13)&(![X55]:(ndr1_0=>(c0_1(X55)|~c1_1(X55)|~c2_1(X55)))|![X56]:(ndr1_0=>(c2_1(X56)|~c0_1(X56)|~c3_1(X56)))|hskp14)&(![X57]:(ndr1_0=>(c0_1(X57)|~c1_1(X57)|~c2_1(X57)))|hskp6|hskp1)&(![X58]:(ndr1_0=>(c0_1(X58)|~c1_1(X58)|~c2_1(X58)))|hskp8|hskp14)&(![X59]:(ndr1_0=>(c0_1(X59)|~c1_1(X59)|~c3_1(X59)))|![X60]:(ndr1_0=>(c1_1(X60)|c3_1(X60)|~c0_1(X60)))|hskp5)&(![X61]:(ndr1_0=>(c0_1(X61)|~c1_1(X61)|~c3_1(X61)))|![X62]:(ndr1_0=>(c2_1(X62)|~c1_1(X62)|~c3_1(X62)))|![X63]:(ndr1_0=>(~c0_1(X63)|~c1_1(X63)|~c2_1(X63))))&(![X64]:(ndr1_0=>(c0_1(X64)|~c1_1(X64)|~c3_1(X64)))|hskp6|hskp14)&(![X65]:(ndr1_0=>(c0_1(X65)|~c2_1(X65)|~c3_1(X65)))|hskp29|hskp15)&(![X66]:(ndr1_0=>(c1_1(X66)|c2_1(X66)|c3_1(X66)))|hskp27)&(![X67]:(ndr1_0=>(c1_1(X67)|c2_1(X67)|c3_1(X67)))|hskp30|hskp16)&(![X68]:(ndr1_0=>(c1_1(X68)|c2_1(X68)|c3_1(X68)))|hskp17|hskp18)&(![X69]:(ndr1_0=>(c1_1(X69)|c2_1(X69)|~c0_1(X69)))|hskp27|hskp12)&(![X70]:(ndr1_0=>(c1_1(X70)|c2_1(X70)|~c0_1(X70)))|hskp15|hskp1)&(![X71]:(ndr1_0=>(c1_1(X71)|c2_1(X71)|~c0_1(X71)))|hskp19|hskp20)&(![X72]:(ndr1_0=>(c1_1(X72)|c2_1(X72)|~c3_1(X72)))|![X73]:(ndr1_0=>(c1_1(X73)|c3_1(X73)|~c2_1(X73)))|hskp17)&(![X74]:(ndr1_0=>(c1_1(X74)|c2_1(X74)|~c3_1(X74)))|![X75]:(ndr1_0=>(c1_1(X75)|~c2_1(X75)|~c3_1(X75)))|![X76]:(ndr1_0=>(c3_1(X76)|~c0_1(X76)|~c1_1(X76))))&(![X77]:(ndr1_0=>(c1_1(X77)|c2_1(X77)|~c3_1(X77)))|![X78]:(ndr1_0=>(c3_1(X78)|~c1_1(X78)|~c2_1(X78)))|hskp21)&(![X79]:(ndr1_0=>(c1_1(X79)|c3_1(X79)|~c0_1(X79)))|![X80]:(ndr1_0=>(c2_1(X80)|~c1_1(X80)|~c3_1(X80)))|![X81]:(ndr1_0=>(c3_1(X81)|~c1_1(X81)|~c2_1(X81))))&(![X82]:(ndr1_0=>(c1_1(X82)|c3_1(X82)|~c2_1(X82)))|![X83]:(ndr1_0=>(c2_1(X83)|~c0_1(X83)|~c3_1(X83)))|hskp17)&(![X84]:(ndr1_0=>(c1_1(X84)|c3_1(X84)|~c2_1(X84)))|hskp3|hskp22)&(![X85]:(ndr1_0=>(c1_1(X85)|~c0_1(X85)|~c2_1(X85)))|hskp1|hskp14)&(![X86]:(ndr1_0=>(c1_1(X86)|~c0_1(X86)|~c3_1(X86)))|hskp30|hskp23)&(![X87]:(ndr1_0=>(c1_1(X87)|~c0_1(X87)|~c3_1(X87)))|hskp24|hskp22)&(![X88]:(ndr1_0=>(c2_1(X88)|c3_1(X88)|~c0_1(X88)))|hskp0|hskp18)&(![X89]:(ndr1_0=>(c2_1(X89)|c3_1(X89)|~c1_1(X89)))|![X90]:(ndr1_0=>(c2_1(X90)|~c1_1(X90)|~c3_1(X90)))|![X91]:(ndr1_0=>(c3_1(X91)|~c1_1(X91)|~c2_1(X91))))&(![X92]:(ndr1_0=>(c2_1(X92)|~c0_1(X92)|~c1_1(X92)))|![X93]:(ndr1_0=>(~c0_1(X93)|~c2_1(X93)|~c3_1(X93)))|hskp3)&(![X94]:(ndr1_0=>(c2_1(X94)|~c0_1(X94)|~c3_1(X94)))|hskp29|hskp18)&(![X95]:(ndr1_0=>(c2_1(X95)|~c0_1(X95)|~c3_1(X95)))|hskp25|hskp19)&(![X96]:(ndr1_0=>(c2_1(X96)|~c1_1(X96)|~c3_1(X96)))|hskp6|hskp15)&(![X97]:(ndr1_0=>(c2_1(X97)|~c1_1(X97)|~c3_1(X97)))|hskp21)&(![X98]:(ndr1_0=>(c3_1(X98)|~c1_1(X98)|~c2_1(X98)))|hskp27|hskp19)&(![X99]:(ndr1_0=>(c3_1(X99)|~c1_1(X99)|~c2_1(X99)))|hskp14|hskp17)&(![X100]:(ndr1_0=>(~c0_1(X100)|~c1_1(X100)|~c3_1(X100)))|hskp7|hskp24)&(![X101]:(ndr1_0=>(~c0_1(X101)|~c1_1(X101)|~c3_1(X101)))|hskp8|hskp11)&(![X102]:(ndr1_0=>(~c0_1(X102)|~c1_1(X102)|~c3_1(X102)))|hskp10|hskp9)&(hskp27|hskp24|hskp4)&(hskp6|hskp10|hskp20)&(hskp6|hskp9)&(hskp15|hskp8|hskp26)&(hskp8|hskp13|hskp18)&(hskp8|hskp14|hskp22)&(hskp24|hskp4|hskp18)))			
../../TPTP-v7.3.0/Problems/SYN/SYN342+1.p		CounterSatisfiable	UNKNOWN		UNKNOWN		fof		(![X1]:?[X2]:![X3]:?[X4]:(big_f(X1,X2,X3)=>big_f(X4,X4,X1)))			
../../TPTP-v7.3.0/Problems/SYN/SYN597-1.p		Unsatisfiable	UNKNOWN		UNKNOWN		cnf					
../../TPTP-v7.3.0/Problems/SYN/SYN778-1.p		Satisfiable	UNKNOWN		UNKNOWN		cnf					
../../TPTP-v7.3.0/Problems/SYN/SYN109-1.p		Unsatisfiable	UNKNOWN		UNKNOWN		cnf					
../../TPTP-v7.3.0/Problems/SYN/SYN849-1.p		Unsatisfiable	UNKNOWN		UNKNOWN		cnf					
../../TPTP-v7.3.0/Problems/SYN/SYN128-1.p		Unsatisfiable	UNKNOWN		UNKNOWN		cnf					
../../TPTP-v7.3.0/Problems/SYN/SYN525+1.p		CounterSatisfiable	UNKNOWN		UNKNOWN		fof		(~(((ndr1_0&c3_1(a188)&ndr1_1(a188)&~c4_2(a188,a189)&c3_2(a188,a189)&c5_2(a188,a189)&![U]:(ndr1_1(a188)=>(~c3_2(a188,U)|c1_2(a188,U)|~c4_2(a188,U))))|~c4_0|(ndr1_0&![V]:(ndr1_1(a190)=>(c3_2(a190,V)|c5_2(a190,V)))&c4_1(a190)&~c2_1(a190)))&((ndr1_0&~c3_1(a191)&c5_1(a191)&c2_1(a191))|(ndr1_0&ndr1_1(a192)&~c1_2(a192,a193)&~c4_2(a192,a193)&c5_2(a192,a193)&~c5_1(a192)&ndr1_1(a192)&c3_2(a192,a194)&c5_2(a192,a194))|c1_0)&((ndr1_0&~c2_1(a195)&~c1_1(a195)&![W]:(ndr1_1(a195)=>(c2_2(a195,W)|c3_2(a195,W)|c1_2(a195,W))))|(ndr1_0&![X]:(ndr1_1(a196)=>(~c4_2(a196,X)|~c1_2(a196,X)|~c3_2(a196,X)))&![Y]:(ndr1_1(a196)=>(c5_2(a196,Y)|c1_2(a196,Y)))&c4_1(a196)))&(![Z]:(ndr1_0=>((ndr1_1(Z)&c1_2(Z,a197)&c4_2(Z,a197))|c3_1(Z)|(ndr1_1(Z)&~c2_2(Z,a198)&~c4_2(Z,a198)&~c3_2(Z,a198))))|~c4_0|![X1]:(ndr1_0=>(~c1_1(X1)|~c5_1(X1))))&((ndr1_0&~c2_1(a199)&~c5_1(a199)&c3_1(a199))|~c2_0|~c5_0)&(c4_0|(ndr1_0&![X2]:(ndr1_1(a200)=>(~c2_2(a200,X2)|c1_2(a200,X2)|c4_2(a200,X2)))&c3_1(a200)&![X3]:(ndr1_1(a200)=>(c3_2(a200,X3)|c5_2(a200,X3)|~c1_2(a200,X3))))|(ndr1_0&![X4]:(ndr1_1(a201)=>(~c2_2(a201,X4)|~c1_2(a201,X4)|c5_2(a201,X4)))&~c5_1(a201)&c2_1(a201)))&(c4_0|(ndr1_0&~c2_1(a202)&~c3_1(a202))|(ndr1_0&c2_1(a203)&![X5]:(ndr1_1(a203)=>~c4_2(a203,X5))&ndr1_1(a203)&c2_2(a203,a204)&c5_2(a203,a204)&~c3_2(a203,a204)))&(![X6]:(ndr1_0=>(c2_1(X6)|~c4_1(X6)|(ndr1_1(X6)&c4_2(X6,a205)&~c5_2(X6,a205)&~c2_2(X6,a205))))|c3_0|![X7]:(ndr1_0=>(c2_1(X7)|~c1_1(X7)|~c3_1(X7))))&(c2_0|(ndr1_0&c1_1(a206)&ndr1_1(a206)&c2_2(a206,a207)&~c4_2(a206,a207)&ndr1_1(a206)&c3_2(a206,a208)&~c2_2(a206,a208)&~c1_2(a206,a208))|~c5_0)&(~c2_0|![X8]:(ndr1_0=>((ndr1_1(X8)&~c4_2(X8,a209)&~c5_2(X8,a209)&~c3_2(X8,a209))|~c3_1(X8)|![X9]:(ndr1_1(X8)=>(c3_2(X8,X9)|c2_2(X8,X9)|c4_2(X8,X9))))))&((ndr1_0&![X10]:(ndr1_1(a210)=>(c3_2(a210,X10)|c4_2(a210,X10)|c2_2(a210,X10)))&c1_1(a210)&ndr1_1(a210)&~c3_2(a210,a211)&c4_2(a210,a211)&~c5_2(a210,a211))|c5_0|(ndr1_0&ndr1_1(a212)&c4_2(a212,a213)&~c1_2(a212,a213)&c3_2(a212,a213)&~c2_1(a212)&ndr1_1(a212)&~c4_2(a212,a214)&c1_2(a212,a214)&c5_2(a212,a214)))&(![X11]:(ndr1_0=>(~c3_1(X11)|~c4_1(X11)|c1_1(X11)))|~c2_0|c4_0)&((ndr1_0&~c5_1(a215)&~c3_1(a215))|c3_0|(ndr1_0&c1_1(a216)&c2_1(a216)&~c4_1(a216)))&(~c4_0|![X12]:(ndr1_0=>(~c3_1(X12)|c1_1(X12)))|![X13]:(ndr1_0=>(c3_1(X13)|c2_1(X13)|![X14]:(ndr1_1(X13)=>(c4_2(X13,X14)|~c3_2(X13,X14))))))&(![X15]:(ndr1_0=>(![X16]:(ndr1_1(X15)=>(~c5_2(X15,X16)|c1_2(X15,X16)|c2_2(X15,X16)))|(ndr1_1(X15)&~c4_2(X15,a217)&c5_2(X15,a217)&c1_2(X15,a217))|c4_1(X15)))|![X17]:(ndr1_0=>(![X18]:(ndr1_1(X17)=>(c1_2(X17,X18)|c5_2(X17,X18)|c4_2(X17,X18)))|c1_1(X17))))&(~c2_0|![X19]:(ndr1_0=>(~c2_1(X19)|~c5_1(X19)))|c5_0)))			
../../TPTP-v7.3.0/Problems/SYN/SYN799-1.p		Satisfiable	UNKNOWN		UNKNOWN		cnf					
../../TPTP-v7.3.0/Problems/SYN/SYN750-1.p		Satisfiable	UNKNOWN		UNKNOWN		cnf					
../../TPTP-v7.3.0/Problems/SYN/SYN409+1.p		Theorem	YES	DTS/Alligator/AlexHappy/output/SYN409+1_dts.html	UNKNOWN		fof		(![X]:f(X)<=>![Y,Z]:(f(Y)&f(Z)))			
../../TPTP-v7.3.0/Problems/SYN/SYN482-1.p		Unsatisfiable	UNKNOWN		UNKNOWN		cnf					
../../TPTP-v7.3.0/Problems/SYN/SYN786-1.p		Satisfiable	UNKNOWN		UNKNOWN		cnf					
../../TPTP-v7.3.0/Problems/SYN/SYN731+1.p		Theorem	UNKNOWN		UNKNOWN		fof		(?[W]:(![X]:?[Y]:p(W,X,Y)=>?[Z]:p(Z,Z,W)))			
../../TPTP-v7.3.0/Problems/SYN/SYN523+1.p		CounterSatisfiable	UNKNOWN		UNKNOWN		fof		(~((![U]:(ndr1_0=>((ndr1_1(U)&~c2_2(U,a141)&~c5_2(U,a141)&~c1_2(U,a141))|(ndr1_1(U)&c3_2(U,a142)&~c4_2(U,a142))|~c1_1(U)))|(ndr1_0&~c1_1(a143))|~c2_0)&(c5_0|c2_0|c1_0)&(~c4_0|(ndr1_0&![V]:(ndr1_1(a144)=>(c3_2(a144,V)|c4_2(a144,V)|~c5_2(a144,V)))&c5_1(a144)&~c4_1(a144)))&(~c1_0|![W]:(ndr1_0=>(~c5_1(W)|~c3_1(W)|![X]:(ndr1_1(W)=>(c4_2(W,X)|c1_2(W,X))))))&((ndr1_0&![Y]:(ndr1_1(a145)=>(~c2_2(a145,Y)|~c5_2(a145,Y)|~c1_2(a145,Y)))&c3_1(a145)&~c5_1(a145))|c2_0)&((ndr1_0&~c3_1(a146)&c4_1(a146))|c4_0|![Z]:(ndr1_0=>(c5_1(Z)|(ndr1_1(Z)&c3_2(Z,a147)&~c1_2(Z,a147)&~c5_2(Z,a147)))))&(~c5_0|~c1_0|(ndr1_0&c5_1(a148)&~c3_1(a148)&~c2_1(a148)))&(![X1]:(ndr1_0=>((ndr1_1(X1)&c5_2(X1,a149)&c4_2(X1,a149))|c4_1(X1)|c3_1(X1)))|(ndr1_0&![X2]:(ndr1_1(a150)=>(c5_2(a150,X2)|~c4_2(a150,X2)))&~c4_1(a150))|c3_0)&(~c3_0|(ndr1_0&~c2_1(a151)&~c3_1(a151)))&((ndr1_0&~c4_1(a152)&~c1_1(a152)&c3_1(a152))|c2_0|![X3]:(ndr1_0=>(c5_1(X3)|c4_1(X3))))&((ndr1_0&~c1_1(a153)&~c5_1(a153))|(ndr1_0&~c5_1(a154)&c1_1(a154)&![X4]:(ndr1_1(a154)=>(~c5_2(a154,X4)|~c1_2(a154,X4))))|c3_0)&(~c4_0|![X5]:(ndr1_0=>(c4_1(X5)|c5_1(X5)|c1_1(X5)))|(ndr1_0&~c4_1(a155)&ndr1_1(a155)&c1_2(a155,a156)&c5_2(a155,a156)&c2_2(a155,a156)&![X6]:(ndr1_1(a155)=>(~c4_2(a155,X6)|~c2_2(a155,X6)|c5_2(a155,X6)))))))			
../../TPTP-v7.3.0/Problems/SYN/SYN694-1.p		Unsatisfiable	UNKNOWN		UNKNOWN		cnf					
../../TPTP-v7.3.0/Problems/SYN/SYN556-1.p		Unsatisfiable	UNKNOWN		UNKNOWN		cnf					
../../TPTP-v7.3.0/Problems/SYN/SYN424-1.p		Satisfiable	UNKNOWN		UNKNOWN		cnf					
../../TPTP-v7.3.0/Problems/SYN/SYN325-1.p		Unsatisfiable	UNKNOWN		UNKNOWN		cnf					
../../TPTP-v7.3.0/Problems/SYN/SYN640-1.p		Unsatisfiable	UNKNOWN		UNKNOWN		cnf					
../../TPTP-v7.3.0/Problems/SYN/SYN696-1.p		Unsatisfiable	UNKNOWN		UNKNOWN		cnf					
../../TPTP-v7.3.0/Problems/SYN/SYN195-1.p		Unsatisfiable	UNKNOWN		UNKNOWN		cnf					
../../TPTP-v7.3.0/Problems/SYN/SYN184-1.p		Unsatisfiable	UNKNOWN		UNKNOWN		cnf					
../../TPTP-v7.3.0/Problems/SYN/SYN670-1.p		Unsatisfiable	UNKNOWN		UNKNOWN		cnf					
../../TPTP-v7.3.0/Problems/SYN/SYN933+1.p		Theorem	YES	DTS/Alligator/AlexHappy/output/SYN933+1_dts.html	UNKNOWN		fof		(![X]:c<=>c)			
../../TPTP-v7.3.0/Problems/SYN/SYN805-1.p		Satisfiable	UNKNOWN		UNKNOWN		cnf					
../../TPTP-v7.3.0/Problems/SYN/SYN586-1.p		Unsatisfiable	UNKNOWN		UNKNOWN		cnf					
../../TPTP-v7.3.0/Problems/SYN/SYN822-1.p		Satisfiable	UNKNOWN		UNKNOWN		cnf					
../../TPTP-v7.3.0/Problems/SYN/SYN066+1.p		Theorem	UNKNOWN		UNKNOWN		fof	(![Z]:?[W]:![X]:?[Y]:((big_p(X,Z)=>big_p(Y,W))&big_p(Y,Z)&(big_p(Y,W)=>?[U]:big_q(U,W)))),(![X,Z]:(~big_p(X,Z)=>?[Y]:big_q(Y,Z))),(?[X,Y]:big_q(X,Y)=>![Z]:big_r(Z,Z)),(![Z]:?[W]:![X]:?[Y]:((big_p(X,Z)=>big_p(Y,W))&big_p(Y,Z)&(big_p(Y,W)=>?[U]:big_q(U,W)))),(![X,Z]:(~big_p(X,Z)=>?[Y]:big_q(Y,Z))),(?[X,Y]:big_q(X,Y)=>![Z]:big_r(Z,Z))	(![X]:?[Y]:big_r(X,Y))			
../../TPTP-v7.3.0/Problems/SYN/SYN666-1.p		Unsatisfiable	UNKNOWN		UNKNOWN		cnf					
../../TPTP-v7.3.0/Problems/SYN/SYN388+1.p		Theorem	YES	DTS/Alligator/AlexHappy/output/SYN388+1_dts.html	UNKNOWN		fof		(p|~~~p)			
../../TPTP-v7.3.0/Problems/SYN/SYN872-1.p		Satisfiable	UNKNOWN		UNKNOWN		cnf					
../../TPTP-v7.3.0/Problems/SYN/SYN824-1.p		Satisfiable	UNKNOWN		UNKNOWN		cnf					
../../TPTP-v7.3.0/Problems/SYN/SYN366+1.p		Theorem	UNKNOWN		UNKNOWN		fof		((![U,V]:(big_r(U,U)<=>big_r(U,V))&![W,Z]:(big_r(W,W)<=>big_r(Z,W)))=>(?[X]:big_r(X,X)=>![Y]:big_r(Y,Y)))			
../../TPTP-v7.3.0/Problems/SYN/SYN562-1.p		Unsatisfiable	UNKNOWN		UNKNOWN		cnf					
../../TPTP-v7.3.0/Problems/SYN/SYN014-2.p		Unsatisfiable	UNKNOWN		UNKNOWN		cnf	(equalish(X,X)),(~equalish(X,Y)|equalish(Y,X)),(~equalish(X,Y)|~equalish(Y,Z)|equalish(X,Z)),(~equalish(A,B)|~element(C,A)|element(C,B)),(~element(A,B)|~equalish(A,C)|element(C,B)),(equalish(X,X)),(~equalish(X,Y)|equalish(Y,X)),(~equalish(X,Y)|~equalish(Y,Z)|equalish(X,Z)),(~equalish(A,B)|~element(C,A)|element(C,B)),(~element(A,B)|~equalish(A,C)|element(C,B))				
../../TPTP-v7.3.0/Problems/SYN/SYN210-1.p		Unsatisfiable	UNKNOWN		UNKNOWN		cnf					
../../TPTP-v7.3.0/Problems/SYN/SYN975+1.p		Theorem	YES	DTS/Alligator/AlexHappy/output/SYN975+1_dts.html	UNKNOWN		fof		(![X,Y]:p(X,Y)=>![X]:p(X,X))			
../../TPTP-v7.3.0/Problems/SYN/SYN073-1.p		Unsatisfiable	UNKNOWN		UNKNOWN		cnf					
../../TPTP-v7.3.0/Problems/SYN/SYN155-1.p		Unsatisfiable	UNKNOWN		UNKNOWN		cnf					
../../TPTP-v7.3.0/Problems/SYN/SYN938+1.p		Theorem	UNKNOWN		UNKNOWN		fof		(![C,B]:(![Z]:q1(f(Z))=>?[X,Y]:((p1(f(Y))=>p1(X))&(r1(Y)=>(r1(B)&r1(C)))&q1(X)))&![B,C]:(![Z]:q1(f(Z))=>?[X,Y]:((p1(f(Y))=>(p1(X)&(r1(Y)=>(r1(B)&r1(C)))))&q1(X)))&![B,C]:(q1(f(B))=>?[X,Y]:((p1(f(Y))=>(p1(X)&(r1(Y)=>(r1(B)&r1(C)))))&q1(X)))&((![X]:(a1(X)=>(b(X)|c(X)))&~(![X]:(a1(X)=>b(X))))=>?[X]:(a1(X)&c(X)))&![A]:?[X,X2,X3,X4,Y]:((p1(A)&e(A)&(e(X)=>(g(X)|s(X,f(X))))&(e(X2)=>(g(X2)|c(f(X2))))&(s(A,Y)=>p1(Y)))=>((p1(X3)&g(X3))|(p1(X4)&c(X4))))&![A,B,C]:((s1(A)&s1(B)&r(B,C)&![X]:(s1(X)=>p1(X))&![X,Y]:(r(X,Y)=>q(X,Y)))=>?[X,Y]:(p1(X)&q(X,Y)))&(![X]:p1(X)=>![A,B]:(p1(A)&p1(B)))&((![X]:p1(X)&?[Y]:q1(Y))=>?[Z]:![Y]:(p1(Y)|r1(Z)))&(![X]:?[Y]:(p1(X)&q1(Y))=>?[Z]:![Y]:(p1(Y)|r1(Z)))&(![X]:?[Y]:(a(X,Y)&a(Y,Y))=>?[Z]:a(Z,Z))&![A,B,C]:((s1(A)&s1(B)&r(B,C)&![X]:(s1(X)=>p1(X))&![X,Y]:(r(X,Y)=>q(X,Y)))=>?[X,Y]:(p1(X)&q(X,Y)))&![A,B]:(![Y]:(q1(Y)=>p1(Y))=>?[X]:((p1(X)=>p1(A))&(q1(X)=>p1(B))))&(?[X]:p1(X)=>(?[X]:p1(X)&(a0=>((b0|~b0)&(q0=>q0)))))&(![X]:p1(X)=>?[Y]:p1(Y))&(![X]:(p1(X)=>q1(X))=>(![X]:p1(X)=>![X]:q1(X)))&![A,B]:(![Z]:(q1(Z)=>p1(Z))=>?[X]:((p1(X)=>p1(A))&(q1(X)=>p1(B))))&(![X]:(a1(X)=>b(X))=>(?[X]:a1(X)=>?[X]:b(X)))&(?[X]:(a1(X)=>b(X))=>(![X]:a1(X)=>?[X]:b(X)))&~(?[Y]:![X]:(a(X,Y)<=>~a(X,X)))&((?[X]:a1(X)&![X]:b(X))=>?[X]:(a1(X)&b(X)))&(?[X]:b(X)=>?[X]:(a1(X)|b(X)))&(?[X,Y]:a(X,Y)<=>?[Y,X]:a(X,Y))&![A,B]:(![X]:p1(X)=>(p1(A)&p1(B)))&(![X]:p1(X)=>(![X]:p1(X)&![Y]:p1(Y)))&(?[X]:p1(X)<=>?[Y]:p1(Y))&(?[X]:p1(X)=>?[Z]:p1(Z))&?[Z]:![X]:?[Y]:((p(Y,X)=>?[W]:p(W,Y))&((p(Z,Y)&p(Y,Z))=>p(Y,X)))&(![X,Y]:(eq(X,Y)<=>![Z]:(a_member_of(Z,X)<=>a_member_of(Z,Y)))=>![A,B]:(eq(A,B)=>eq(B,A)))&![A,B]:(![Y]:(q1(Y)=>p1(Y))=>?[X]:((p1(X)=>p1(A))&(q1(X)=>p1(B))))&?[X]:![Y]:(p1(X)=>p1(Y))&![B]:((![X]:(p1(X)=>q1(X))&r1(B))=>(![Y]:(r1(Y)=>p1(Y))=>q1(B)))&![A,B]:?[X,Y]:((p1(X)=>r1(Y))=>(p1(A)=>r1(B)))&?[Y]:(?[X]:p1(X)=>p1(Y))&(?[X]:![Y]:p(X,Y)=>![Y]:?[X]:p(X,Y))&(p1(z)=>p1(z))&(?[X]:p1(X)=>?[Y]:p1(Y))&(![X,Y]:p(X,Y)=>![X]:p(X,X))&![A]:(((f0|g0)&![X]:(p1(X)&q1(X)))=>q1(A))&((a0<=>b0)|a0|b0)&((a0&b0)=>(a0<=>b0))&![A,B]:?[X,Y]:(((q1(X)=>p(X,A))&q1(A)&q1(B)&(r1(Y)=>p(B,Y))&r1(A)&r1(B)&(s1(A)=>p(X,Y))&s1(A))=>p(A,B))&![B]:(![Y]:((r1(B)=>r1(Y))=>p(f(Y),Y))=>?[X,Y]:(p(X,Y)&(q(f(B),B)=>q(X,Y))))&((![X]:(p1(X)=>q1(X))&?[Y]:(q1(Y)=>r1(Y)))=>?[Z]:(p1(Z)=>r1(Z))))			
../../TPTP-v7.3.0/Problems/SYN/SYN295-1.p		Unsatisfiable	UNKNOWN		UNKNOWN		cnf					
../../TPTP-v7.3.0/Problems/SYN/SYN040+1.p		Theorem	YES	DTS/Alligator/AlexHappy/output/SYN040+1_dts.html	UNKNOWN		fof		((p=>q)<=>(~q=>~p))			
../../TPTP-v7.3.0/Problems/SYN/SYN141-1.p		Unsatisfiable	UNKNOWN		UNKNOWN		cnf					
../../TPTP-v7.3.0/Problems/SYN/SYN784-1.p		Unsatisfiable	UNKNOWN		UNKNOWN		cnf					
../../TPTP-v7.3.0/Problems/SYN/SYN858-1.p		Unsatisfiable	UNKNOWN		UNKNOWN		cnf					
../../TPTP-v7.3.0/Problems/SYN/SYN916-1.p		Satisfiable	YES	DTS/Alligator/AlexHappy/output/SYN916-1_dts.html	UNKNOWN		cnf					
../../TPTP-v7.3.0/Problems/SYN/SYN817-1.p		Satisfiable	UNKNOWN		UNKNOWN		cnf					
../../TPTP-v7.3.0/Problems/SYN/SYN379+1.p		Theorem	UNKNOWN		UNKNOWN		fof		(![X]:big_p(X)=>?[Y]:(![X,Z]:big_q(X,Y,Z)=>~(![Z]:(big_p(Z)&~big_q(Y,Y,Z)))))			
../../TPTP-v7.3.0/Problems/SYN/SYN524+1.p		CounterSatisfiable	UNKNOWN		UNKNOWN		fof		(~((![U]:(ndr1_0=>((ndr1_1(U)&~c3_2(U,a157)&c2_2(U,a157))|~c5_1(U)|![V]:(ndr1_1(U)=>(c1_2(U,V)|c5_2(U,V)))))|c1_0|(ndr1_0&c3_1(a158)&c5_1(a158)&![W]:(ndr1_1(a158)=>(c1_2(a158,W)|c5_2(a158,W)|c4_2(a158,W)))))&(~c1_0|(ndr1_0&~c2_1(a159)&~c3_1(a159)&ndr1_1(a159)&~c3_2(a159,a160)&~c5_2(a159,a160))|![X]:(ndr1_0=>(c1_1(X)|c3_1(X)|![Y]:(ndr1_1(X)=>(~c5_2(X,Y)|c2_2(X,Y))))))&((ndr1_0&~c3_1(a161)&ndr1_1(a161)&c3_2(a161,a162)&c5_2(a161,a162)&c1_2(a161,a162)&c4_1(a161))|![Z]:(ndr1_0=>(c2_1(Z)|![X1]:(ndr1_1(Z)=>(~c4_2(Z,X1)|~c1_2(Z,X1)))|c1_1(Z)))|(ndr1_0&c3_1(a163)&ndr1_1(a163)&~c1_2(a163,a164)&c5_2(a163,a164)&~c3_2(a163,a164)&~c2_1(a163)))&(~c5_0|(ndr1_0&c1_1(a165)&ndr1_1(a165)&c1_2(a165,a166)&c3_2(a165,a166)&~c5_2(a165,a166)&![X2]:(ndr1_1(a165)=>(c5_2(a165,X2)|~c3_2(a165,X2)|c4_2(a165,X2)))))&(~c2_0|![X3]:(ndr1_0=>(~c5_1(X3)|~c2_1(X3)|c1_1(X3)))|(ndr1_0&![X4]:(ndr1_1(a167)=>(~c2_2(a167,X4)|~c1_2(a167,X4)|c4_2(a167,X4)))&![X5]:(ndr1_1(a167)=>(~c3_2(a167,X5)|~c1_2(a167,X5)))&ndr1_1(a167)&c2_2(a167,a168)&c3_2(a167,a168)&c4_2(a167,a168)))&((ndr1_0&c3_1(a169)&![X6]:(ndr1_1(a169)=>(c2_2(a169,X6)|c3_2(a169,X6)|c5_2(a169,X6))))|(ndr1_0&~c1_1(a170)&~c3_1(a170))|(ndr1_0&~c4_1(a171)&ndr1_1(a171)&~c1_2(a171,a172)&c3_2(a171,a172)&![X7]:(ndr1_1(a171)=>(~c4_2(a171,X7)|~c5_2(a171,X7)))))&(~c5_0|![X8]:(ndr1_0=>(ndr1_1(X8)&~c5_2(X8,a173)&~c3_2(X8,a173)))|![X9]:(ndr1_0=>(![X10]:(ndr1_1(X9)=>(c2_2(X9,X10)|c5_2(X9,X10)|c4_2(X9,X10)))|~c2_1(X9)|~c5_1(X9))))&(c3_0|~c4_0|c2_0)&(~c4_0|![X11]:(ndr1_0=>(c1_1(X11)|~c3_1(X11)|(ndr1_1(X11)&~c2_2(X11,a174)&~c5_2(X11,a174)&~c1_2(X11,a174))))|(ndr1_0&c1_1(a175)&c2_1(a175)&![X12]:(ndr1_1(a175)=>(c2_2(a175,X12)|~c3_2(a175,X12)|c4_2(a175,X12)))))&(![X13]:(ndr1_0=>(c4_1(X13)|~c5_1(X13)|~c2_1(X13)))|c3_0|![X14]:(ndr1_0=>((ndr1_1(X14)&~c4_2(X14,a176)&c2_2(X14,a176))|(ndr1_1(X14)&c2_2(X14,a177)&c4_2(X14,a177)&c3_2(X14,a177))|~c1_1(X14))))&(~c2_0|(ndr1_0&c4_1(a178)&ndr1_1(a178)&~c4_2(a178,a179)&c5_2(a178,a179)&![X15]:(ndr1_1(a178)=>(c4_2(a178,X15)|c3_2(a178,X15))))|~c3_0)&(~c2_0|~c3_0|![X16]:(ndr1_0=>(~c4_1(X16)|~c5_1(X16)|~c3_1(X16))))&((ndr1_0&c2_1(a180)&![X17]:(ndr1_1(a180)=>(~c5_2(a180,X17)|c4_2(a180,X17)|~c1_2(a180,X17)))&c3_1(a180))|~c3_0)&((ndr1_0&~c4_1(a181)&![X18]:(ndr1_1(a181)=>(~c1_2(a181,X18)|c5_2(a181,X18)|c3_2(a181,X18)))&c1_1(a181))|c4_0|c2_0)&(c3_0|![X19]:(ndr1_0=>(~c1_1(X19)|~c4_1(X19)|![X20]:(ndr1_1(X19)=>(~c4_2(X19,X20)|~c3_2(X19,X20)|~c1_2(X19,X20)))))|![X21]:(ndr1_0=>(c1_1(X21)|(ndr1_1(X21)&~c3_2(X21,a182)&~c2_2(X21,a182)&c5_2(X21,a182))|![X22]:(ndr1_1(X21)=>(c2_2(X21,X22)|c1_2(X21,X22)|~c3_2(X21,X22))))))&(c1_0|c5_0|(ndr1_0&ndr1_1(a183)&c1_2(a183,a184)&~c5_2(a183,a184)&c2_1(a183)&![X23]:(ndr1_1(a183)=>(c3_2(a183,X23)|c2_2(a183,X23)))))&(c3_0|![X24]:(ndr1_0=>((ndr1_1(X24)&~c2_2(X24,a185)&~c3_2(X24,a185))|~c3_1(X24)|(ndr1_1(X24)&~c1_2(X24,a186)&c4_2(X24,a186)))))&(![X25]:(ndr1_0=>((ndr1_1(X25)&c1_2(X25,a187)&~c5_2(X25,a187)&c2_2(X25,a187))|~c2_1(X25)))|~c1_0|c5_0)))			
../../TPTP-v7.3.0/Problems/SYN/SYN503+1.p		Theorem	UNKNOWN		UNKNOWN		fof		(~((~hskp0|(ndr1_0&c2_1(a213)&~c1_1(a213)&~c3_1(a213)))&(~hskp1|(ndr1_0&c2_1(a214)&~c0_1(a214)&~c3_1(a214)))&(~hskp2|(ndr1_0&c2_1(a215)&~c0_1(a215)&~c1_1(a215)))&(~hskp3|(ndr1_0&c0_1(a216)&c1_1(a216)&~c2_1(a216)))&(~hskp4|(ndr1_0&~c1_1(a217)&~c2_1(a217)&~c3_1(a217)))&(~hskp5|(ndr1_0&c3_1(a218)&~c1_1(a218)&~c2_1(a218)))&(~hskp6|(ndr1_0&c1_1(a220)&c2_1(a220)&~c3_1(a220)))&(~hskp7|(ndr1_0&c1_1(a223)&c2_1(a223)&~c0_1(a223)))&(~hskp8|(ndr1_0&c3_1(a225)&~c0_1(a225)&~c2_1(a225)))&(~hskp9|(ndr1_0&c0_1(a226)&~c1_1(a226)&~c2_1(a226)))&(~hskp10|(ndr1_0&c1_1(a231)&c3_1(a231)&~c0_1(a231)))&(~hskp11|(ndr1_0&c0_1(a236)&~c2_1(a236)&~c3_1(a236)))&(~hskp12|(ndr1_0&c0_1(a237)&c2_1(a237)&~c3_1(a237)))&(~hskp13|(ndr1_0&c2_1(a239)&c3_1(a239)&~c1_1(a239)))&(~hskp14|(ndr1_0&c3_1(a241)&~c0_1(a241)&~c1_1(a241)))&(~hskp15|(ndr1_0&c1_1(a242)&~c0_1(a242)&~c2_1(a242)))&(~hskp16|(ndr1_0&c0_1(a245)&~c1_1(a245)&~c3_1(a245)))&(~hskp17|(ndr1_0&c1_1(a248)&c3_1(a248)&~c2_1(a248)))&(~hskp18|(ndr1_0&c0_1(a252)&c2_1(a252)&~c1_1(a252)))&(~hskp19|(ndr1_0&~c0_1(a255)&~c1_1(a255)&~c3_1(a255)))&(~hskp20|(ndr1_0&c0_1(a257)&c1_1(a257)&~c3_1(a257)))&(~hskp21|(ndr1_0&c0_1(a259)&c3_1(a259)&~c2_1(a259)))&(~hskp22|(ndr1_0&~c0_1(a271)&~c1_1(a271)&~c2_1(a271)))&(~hskp23|(ndr1_0&c1_1(a274)&~c0_1(a274)&~c3_1(a274)))&(~hskp24|(ndr1_0&c1_1(a280)&~c2_1(a280)&~c3_1(a280)))&(~hskp25|(ndr1_0&c2_1(a320)&c3_1(a320)&~c0_1(a320)))&(~hskp26|(ndr1_0&c0_1(a234)&c1_1(a234)&c3_1(a234)))&(~hskp27|(ndr1_0&c1_1(a261)&c2_1(a261)&c3_1(a261)))&(~hskp28|(ndr1_0&c0_1(a282)&c1_1(a282)&c2_1(a282)))&(~hskp29|(ndr1_0&c0_1(a296)&c2_1(a296)&c3_1(a296)))&(![U]:(ndr1_0=>(c0_1(U)|c1_1(U)|c2_1(U)))|hskp0)&(![V]:(ndr1_0=>(c0_1(V)|c1_1(V)|c3_1(V)))|![W]:(ndr1_0=>(c2_1(W)|c3_1(W)|~c0_1(W)))|hskp1)&(![X]:(ndr1_0=>(c0_1(X)|c1_1(X)|c3_1(X)))|![Y]:(ndr1_0=>(~c0_1(Y)|~c2_1(Y)|~c3_1(Y)))|hskp2)&(![Z]:(ndr1_0=>(c0_1(Z)|c1_1(Z)|c3_1(Z)))|hskp3|hskp4)&(![X1]:(ndr1_0=>(c0_1(X1)|c1_1(X1)|~c2_1(X1)))|![X2]:(ndr1_0=>(c0_1(X2)|c2_1(X2)|~c3_1(X2)))|![X3]:(ndr1_0=>(~c1_1(X3)|~c2_1(X3)|~c3_1(X3))))&(![X4]:(ndr1_0=>(c0_1(X4)|c1_1(X4)|~c2_1(X4)))|![X5]:(ndr1_0=>(c1_1(X5)|c2_1(X5)|~c3_1(X5)))|![X6]:(ndr1_0=>(c3_1(X6)|~c0_1(X6)|~c1_1(X6))))&(![X7]:(ndr1_0=>(c0_1(X7)|c1_1(X7)|~c2_1(X7)))|![X8]:(ndr1_0=>(c2_1(X8)|~c0_1(X8)|~c3_1(X8)))|![X9]:(ndr1_0=>(~c0_1(X9)|~c2_1(X9)|~c3_1(X9))))&(![X10]:(ndr1_0=>(c0_1(X10)|c1_1(X10)|~c2_1(X10)))|![X11]:(ndr1_0=>(~c0_1(X11)|~c1_1(X11)|~c3_1(X11)))|hskp5)&(![X12]:(ndr1_0=>(c0_1(X12)|c1_1(X12)|~c2_1(X12)))|![X13]:(ndr1_0=>(~c0_1(X13)|~c2_1(X13)|~c3_1(X13)))|![X14]:(ndr1_0=>(~c1_1(X14)|~c2_1(X14)|~c3_1(X14))))&(![X15]:(ndr1_0=>(c0_1(X15)|c1_1(X15)|~c2_1(X15)))|hskp3|hskp6)&(![X16]:(ndr1_0=>(c0_1(X16)|c1_1(X16)|~c2_1(X16)))|hskp2|hskp0)&(![X17]:(ndr1_0=>(c0_1(X17)|c1_1(X17)|~c3_1(X17)))|![X18]:(ndr1_0=>(c0_1(X18)|c2_1(X18)|c3_1(X18)))|![X19]:(ndr1_0=>(c1_1(X19)|c3_1(X19)|~c0_1(X19))))&(![X20]:(ndr1_0=>(c0_1(X20)|c1_1(X20)|~c3_1(X20)))|![X21]:(ndr1_0=>(~c0_1(X21)|~c2_1(X21)|~c3_1(X21)))|hskp7)&(![X22]:(ndr1_0=>(c0_1(X22)|c1_1(X22)|~c3_1(X22)))|hskp1|hskp8)&(![X23]:(ndr1_0=>(c0_1(X23)|c2_1(X23)|c3_1(X23)))|![X24]:(ndr1_0=>(c0_1(X24)|~c2_1(X24)|~c3_1(X24)))|hskp9)&(![X25]:(ndr1_0=>(c0_1(X25)|c2_1(X25)|c3_1(X25)))|hskp6|hskp5)&(![X26]:(ndr1_0=>(c0_1(X26)|c2_1(X26)|c3_1(X26)))|hskp0|hskp4)&(![X27]:(ndr1_0=>(c0_1(X27)|c2_1(X27)|~c1_1(X27)))|![X28]:(ndr1_0=>(c0_1(X28)|~c1_1(X28)|~c2_1(X28)))|hskp10)&(![X29]:(ndr1_0=>(c0_1(X29)|c2_1(X29)|~c1_1(X29)))|![X30]:(ndr1_0=>(c1_1(X30)|c3_1(X30)|~c0_1(X30)))|hskp8)&(![X31]:(ndr1_0=>(c0_1(X31)|c2_1(X31)|~c3_1(X31)))|![X32]:(ndr1_0=>(c1_1(X32)|c2_1(X32)|~c0_1(X32)))|hskp1)&(![X33]:(ndr1_0=>(c0_1(X33)|c2_1(X33)|~c3_1(X33)))|![X34]:(ndr1_0=>(c3_1(X34)|~c1_1(X34)|~c2_1(X34)))|hskp26)&(![X35]:(ndr1_0=>(c0_1(X35)|c2_1(X35)|~c3_1(X35)))|![X36]:(ndr1_0=>(c3_1(X36)|~c1_1(X36)|~c2_1(X36)))|hskp5)&(![X37]:(ndr1_0=>(c0_1(X37)|c3_1(X37)|~c1_1(X37)))|![X38]:(ndr1_0=>(c1_1(X38)|c3_1(X38)|~c0_1(X38)))|![X39]:(ndr1_0=>(~c0_1(X39)|~c2_1(X39)|~c3_1(X39))))&(![X40]:(ndr1_0=>(c0_1(X40)|c3_1(X40)|~c1_1(X40)))|![X41]:(ndr1_0=>(c1_1(X41)|~c0_1(X41)|~c2_1(X41)))|hskp11)&(![X42]:(ndr1_0=>(c0_1(X42)|c3_1(X42)|~c1_1(X42)))|![X43]:(ndr1_0=>(c3_1(X43)|~c1_1(X43)|~c2_1(X43)))|hskp12)&(![X44]:(ndr1_0=>(c0_1(X44)|c3_1(X44)|~c1_1(X44)))|hskp3|hskp13)&(![X45]:(ndr1_0=>(c0_1(X45)|c3_1(X45)|~c2_1(X45)))|![X46]:(ndr1_0=>(c1_1(X46)|~c0_1(X46)|~c2_1(X46)))|hskp10)&(![X47]:(ndr1_0=>(c0_1(X47)|c3_1(X47)|~c2_1(X47)))|![X48]:(ndr1_0=>(c3_1(X48)|~c0_1(X48)|~c1_1(X48)))|hskp14)&(![X49]:(ndr1_0=>(c0_1(X49)|~c1_1(X49)|~c2_1(X49)))|![X50]:(ndr1_0=>(c1_1(X50)|c2_1(X50)|~c3_1(X50)))|hskp15)&(![X51]:(ndr1_0=>(c0_1(X51)|~c1_1(X51)|~c2_1(X51)))|![X52]:(ndr1_0=>(c2_1(X52)|c3_1(X52)|~c0_1(X52)))|hskp26)&(![X53]:(ndr1_0=>(c0_1(X53)|~c1_1(X53)|~c2_1(X53)))|![X54]:(ndr1_0=>(c2_1(X54)|~c0_1(X54)|~c1_1(X54)))|hskp8)&(![X55]:(ndr1_0=>(c0_1(X55)|~c1_1(X55)|~c2_1(X55)))|hskp16|hskp7)&(![X56]:(ndr1_0=>(c0_1(X56)|~c1_1(X56)|~c2_1(X56)))|hskp10|hskp17)&(![X57]:(ndr1_0=>(c0_1(X57)|~c1_1(X57)|~c3_1(X57)))|![X58]:(ndr1_0=>(c1_1(X58)|c2_1(X58)|~c3_1(X58)))|hskp10)&(![X59]:(ndr1_0=>(c0_1(X59)|~c1_1(X59)|~c3_1(X59)))|![X60]:(ndr1_0=>(c1_1(X60)|~c2_1(X60)|~c3_1(X60)))|hskp9)&(![X61]:(ndr1_0=>(c0_1(X61)|~c1_1(X61)|~c3_1(X61)))|![X62]:(ndr1_0=>(c2_1(X62)|c3_1(X62)|~c1_1(X62)))|hskp1)&(![X63]:(ndr1_0=>(c0_1(X63)|~c1_1(X63)|~c3_1(X63)))|![X64]:(ndr1_0=>(c2_1(X64)|~c1_1(X64)|~c3_1(X64)))|hskp18)&(![X65]:(ndr1_0=>(c0_1(X65)|~c1_1(X65)|~c3_1(X65)))|hskp3|hskp6)&(![X66]:(ndr1_0=>(c0_1(X66)|~c2_1(X66)|~c3_1(X66)))|![X67]:(ndr1_0=>(c1_1(X67)|c3_1(X67)|~c2_1(X67)))|![X68]:(ndr1_0=>(~c0_1(X68)|~c2_1(X68)|~c3_1(X68))))&(![X69]:(ndr1_0=>(c0_1(X69)|~c2_1(X69)|~c3_1(X69)))|![X70]:(ndr1_0=>(c2_1(X70)|c3_1(X70)|~c1_1(X70)))|hskp19)&(![X71]:(ndr1_0=>(c1_1(X71)|c2_1(X71)|c3_1(X71)))|![X72]:(ndr1_0=>(c2_1(X72)|c3_1(X72)|~c1_1(X72)))|hskp8)&(![X73]:(ndr1_0=>(c1_1(X73)|c2_1(X73)|c3_1(X73)))|hskp20|hskp4)&(![X74]:(ndr1_0=>(c1_1(X74)|c2_1(X74)|c3_1(X74)))|hskp21|hskp19)&(![X75]:(ndr1_0=>(c1_1(X75)|c2_1(X75)|c3_1(X75)))|hskp27|hskp2)&(![X76]:(ndr1_0=>(c1_1(X76)|c2_1(X76)|~c0_1(X76)))|![X77]:(ndr1_0=>(c1_1(X77)|c3_1(X77)|~c2_1(X77)))|![X78]:(ndr1_0=>(c2_1(X78)|~c1_1(X78)|~c3_1(X78))))&(![X79]:(ndr1_0=>(c1_1(X79)|c2_1(X79)|~c0_1(X79)))|hskp18|hskp19)&(![X80]:(ndr1_0=>(c1_1(X80)|c2_1(X80)|~c0_1(X80)))|hskp12|hskp17)&(![X81]:(ndr1_0=>(c1_1(X81)|c2_1(X81)|~c3_1(X81)))|![X82]:(ndr1_0=>(c1_1(X82)|c3_1(X82)|~c0_1(X82)))|hskp5)&(![X83]:(ndr1_0=>(c1_1(X83)|c3_1(X83)|~c0_1(X83)))|![X84]:(ndr1_0=>(c1_1(X84)|c3_1(X84)|~c2_1(X84)))|![X85]:(ndr1_0=>(c2_1(X85)|~c0_1(X85)|~c3_1(X85))))&(![X86]:(ndr1_0=>(c1_1(X86)|c3_1(X86)|~c0_1(X86)))|![X87]:(ndr1_0=>(c3_1(X87)|~c1_1(X87)|~c2_1(X87)))|![X88]:(ndr1_0=>(~c1_1(X88)|~c2_1(X88)|~c3_1(X88))))&(![X89]:(ndr1_0=>(c1_1(X89)|c3_1(X89)|~c2_1(X89)))|![X90]:(ndr1_0=>(c1_1(X90)|~c2_1(X90)|~c3_1(X90)))|hskp1)&(![X91]:(ndr1_0=>(c1_1(X91)|c3_1(X91)|~c2_1(X91)))|hskp12|hskp21)&(![X92]:(ndr1_0=>(c1_1(X92)|~c0_1(X92)|~c2_1(X92)))|![X93]:(ndr1_0=>(c2_1(X93)|~c0_1(X93)|~c1_1(X93)))|hskp22)&(![X94]:(ndr1_0=>(c1_1(X94)|~c0_1(X94)|~c3_1(X94)))|![X95]:(ndr1_0=>(c3_1(X95)|~c0_1(X95)|~c2_1(X95)))|hskp18)&(![X96]:(ndr1_0=>(c1_1(X96)|~c0_1(X96)|~c3_1(X96)))|hskp26|hskp23)&(![X97]:(ndr1_0=>(c1_1(X97)|~c0_1(X97)|~c3_1(X97)))|hskp16|hskp4)&(![X98]:(ndr1_0=>(c1_1(X98)|~c0_1(X98)|~c3_1(X98)))|hskp1|hskp19)&(![X99]:(ndr1_0=>(c1_1(X99)|~c2_1(X99)|~c3_1(X99)))|hskp15|hskp24)&(![X100]:(ndr1_0=>(c2_1(X100)|c3_1(X100)|~c0_1(X100)))|![X101]:(ndr1_0=>(c2_1(X101)|~c0_1(X101)|~c1_1(X101)))|hskp5)&(![X102]:(ndr1_0=>(c2_1(X102)|c3_1(X102)|~c1_1(X102)))|![X103]:(ndr1_0=>(c3_1(X103)|~c0_1(X103)|~c1_1(X103)))|![X104]:(ndr1_0=>(~c0_1(X104)|~c2_1(X104)|~c3_1(X104))))&(![X105]:(ndr1_0=>(c2_1(X105)|c3_1(X105)|~c1_1(X105)))|![X106]:(ndr1_0=>(~c0_1(X106)|~c1_1(X106)|~c3_1(X106)))|hskp28)&(![X107]:(ndr1_0=>(c2_1(X107)|c3_1(X107)|~c1_1(X107)))|hskp26|hskp9)&(![X108]:(ndr1_0=>(c2_1(X108)|~c0_1(X108)|~c1_1(X108)))|![X109]:(ndr1_0=>(c3_1(X109)|~c0_1(X109)|~c1_1(X109)))|![X110]:(ndr1_0=>(~c1_1(X110)|~c2_1(X110)|~c3_1(X110))))&(![X111]:(ndr1_0=>(c2_1(X111)|~c0_1(X111)|~c3_1(X111)))|hskp3|hskp27)&(![X112]:(ndr1_0=>(c3_1(X112)|~c0_1(X112)|~c1_1(X112)))|![X113]:(ndr1_0=>(~c1_1(X113)|~c2_1(X113)|~c3_1(X113)))|hskp28)&(![X114]:(ndr1_0=>(c3_1(X114)|~c0_1(X114)|~c2_1(X114)))|hskp7|hskp6)&(![X115]:(ndr1_0=>(~c0_1(X115)|~c1_1(X115)|~c2_1(X115)))|![X116]:(ndr1_0=>(~c0_1(X116)|~c2_1(X116)|~c3_1(X116)))|![X117]:(ndr1_0=>(~c1_1(X117)|~c2_1(X117)|~c3_1(X117))))&(![X118]:(ndr1_0=>(~c0_1(X118)|~c1_1(X118)|~c2_1(X118)))|![X119]:(ndr1_0=>(~c0_1(X119)|~c2_1(X119)|~c3_1(X119)))|hskp22)&(![X120]:(ndr1_0=>(~c0_1(X120)|~c1_1(X120)|~c3_1(X120)))|hskp27|hskp2)&(![X121]:(ndr1_0=>(~c0_1(X121)|~c2_1(X121)|~c3_1(X121)))|hskp10|hskp8)&(![X122]:(ndr1_0=>(~c1_1(X122)|~c2_1(X122)|~c3_1(X122)))|hskp26|hskp29)&(hskp3|hskp16)&(hskp20|hskp11|hskp1)&(hskp20|hskp10|hskp2)&(hskp20|hskp23|hskp4)&(hskp18|hskp9|hskp22)&(hskp18|hskp27|hskp17)&(hskp12|hskp16|hskp13)&(hskp12|hskp1|hskp0)&(hskp25|hskp19)))			
../../TPTP-v7.3.0/Problems/SYN/SYN918+1.p		Theorem	UNKNOWN		UNKNOWN		fof		((![X]:(((f(X)&g(X))=>h(X))=>?[Y]:(f(Y)&~g(Y)))&(![W]:(f(W)=>g(W))|![Z]:(f(Z)=>h(Z))))=>(![R]:((f(R)&h(R))=>g(R))=>?[V]:(f(V)&g(V)&~h(V))))			
../../TPTP-v7.3.0/Problems/SYN/SYN971+1.p		Theorem	YES	DTS/Alligator/AlexHappy/output/SYN971+1_dts.html	UNKNOWN		fof		(?[Y]:(?[X]:p(X)=>p(Y)))			
../../TPTP-v7.3.0/Problems/SYN/SYN509-1.p		Unsatisfiable	UNKNOWN		UNKNOWN		cnf					
../../TPTP-v7.3.0/Problems/SYN/SYN480-1.p		Unsatisfiable	UNKNOWN		UNKNOWN		cnf					
../../TPTP-v7.3.0/Problems/SYN/SYN950+1.p		Theorem	UNKNOWN		UNKNOWN		fof		(![A,B]:(![Y]:(q(Y)=>p(Y))=>?[X]:((p(X)=>p(A))&(q(X)=>p(B)))))			
../../TPTP-v7.3.0/Problems/SYN/SYN443+1.p		Theorem	UNKNOWN		UNKNOWN		fof		(~((~hskp0|(ndr1_0&c1_1(a1)&c2_1(a1)&~c0_1(a1)))&(~hskp1|(ndr1_0&c0_1(a2)&c3_1(a2)&~c2_1(a2)))&(~hskp2|(ndr1_0&c0_1(a3)&c2_1(a3)&~c1_1(a3)))&(~hskp3|(ndr1_0&c3_1(a4)&~c0_1(a4)&~c1_1(a4)))&(~hskp4|(ndr1_0&c2_1(a5)&c3_1(a5)&~c1_1(a5)))&(~hskp5|(ndr1_0&c0_1(a6)&c2_1(a6)&~c3_1(a6)))&(~hskp6|(ndr1_0&c0_1(a8)&~c2_1(a8)&~c3_1(a8)))&(~hskp7|(ndr1_0&c1_1(a9)&~c0_1(a9)&~c2_1(a9)))&(~hskp8|(ndr1_0&c1_1(a11)&c2_1(a11)&~c3_1(a11)))&(~hskp9|(ndr1_0&c1_1(a12)&~c2_1(a12)&~c3_1(a12)))&(~hskp10|(ndr1_0&~c0_1(a18)&~c1_1(a18)&~c3_1(a18)))&(~hskp11|(ndr1_0&c0_1(a19)&c1_1(a19)&~c3_1(a19)))&(~hskp12|(ndr1_0&c0_1(a21)&~c1_1(a21)&~c3_1(a21)))&(~hskp13|(ndr1_0&~c0_1(a22)&~c2_1(a22)&~c3_1(a22)))&(~hskp14|(ndr1_0&~c0_1(a26)&~c1_1(a26)&~c2_1(a26)))&(~hskp15|(ndr1_0&c0_1(a27)&c1_1(a27)&~c2_1(a27)))&(~hskp16|(ndr1_0&c2_1(a31)&~c0_1(a31)&~c1_1(a31)))&(~hskp17|(ndr1_0&c3_1(a32)&~c0_1(a32)&~c2_1(a32)))&(~hskp18|(ndr1_0&c3_1(a34)&~c1_1(a34)&~c2_1(a34)))&(~hskp19|(ndr1_0&~c1_1(a36)&~c2_1(a36)&~c3_1(a36)))&(~hskp20|(ndr1_0&c1_1(a38)&c3_1(a38)&~c0_1(a38)))&(~hskp21|(ndr1_0&c2_1(a42)&c3_1(a42)&~c0_1(a42)))&(~hskp22|(ndr1_0&c2_1(a43)&~c1_1(a43)&~c3_1(a43)))&(~hskp23|(ndr1_0&c0_1(a52)&~c1_1(a52)&~c2_1(a52)))&(~hskp24|(ndr1_0&c0_1(a58)&c3_1(a58)&~c1_1(a58)))&(~hskp25|(ndr1_0&c1_1(a64)&c3_1(a64)&~c2_1(a64)))&(~hskp26|(ndr1_0&c2_1(a92)&~c0_1(a92)&~c3_1(a92)))&(~hskp27|(ndr1_0&c1_1(a10)&c2_1(a10)&c3_1(a10)))&(~hskp28|(ndr1_0&c0_1(a15)&c1_1(a15)&c3_1(a15)))&(~hskp29|(ndr1_0&c0_1(a25)&c1_1(a25)&c2_1(a25)))&(~hskp30|(ndr1_0&c0_1(a33)&c2_1(a33)&c3_1(a33)))&(![U]:(ndr1_0=>(c0_1(U)|c1_1(U)|c2_1(U)))|![V]:(ndr1_0=>(c0_1(V)|c1_1(V)|~c2_1(V)))|![W]:(ndr1_0=>(c1_1(W)|c3_1(W)|~c0_1(W))))&(![X]:(ndr1_0=>(c0_1(X)|c1_1(X)|c2_1(X)))|![Y]:(ndr1_0=>(c0_1(Y)|c2_1(Y)|c3_1(Y)))|hskp0)&(![Z]:(ndr1_0=>(c0_1(Z)|c1_1(Z)|c2_1(Z)))|![X1]:(ndr1_0=>(c1_1(X1)|c2_1(X1)|~c0_1(X1)))|![X2]:(ndr1_0=>(c2_1(X2)|c3_1(X2)|~c0_1(X2))))&(![X3]:(ndr1_0=>(c0_1(X3)|c1_1(X3)|c2_1(X3)))|![X4]:(ndr1_0=>(c1_1(X4)|~c0_1(X4)|~c2_1(X4)))|hskp1)&(![X5]:(ndr1_0=>(c0_1(X5)|c1_1(X5)|c2_1(X5)))|![X6]:(ndr1_0=>(c2_1(X6)|c3_1(X6)|~c0_1(X6)))|hskp2)&(![X7]:(ndr1_0=>(c0_1(X7)|c1_1(X7)|c3_1(X7)))|![X8]:(ndr1_0=>(c2_1(X8)|~c0_1(X8)|~c3_1(X8)))|hskp3)&(![X9]:(ndr1_0=>(c0_1(X9)|c1_1(X9)|c3_1(X9)))|hskp4)&(![X10]:(ndr1_0=>(c0_1(X10)|c1_1(X10)|~c2_1(X10)))|hskp5|hskp0)&(![X11]:(ndr1_0=>(c0_1(X11)|c1_1(X11)|~c3_1(X11)))|hskp6|hskp7)&(![X12]:(ndr1_0=>(c0_1(X12)|c1_1(X12)|~c3_1(X12)))|hskp27|hskp8)&(![X13]:(ndr1_0=>(c0_1(X13)|c1_1(X13)|~c3_1(X13)))|hskp9|hskp3)&(![X14]:(ndr1_0=>(c0_1(X14)|c2_1(X14)|~c1_1(X14)))|![X15]:(ndr1_0=>(c0_1(X15)|c2_1(X15)|~c3_1(X15)))|hskp6)&(![X16]:(ndr1_0=>(c0_1(X16)|c2_1(X16)|~c1_1(X16)))|![X17]:(ndr1_0=>(c0_1(X17)|~c1_1(X17)|~c2_1(X17)))|![X18]:(ndr1_0=>(c1_1(X18)|c3_1(X18)|~c0_1(X18))))&(![X19]:(ndr1_0=>(c0_1(X19)|c2_1(X19)|~c1_1(X19)))|hskp28|hskp27)&(![X20]:(ndr1_0=>(c0_1(X20)|c2_1(X20)|~c3_1(X20)))|![X21]:(ndr1_0=>(c1_1(X21)|c3_1(X21)|~c0_1(X21)))|hskp9)&(![X22]:(ndr1_0=>(c0_1(X22)|c2_1(X22)|~c3_1(X22)))|![X23]:(ndr1_0=>(~c0_1(X23)|~c2_1(X23)|~c3_1(X23)))|hskp10)&(![X24]:(ndr1_0=>(c0_1(X24)|c2_1(X24)|~c3_1(X24)))|hskp11|hskp6)&(![X25]:(ndr1_0=>(c0_1(X25)|c2_1(X25)|~c3_1(X25)))|hskp12|hskp13)&(![X26]:(ndr1_0=>(c0_1(X26)|c3_1(X26)|~c1_1(X26)))|![X27]:(ndr1_0=>(c1_1(X27)|c3_1(X27)|~c2_1(X27)))|hskp0)&(![X28]:(ndr1_0=>(c0_1(X28)|c3_1(X28)|~c2_1(X28)))|![X29]:(ndr1_0=>(c1_1(X29)|c3_1(X29)|~c0_1(X29)))|hskp3)&(![X30]:(ndr1_0=>(c0_1(X30)|c3_1(X30)|~c2_1(X30)))|hskp29|hskp14)&(![X31]:(ndr1_0=>(c0_1(X31)|~c1_1(X31)|~c2_1(X31)))|![X32]:(ndr1_0=>(c1_1(X32)|c3_1(X32)|~c2_1(X32)))|![X33]:(ndr1_0=>(c2_1(X33)|~c0_1(X33)|~c3_1(X33))))&(![X34]:(ndr1_0=>(c0_1(X34)|~c1_1(X34)|~c2_1(X34)))|hskp15|hskp4)&(![X35]:(ndr1_0=>(c0_1(X35)|~c2_1(X35)|~c3_1(X35)))|![X36]:(ndr1_0=>(c1_1(X36)|~c0_1(X36)|~c2_1(X36)))|![X37]:(ndr1_0=>(c3_1(X37)|~c0_1(X37)|~c2_1(X37))))&(![X38]:(ndr1_0=>(c0_1(X38)|~c2_1(X38)|~c3_1(X38)))|![X39]:(ndr1_0=>(c1_1(X39)|~c0_1(X39)|~c2_1(X39)))|hskp5)&(![X40]:(ndr1_0=>(c0_1(X40)|~c2_1(X40)|~c3_1(X40)))|hskp9|hskp16)&(![X41]:(ndr1_0=>(c1_1(X41)|c2_1(X41)|c3_1(X41)))|![X42]:(ndr1_0=>(c1_1(X42)|c3_1(X42)|~c0_1(X42)))|hskp17)&(![X43]:(ndr1_0=>(c1_1(X43)|c2_1(X43)|c3_1(X43)))|hskp30|hskp18)&(![X44]:(ndr1_0=>(c1_1(X44)|c2_1(X44)|c3_1(X44)))|hskp1|hskp19)&(![X45]:(ndr1_0=>(c1_1(X45)|c2_1(X45)|~c0_1(X45)))|hskp29|hskp20)&(![X46]:(ndr1_0=>(c1_1(X46)|c2_1(X46)|~c0_1(X46)))|hskp1|hskp13)&(![X47]:(ndr1_0=>(c1_1(X47)|c2_1(X47)|~c0_1(X47)))|hskp0|hskp21)&(![X48]:(ndr1_0=>(c1_1(X48)|c2_1(X48)|~c3_1(X48)))|![X49]:(ndr1_0=>(c1_1(X49)|~c2_1(X49)|~c3_1(X49)))|hskp22)&(![X50]:(ndr1_0=>(c1_1(X50)|c2_1(X50)|~c3_1(X50)))|![X51]:(ndr1_0=>(c3_1(X51)|~c0_1(X51)|~c1_1(X51)))|hskp0)&(![X52]:(ndr1_0=>(c1_1(X52)|c2_1(X52)|~c3_1(X52)))|![X53]:(ndr1_0=>(c3_1(X53)|~c0_1(X53)|~c2_1(X53)))|hskp5)&(![X54]:(ndr1_0=>(c1_1(X54)|c2_1(X54)|~c3_1(X54)))|![X55]:(ndr1_0=>(~c1_1(X55)|~c2_1(X55)|~c3_1(X55)))|hskp29)&(![X56]:(ndr1_0=>(c1_1(X56)|c3_1(X56)|~c0_1(X56)))|![X57]:(ndr1_0=>(~c0_1(X57)|~c2_1(X57)|~c3_1(X57)))|hskp29)&(![X58]:(ndr1_0=>(c1_1(X58)|~c0_1(X58)|~c2_1(X58)))|![X59]:(ndr1_0=>(c2_1(X59)|c3_1(X59)|~c0_1(X59)))|hskp13)&(![X60]:(ndr1_0=>(c1_1(X60)|~c0_1(X60)|~c2_1(X60)))|![X61]:(ndr1_0=>(c2_1(X61)|~c0_1(X61)|~c1_1(X61)))|![X62]:(ndr1_0=>(~c0_1(X62)|~c1_1(X62)|~c3_1(X62))))&(![X63]:(ndr1_0=>(c1_1(X63)|~c0_1(X63)|~c3_1(X63)))|![X64]:(ndr1_0=>(c3_1(X64)|~c0_1(X64)|~c1_1(X64)))|hskp16)&(![X65]:(ndr1_0=>(c1_1(X65)|~c2_1(X65)|~c3_1(X65)))|![X66]:(ndr1_0=>(~c1_1(X66)|~c2_1(X66)|~c3_1(X66)))|hskp19)&(![X67]:(ndr1_0=>(c1_1(X67)|~c2_1(X67)|~c3_1(X67)))|hskp2|hskp23)&(![X68]:(ndr1_0=>(c1_1(X68)|~c2_1(X68)|~c3_1(X68)))|hskp1|hskp0)&(![X69]:(ndr1_0=>(c2_1(X69)|c3_1(X69)|~c0_1(X69)))|![X70]:(ndr1_0=>(c2_1(X70)|c3_1(X70)|~c1_1(X70)))|hskp22)&(![X71]:(ndr1_0=>(c2_1(X71)|c3_1(X71)|~c0_1(X71)))|hskp2|hskp4)&(![X72]:(ndr1_0=>(c2_1(X72)|c3_1(X72)|~c1_1(X72)))|![X73]:(ndr1_0=>(c3_1(X73)|~c0_1(X73)|~c2_1(X73)))|hskp24)&(![X74]:(ndr1_0=>(c2_1(X74)|~c0_1(X74)|~c3_1(X74)))|hskp22|hskp19)&(![X75]:(ndr1_0=>(c2_1(X75)|~c1_1(X75)|~c3_1(X75)))|hskp18|hskp14)&(![X76]:(ndr1_0=>(c3_1(X76)|~c1_1(X76)|~c2_1(X76)))|hskp27|hskp25)&(![X77]:(ndr1_0=>(~c0_1(X77)|~c1_1(X77)|~c2_1(X77)))|![X78]:(ndr1_0=>(~c0_1(X78)|~c1_1(X78)|~c3_1(X78)))|![X79]:(ndr1_0=>(~c1_1(X79)|~c2_1(X79)|~c3_1(X79))))&(hskp28|hskp1|hskp9)&(hskp28|hskp7|hskp9)&(hskp15|hskp2|hskp25)&(hskp11|hskp20|hskp7)&(hskp11|hskp22)&(hskp30|hskp2|hskp18)&(hskp30|hskp27|hskp7)&(hskp30|hskp27|hskp17)&(hskp2|hskp24|hskp23)&(hskp7|hskp26|hskp18)))			
../../TPTP-v7.3.0/Problems/SYN/SYN324+1.p		CounterSatisfiable	UNKNOWN		UNKNOWN		fof		(?[X]:![Y]:((big_f(X,Y)<=>big_f(X,X))=>(big_f(X,Y)<=>big_f(Y,Y))))			
../../TPTP-v7.3.0/Problems/SYN/SYN138-1.p		Unsatisfiable	UNKNOWN		UNKNOWN		cnf					
../../TPTP-v7.3.0/Problems/SYN/SYN478-1.p		Unsatisfiable	UNKNOWN		UNKNOWN		cnf					
../../TPTP-v7.3.0/Problems/SYN/SYN689-1.p		Unsatisfiable	UNKNOWN		UNKNOWN		cnf					
../../TPTP-v7.3.0/Problems/SYN/SYN919+1.p		Theorem	UNKNOWN		UNKNOWN		fof		((![X,Y]:(r(X,Y)=>r(Y,X))&![X,Y,Z]:((r(X,Y)&r(Y,Z))=>r(X,Z)))=>![X,Y]:(r(X,Y)=>r(X,X)))			
../../TPTP-v7.3.0/Problems/SYN/SYN373+1.p		Theorem	UNKNOWN		UNKNOWN		fof		(?[X]:(big_p(X)=>big_q(X))<=>(![X]:big_p(X)=>?[X]:big_q(X)))			
../../TPTP-v7.3.0/Problems/SYN/SYN488-1.p		Unsatisfiable	UNKNOWN		UNKNOWN		cnf					
../../TPTP-v7.3.0/Problems/SYN/SYN065+1.p		Theorem	UNKNOWN		UNKNOWN		fof	(![X]:?[Y]:big_f(X,Y)),(![X]:?[Y]:big_g(X,Y)),(![X,Y]:((big_f(X,Y)|big_g(X,Y))=>![Z]:((big_f(Y,Z)|big_g(Y,Z))=>big_h(X,Z)))),(![X]:?[Y]:big_f(X,Y)),(![X]:?[Y]:big_g(X,Y)),(![X,Y]:((big_f(X,Y)|big_g(X,Y))=>![Z]:((big_f(Y,Z)|big_g(Y,Z))=>big_h(X,Z))))	(![X]:?[Y]:big_h(X,Y))			
../../TPTP-v7.3.0/Problems/SYN/SYN320-1.p		Satisfiable	UNKNOWN		UNKNOWN		cnf					
../../TPTP-v7.3.0/Problems/SYN/SYN726-1.p		Unsatisfiable	UNKNOWN		UNKNOWN		cnf					
../../TPTP-v7.3.0/Problems/SYN/SYN234-1.p		Unsatisfiable	UNKNOWN		UNKNOWN		cnf					
../../TPTP-v7.3.0/Problems/SYN/SYN504+1.p		Theorem	UNKNOWN		UNKNOWN		fof		(~((~hskp0|(ndr1_0&c0_1(a353)&c1_1(a353)&~c2_1(a353)))&(~hskp1|(ndr1_0&c0_1(a355)&c3_1(a355)&~c1_1(a355)))&(~hskp2|(ndr1_0&c0_1(a356)&c2_1(a356)&~c1_1(a356)))&(~hskp3|(ndr1_0&c1_1(a357)&c3_1(a357)&~c0_1(a357)))&(~hskp4|(ndr1_0&c2_1(a358)&~c0_1(a358)&~c3_1(a358)))&(~hskp5|(ndr1_0&~c0_1(a359)&~c1_1(a359)&~c3_1(a359)))&(~hskp6|(ndr1_0&~c1_1(a360)&~c2_1(a360)&~c3_1(a360)))&(~hskp7|(ndr1_0&c3_1(a361)&~c1_1(a361)&~c2_1(a361)))&(~hskp8|(ndr1_0&c1_1(a363)&c2_1(a363)&~c3_1(a363)))&(~hskp9|(ndr1_0&c2_1(a364)&~c0_1(a364)&~c1_1(a364)))&(~hskp10|(ndr1_0&~c0_1(a366)&~c2_1(a366)&~c3_1(a366)))&(~hskp11|(ndr1_0&c2_1(a368)&c3_1(a368)&~c1_1(a368)))&(~hskp12|(ndr1_0&c0_1(a369)&c3_1(a369)&~c2_1(a369)))&(~hskp13|(ndr1_0&c0_1(a370)&c2_1(a370)&~c3_1(a370)))&(~hskp14|(ndr1_0&c3_1(a375)&~c0_1(a375)&~c1_1(a375)))&(~hskp15|(ndr1_0&c0_1(a376)&~c1_1(a376)&~c2_1(a376)))&(~hskp16|(ndr1_0&c2_1(a379)&~c1_1(a379)&~c3_1(a379)))&(~hskp17|(ndr1_0&c0_1(a380)&c1_1(a380)&~c3_1(a380)))&(~hskp18|(ndr1_0&c3_1(a382)&~c0_1(a382)&~c2_1(a382)))&(~hskp19|(ndr1_0&~c0_1(a387)&~c1_1(a387)&~c2_1(a387)))&(~hskp20|(ndr1_0&c1_1(a388)&~c2_1(a388)&~c3_1(a388)))&(~hskp21|(ndr1_0&c1_1(a395)&~c0_1(a395)&~c2_1(a395)))&(~hskp22|(ndr1_0&c1_1(a397)&c2_1(a397)&~c0_1(a397)))&(~hskp23|(ndr1_0&c1_1(a398)&c3_1(a398)&~c2_1(a398)))&(~hskp24|(ndr1_0&c1_1(a399)&~c0_1(a399)&~c3_1(a399)))&(~hskp25|(ndr1_0&c0_1(a417)&~c1_1(a417)&~c3_1(a417)))&(~hskp26|(ndr1_0&c0_1(a418)&~c2_1(a418)&~c3_1(a418)))&(~hskp27|(ndr1_0&c2_1(a446)&c3_1(a446)&~c0_1(a446)))&(~hskp28|(ndr1_0&c1_1(a365)&c2_1(a365)&c3_1(a365)))&(~hskp29|(ndr1_0&c0_1(a372)&c1_1(a372)&c2_1(a372)))&(~hskp30|(ndr1_0&c0_1(a373)&c1_1(a373)&c3_1(a373)))&(~hskp31|(ndr1_0&c0_1(a410)&c2_1(a410)&c3_1(a410)))&(![U]:(ndr1_0=>(c0_1(U)|c1_1(U)|c2_1(U)))|![V]:(ndr1_0=>(c0_1(V)|c1_1(V)|c3_1(V)))|![W]:(ndr1_0=>(c0_1(W)|c1_1(W)|~c2_1(W))))&(![X]:(ndr1_0=>(c0_1(X)|c1_1(X)|c2_1(X)))|![Y]:(ndr1_0=>(c0_1(Y)|c1_1(Y)|~c3_1(Y)))|hskp0)&(![Z]:(ndr1_0=>(c0_1(Z)|c1_1(Z)|c2_1(Z)))|![X1]:(ndr1_0=>(c0_1(X1)|c2_1(X1)|c3_1(X1)))|![X2]:(ndr1_0=>(c2_1(X2)|~c0_1(X2)|~c3_1(X2))))&(![X3]:(ndr1_0=>(c0_1(X3)|c1_1(X3)|c2_1(X3)))|![X4]:(ndr1_0=>(c0_1(X4)|~c1_1(X4)|~c2_1(X4)))|hskp0)&(![X5]:(ndr1_0=>(c0_1(X5)|c1_1(X5)|c2_1(X5)))|![X6]:(ndr1_0=>(c2_1(X6)|c3_1(X6)|~c0_1(X6)))|hskp1)&(![X7]:(ndr1_0=>(c0_1(X7)|c1_1(X7)|c2_1(X7)))|![X8]:(ndr1_0=>(~c0_1(X8)|~c1_1(X8)|~c2_1(X8)))|hskp2)&(![X9]:(ndr1_0=>(c0_1(X9)|c1_1(X9)|c2_1(X9)))|hskp3|hskp4)&(![X10]:(ndr1_0=>(c0_1(X10)|c1_1(X10)|c2_1(X10)))|hskp5|hskp6)&(![X11]:(ndr1_0=>(c0_1(X11)|c1_1(X11)|c3_1(X11)))|![X12]:(ndr1_0=>(c0_1(X12)|c2_1(X12)|~c3_1(X12)))|hskp7)&(![X13]:(ndr1_0=>(c0_1(X13)|c1_1(X13)|c3_1(X13)))|![X14]:(ndr1_0=>(c1_1(X14)|c2_1(X14)|c3_1(X14)))|![X15]:(ndr1_0=>(c2_1(X15)|~c1_1(X15)|~c3_1(X15))))&(![X16]:(ndr1_0=>(c0_1(X16)|c1_1(X16)|c3_1(X16)))|![X17]:(ndr1_0=>(c1_1(X17)|c2_1(X17)|~c0_1(X17)))|![X18]:(ndr1_0=>(c2_1(X18)|c3_1(X18)|~c1_1(X18))))&(![X19]:(ndr1_0=>(c0_1(X19)|c1_1(X19)|~c2_1(X19)))|![X20]:(ndr1_0=>(c0_1(X20)|~c2_1(X20)|~c3_1(X20)))|hskp6)&(![X21]:(ndr1_0=>(c0_1(X21)|c1_1(X21)|~c2_1(X21)))|![X22]:(ndr1_0=>(c2_1(X22)|~c1_1(X22)|~c3_1(X22)))|hskp8)&(![X23]:(ndr1_0=>(c0_1(X23)|c1_1(X23)|~c2_1(X23)))|![X24]:(ndr1_0=>(~c0_1(X24)|~c1_1(X24)|~c2_1(X24)))|hskp9)&(![X25]:(ndr1_0=>(c0_1(X25)|c1_1(X25)|~c2_1(X25)))|![X26]:(ndr1_0=>(~c1_1(X26)|~c2_1(X26)|~c3_1(X26)))|hskp28)&(![X27]:(ndr1_0=>(c0_1(X27)|c1_1(X27)|~c3_1(X27)))|![X28]:(ndr1_0=>(c0_1(X28)|c3_1(X28)|~c2_1(X28)))|hskp10)&(![X29]:(ndr1_0=>(c0_1(X29)|c1_1(X29)|~c3_1(X29)))|hskp8|hskp11)&(![X30]:(ndr1_0=>(c0_1(X30)|c2_1(X30)|c3_1(X30)))|![X31]:(ndr1_0=>(c2_1(X31)|c3_1(X31)|~c1_1(X31)))|hskp12)&(![X32]:(ndr1_0=>(c0_1(X32)|c2_1(X32)|c3_1(X32)))|![X33]:(ndr1_0=>(~c1_1(X33)|~c2_1(X33)|~c3_1(X33)))|hskp13)&(![X34]:(ndr1_0=>(c0_1(X34)|c2_1(X34)|~c1_1(X34)))|![X35]:(ndr1_0=>(c0_1(X35)|c3_1(X35)|~c1_1(X35)))|hskp4)&(![X36]:(ndr1_0=>(c0_1(X36)|c2_1(X36)|~c1_1(X36)))|![X37]:(ndr1_0=>(c0_1(X37)|~c1_1(X37)|~c2_1(X37)))|![X38]:(ndr1_0=>(c2_1(X38)|~c1_1(X38)|~c3_1(X38))))&(![X39]:(ndr1_0=>(c0_1(X39)|c2_1(X39)|~c1_1(X39)))|hskp29|hskp30)&(![X40]:(ndr1_0=>(c0_1(X40)|c2_1(X40)|~c1_1(X40)))|hskp1|hskp14)&(![X41]:(ndr1_0=>(c0_1(X41)|c2_1(X41)|~c3_1(X41)))|![X42]:(ndr1_0=>(c0_1(X42)|~c1_1(X42)|~c2_1(X42)))|hskp15)&(![X43]:(ndr1_0=>(c0_1(X43)|c2_1(X43)|~c3_1(X43)))|![X44]:(ndr1_0=>(c3_1(X44)|~c1_1(X44)|~c2_1(X44)))|hskp5)&(![X45]:(ndr1_0=>(c0_1(X45)|c2_1(X45)|~c3_1(X45)))|![X46]:(ndr1_0=>(~c0_1(X46)|~c1_1(X46)|~c2_1(X46)))|![X47]:(ndr1_0=>(~c0_1(X47)|~c1_1(X47)|~c3_1(X47))))&(![X48]:(ndr1_0=>(c0_1(X48)|c2_1(X48)|~c3_1(X48)))|![X49]:(ndr1_0=>(~c0_1(X49)|~c2_1(X49)|~c3_1(X49)))|hskp4)&(![X50]:(ndr1_0=>(c0_1(X50)|c2_1(X50)|~c3_1(X50)))|![X51]:(ndr1_0=>(~c1_1(X51)|~c2_1(X51)|~c3_1(X51)))|hskp16)&(![X52]:(ndr1_0=>(c0_1(X52)|c2_1(X52)|~c3_1(X52)))|hskp17)&(![X53]:(ndr1_0=>(c0_1(X53)|c2_1(X53)|~c3_1(X53)))|hskp2|hskp18)&(![X54]:(ndr1_0=>(c0_1(X54)|c3_1(X54)|~c1_1(X54)))|![X55]:(ndr1_0=>(c1_1(X55)|c2_1(X55)|~c0_1(X55)))|hskp11)&(![X56]:(ndr1_0=>(c0_1(X56)|c3_1(X56)|~c1_1(X56)))|![X57]:(ndr1_0=>(c1_1(X57)|c3_1(X57)|~c0_1(X57)))|hskp3)&(![X58]:(ndr1_0=>(c0_1(X58)|c3_1(X58)|~c1_1(X58)))|![X59]:(ndr1_0=>(c1_1(X59)|~c0_1(X59)|~c2_1(X59)))|hskp28)&(![X60]:(ndr1_0=>(c0_1(X60)|c3_1(X60)|~c2_1(X60)))|![X61]:(ndr1_0=>(c3_1(X61)|~c0_1(X61)|~c2_1(X61)))|![X62]:(ndr1_0=>(~c1_1(X62)|~c2_1(X62)|~c3_1(X62))))&(![X63]:(ndr1_0=>(c0_1(X63)|c3_1(X63)|~c2_1(X63)))|hskp28|hskp19)&(![X64]:(ndr1_0=>(c0_1(X64)|~c1_1(X64)|~c3_1(X64)))|![X65]:(ndr1_0=>(c1_1(X65)|c2_1(X65)|c3_1(X65)))|hskp20)&(![X66]:(ndr1_0=>(c0_1(X66)|~c1_1(X66)|~c3_1(X66)))|![X67]:(ndr1_0=>(c1_1(X67)|c2_1(X67)|~c3_1(X67)))|![X68]:(ndr1_0=>(c3_1(X68)|~c0_1(X68)|~c2_1(X68))))&(![X69]:(ndr1_0=>(c0_1(X69)|~c1_1(X69)|~c3_1(X69)))|![X70]:(ndr1_0=>(~c1_1(X70)|~c2_1(X70)|~c3_1(X70)))|hskp17)&(![X71]:(ndr1_0=>(c0_1(X71)|~c1_1(X71)|~c3_1(X71)))|hskp2|hskp15)&(![X72]:(ndr1_0=>(c0_1(X72)|~c2_1(X72)|~c3_1(X72)))|![X73]:(ndr1_0=>(c2_1(X73)|c3_1(X73)|~c1_1(X73)))|hskp10)&(![X74]:(ndr1_0=>(c0_1(X74)|~c2_1(X74)|~c3_1(X74)))|![X75]:(ndr1_0=>(~c1_1(X75)|~c2_1(X75)|~c3_1(X75)))|hskp16)&(![X76]:(ndr1_0=>(c0_1(X76)|~c2_1(X76)|~c3_1(X76)))|hskp0)&(![X77]:(ndr1_0=>(c0_1(X77)|~c2_1(X77)|~c3_1(X77)))|hskp21|hskp4)&(![X78]:(ndr1_0=>(c1_1(X78)|c2_1(X78)|~c0_1(X78)))|![X79]:(ndr1_0=>(~c1_1(X79)|~c2_1(X79)|~c3_1(X79)))|hskp22)&(![X80]:(ndr1_0=>(c1_1(X80)|c2_1(X80)|~c3_1(X80)))|![X81]:(ndr1_0=>(c1_1(X81)|~c0_1(X81)|~c3_1(X81)))|hskp23)&(![X82]:(ndr1_0=>(c1_1(X82)|c2_1(X82)|~c3_1(X82)))|hskp24|hskp6)&(![X83]:(ndr1_0=>(c1_1(X83)|c2_1(X83)|~c3_1(X83)))|hskp9|hskp19)&(![X84]:(ndr1_0=>(c1_1(X84)|c3_1(X84)|~c0_1(X84)))|![X85]:(ndr1_0=>(c3_1(X85)|~c1_1(X85)|~c2_1(X85)))|hskp16)&(![X86]:(ndr1_0=>(c1_1(X86)|c3_1(X86)|~c0_1(X86)))|hskp29|hskp8)&(![X87]:(ndr1_0=>(c1_1(X87)|c3_1(X87)|~c0_1(X87)))|hskp3|hskp19)&(![X88]:(ndr1_0=>(c1_1(X88)|c3_1(X88)|~c2_1(X88)))|![X89]:(ndr1_0=>(c1_1(X89)|~c2_1(X89)|~c3_1(X89)))|![X90]:(ndr1_0=>(c3_1(X90)|~c1_1(X90)|~c2_1(X90))))&(![X91]:(ndr1_0=>(c1_1(X91)|c3_1(X91)|~c2_1(X91)))|![X92]:(ndr1_0=>(~c0_1(X92)|~c1_1(X92)|~c3_1(X92)))|![X93]:(ndr1_0=>(~c0_1(X93)|~c2_1(X93)|~c3_1(X93))))&(![X94]:(ndr1_0=>(c1_1(X94)|~c0_1(X94)|~c2_1(X94)))|hskp12|hskp8)&(![X95]:(ndr1_0=>(c1_1(X95)|~c0_1(X95)|~c3_1(X95)))|![X96]:(ndr1_0=>(c2_1(X96)|c3_1(X96)|~c0_1(X96)))|hskp31)&(![X97]:(ndr1_0=>(c1_1(X97)|~c2_1(X97)|~c3_1(X97)))|hskp30|hskp23)&(![X98]:(ndr1_0=>(c1_1(X98)|~c2_1(X98)|~c3_1(X98)))|hskp24|hskp19)&(![X99]:(ndr1_0=>(c2_1(X99)|c3_1(X99)|~c0_1(X99)))|![X100]:(ndr1_0=>(c3_1(X100)|~c0_1(X100)|~c2_1(X100)))|hskp31)&(![X101]:(ndr1_0=>(c2_1(X101)|c3_1(X101)|~c0_1(X101)))|hskp2|hskp25)&(![X102]:(ndr1_0=>(c2_1(X102)|c3_1(X102)|~c0_1(X102)))|hskp26)&(![X103]:(ndr1_0=>(c2_1(X103)|c3_1(X103)|~c1_1(X103)))|![X104]:(ndr1_0=>(c2_1(X104)|~c0_1(X104)|~c1_1(X104)))|![X105]:(ndr1_0=>(c2_1(X105)|~c1_1(X105)|~c3_1(X105))))&(![X106]:(ndr1_0=>(c2_1(X106)|c3_1(X106)|~c1_1(X106)))|![X107]:(ndr1_0=>(~c0_1(X107)|~c2_1(X107)|~c3_1(X107)))|hskp28)&(![X108]:(ndr1_0=>(c2_1(X108)|~c1_1(X108)|~c3_1(X108)))|hskp2|hskp19)&(![X109]:(ndr1_0=>(c3_1(X109)|~c0_1(X109)|~c1_1(X109)))|hskp29|hskp12)&(![X110]:(ndr1_0=>(c3_1(X110)|~c0_1(X110)|~c1_1(X110)))|hskp17|hskp16)&(![X111]:(ndr1_0=>(c3_1(X111)|~c0_1(X111)|~c2_1(X111)))|![X112]:(ndr1_0=>(~c0_1(X112)|~c2_1(X112)|~c3_1(X112)))|hskp16)&(![X113]:(ndr1_0=>(c3_1(X113)|~c0_1(X113)|~c2_1(X113)))|![X114]:(ndr1_0=>(~c1_1(X114)|~c2_1(X114)|~c3_1(X114)))|hskp6)&(![X115]:(ndr1_0=>(~c0_1(X115)|~c1_1(X115)|~c2_1(X115)))|hskp22|hskp20)&(![X116]:(ndr1_0=>(~c0_1(X116)|~c1_1(X116)|~c3_1(X116)))|hskp30|hskp22)&(![X117]:(ndr1_0=>(~c0_1(X117)|~c2_1(X117)|~c3_1(X117)))|hskp29|hskp10)&(![X118]:(ndr1_0=>(~c0_1(X118)|~c2_1(X118)|~c3_1(X118)))|hskp31|hskp18)&(![X119]:(ndr1_0=>(~c1_1(X119)|~c2_1(X119)|~c3_1(X119)))|hskp24|hskp10)&(![X120]:(ndr1_0=>(~c1_1(X120)|~c2_1(X120)|~c3_1(X120)))|hskp11)&(hskp29|hskp13|hskp15)&(hskp17|hskp1|hskp11)&(hskp13|hskp27|hskp4)&(hskp15|hskp11|hskp16)&(hskp25|hskp8|hskp11)&(hskp21|hskp18|hskp6)&(hskp24|hskp11|hskp4)&(hskp4|hskp6)))			
../../TPTP-v7.3.0/Problems/SYN/SYN455+1.p		Theorem	UNKNOWN		UNKNOWN		fof		(~((~hskp0|(ndr1_0&~c0_1(a901)&~c1_1(a901)&~c3_1(a901)))&(~hskp1|(ndr1_0&c0_1(a902)&c2_1(a902)&~c1_1(a902)))&(~hskp2|(ndr1_0&c0_1(a903)&~c2_1(a903)&~c3_1(a903)))&(~hskp3|(ndr1_0&c0_1(a904)&~c1_1(a904)&~c2_1(a904)))&(~hskp4|(ndr1_0&c3_1(a905)&~c0_1(a905)&~c2_1(a905)))&(~hskp5|(ndr1_0&c0_1(a906)&c2_1(a906)&~c3_1(a906)))&(~hskp6|(ndr1_0&c0_1(a907)&c1_1(a907)&~c2_1(a907)))&(~hskp7|(ndr1_0&c1_1(a908)&~c2_1(a908)&~c3_1(a908)))&(~hskp8|(ndr1_0&c1_1(a909)&~c0_1(a909)&~c3_1(a909)))&(~hskp9|(ndr1_0&c2_1(a910)&~c1_1(a910)&~c3_1(a910)))&(~hskp10|(ndr1_0&c1_1(a912)&c2_1(a912)&~c0_1(a912)))&(~hskp11|(ndr1_0&c0_1(a914)&c3_1(a914)&~c2_1(a914)))&(~hskp12|(ndr1_0&c1_1(a917)&c3_1(a917)&~c2_1(a917)))&(~hskp13|(ndr1_0&c2_1(a921)&~c0_1(a921)&~c3_1(a921)))&(~hskp14|(ndr1_0&c3_1(a923)&~c0_1(a923)&~c1_1(a923)))&(~hskp15|(ndr1_0&c2_1(a924)&~c0_1(a924)&~c1_1(a924)))&(~hskp16|(ndr1_0&c1_1(a926)&c2_1(a926)&~c3_1(a926)))&(~hskp17|(ndr1_0&~c1_1(a936)&~c2_1(a936)&~c3_1(a936)))&(~hskp18|(ndr1_0&c1_1(a937)&~c0_1(a937)&~c2_1(a937)))&(~hskp19|(ndr1_0&c2_1(a938)&c3_1(a938)&~c0_1(a938)))&(~hskp20|(ndr1_0&c0_1(a939)&~c1_1(a939)&~c3_1(a939)))&(~hskp21|(ndr1_0&~c0_1(a946)&~c2_1(a946)&~c3_1(a946)))&(~hskp22|(ndr1_0&c2_1(a949)&c3_1(a949)&~c1_1(a949)))&(~hskp23|(ndr1_0&c1_1(a954)&c3_1(a954)&~c0_1(a954)))&(~hskp24|(ndr1_0&~c0_1(a959)&~c1_1(a959)&~c2_1(a959)))&(~hskp25|(ndr1_0&c0_1(a960)&c3_1(a960)&~c1_1(a960)))&(~hskp26|(ndr1_0&c0_1(a979)&c1_1(a979)&~c3_1(a979)))&(~hskp27|(ndr1_0&c1_1(a900)&c2_1(a900)&c3_1(a900)))&(~hskp28|(ndr1_0&c0_1(a916)&c1_1(a916)&c3_1(a916)))&(~hskp29|(ndr1_0&c0_1(a933)&c2_1(a933)&c3_1(a933)))&(~hskp30|(ndr1_0&c0_1(a942)&c1_1(a942)&c2_1(a942)))&(![U]:(ndr1_0=>(c0_1(U)|c1_1(U)|c2_1(U)))|![V]:(ndr1_0=>(c0_1(V)|c2_1(V)|~c3_1(V)))|![W]:(ndr1_0=>(~c0_1(W)|~c1_1(W)|~c3_1(W))))&(![X]:(ndr1_0=>(c0_1(X)|c1_1(X)|c2_1(X)))|![Y]:(ndr1_0=>(c0_1(Y)|c3_1(Y)|~c2_1(Y)))|![Z]:(ndr1_0=>(c1_1(Z)|c3_1(Z)|~c0_1(Z))))&(![X1]:(ndr1_0=>(c0_1(X1)|c1_1(X1)|c2_1(X1)))|![X2]:(ndr1_0=>(c0_1(X2)|~c1_1(X2)|~c3_1(X2)))|hskp27)&(![X3]:(ndr1_0=>(c0_1(X3)|c1_1(X3)|c2_1(X3)))|![X4]:(ndr1_0=>(c2_1(X4)|~c0_1(X4)|~c3_1(X4)))|hskp0)&(![X5]:(ndr1_0=>(c0_1(X5)|c1_1(X5)|c2_1(X5)))|![X6]:(ndr1_0=>(c3_1(X6)|~c0_1(X6)|~c2_1(X6)))|![X7]:(ndr1_0=>(c3_1(X7)|~c1_1(X7)|~c2_1(X7))))&(![X8]:(ndr1_0=>(c0_1(X8)|c1_1(X8)|c2_1(X8)))|hskp1|hskp2)&(![X9]:(ndr1_0=>(c0_1(X9)|c1_1(X9)|c3_1(X9)))|![X10]:(ndr1_0=>(c0_1(X10)|c2_1(X10)|c3_1(X10)))|![X11]:(ndr1_0=>(c2_1(X11)|c3_1(X11)|~c0_1(X11))))&(![X12]:(ndr1_0=>(c0_1(X12)|c1_1(X12)|c3_1(X12)))|![X13]:(ndr1_0=>(c0_1(X13)|~c1_1(X13)|~c2_1(X13)))|![X14]:(ndr1_0=>(c2_1(X14)|c3_1(X14)|~c0_1(X14))))&(![X15]:(ndr1_0=>(c0_1(X15)|c1_1(X15)|~c2_1(X15)))|hskp3|hskp4)&(![X16]:(ndr1_0=>(c0_1(X16)|c1_1(X16)|~c3_1(X16)))|![X17]:(ndr1_0=>(~c1_1(X17)|~c2_1(X17)|~c3_1(X17)))|hskp5)&(![X18]:(ndr1_0=>(c0_1(X18)|c1_1(X18)|~c3_1(X18)))|hskp6|hskp7)&(![X19]:(ndr1_0=>(c0_1(X19)|c2_1(X19)|c3_1(X19)))|![X20]:(ndr1_0=>(c0_1(X20)|~c1_1(X20)|~c3_1(X20)))|hskp8)&(![X21]:(ndr1_0=>(c0_1(X21)|c2_1(X21)|c3_1(X21)))|![X22]:(ndr1_0=>(c1_1(X22)|c2_1(X22)|~c0_1(X22)))|hskp9)&(![X23]:(ndr1_0=>(c0_1(X23)|c2_1(X23)|c3_1(X23)))|hskp27|hskp10)&(![X24]:(ndr1_0=>(c0_1(X24)|c3_1(X24)|~c1_1(X24)))|hskp6|hskp11)&(![X25]:(ndr1_0=>(c0_1(X25)|c3_1(X25)|~c2_1(X25)))|![X26]:(ndr1_0=>(c0_1(X26)|~c2_1(X26)|~c3_1(X26)))|hskp5)&(![X27]:(ndr1_0=>(c0_1(X27)|c3_1(X27)|~c2_1(X27)))|hskp28|hskp12)&(![X28]:(ndr1_0=>(c0_1(X28)|c3_1(X28)|~c2_1(X28)))|hskp2|hskp0)&(![X29]:(ndr1_0=>(c0_1(X29)|~c1_1(X29)|~c2_1(X29)))|![X30]:(ndr1_0=>(c1_1(X30)|c3_1(X30)|~c2_1(X30)))|![X31]:(ndr1_0=>(c2_1(X31)|~c1_1(X31)|~c3_1(X31))))&(![X32]:(ndr1_0=>(c0_1(X32)|~c1_1(X32)|~c2_1(X32)))|hskp3|hskp13)&(![X33]:(ndr1_0=>(c0_1(X33)|~c1_1(X33)|~c2_1(X33)))|hskp7|hskp14)&(![X34]:(ndr1_0=>(c0_1(X34)|~c2_1(X34)|~c3_1(X34)))|![X35]:(ndr1_0=>(~c1_1(X35)|~c2_1(X35)|~c3_1(X35)))|hskp15)&(![X36]:(ndr1_0=>(c0_1(X36)|~c2_1(X36)|~c3_1(X36)))|hskp28|hskp16)&(![X37]:(ndr1_0=>(c0_1(X37)|~c2_1(X37)|~c3_1(X37)))|hskp7|hskp13)&(![X38]:(ndr1_0=>(c1_1(X38)|c2_1(X38)|c3_1(X38)))|hskp11|hskp27)&(![X39]:(ndr1_0=>(c1_1(X39)|c2_1(X39)|c3_1(X39)))|hskp27|hskp9)&(![X40]:(ndr1_0=>(c1_1(X40)|c2_1(X40)|~c0_1(X40)))|![X41]:(ndr1_0=>(c1_1(X41)|~c0_1(X41)|~c3_1(X41)))|hskp29)&(![X42]:(ndr1_0=>(c1_1(X42)|c2_1(X42)|~c0_1(X42)))|![X43]:(ndr1_0=>(~c0_1(X43)|~c1_1(X43)|~c3_1(X43)))|hskp15)&(![X44]:(ndr1_0=>(c1_1(X44)|c2_1(X44)|~c0_1(X44)))|hskp12|hskp17)&(![X45]:(ndr1_0=>(c1_1(X45)|c2_1(X45)|~c0_1(X45)))|hskp18|hskp19)&(![X46]:(ndr1_0=>(c1_1(X46)|c2_1(X46)|~c3_1(X46)))|hskp20|hskp18)&(![X47]:(ndr1_0=>(c1_1(X47)|c3_1(X47)|~c0_1(X47)))|![X48]:(ndr1_0=>(~c0_1(X48)|~c2_1(X48)|~c3_1(X48)))|hskp9)&(![X49]:(ndr1_0=>(c1_1(X49)|c3_1(X49)|~c0_1(X49)))|hskp30|hskp7)&(![X50]:(ndr1_0=>(c1_1(X50)|~c0_1(X50)|~c2_1(X50)))|![X51]:(ndr1_0=>(c2_1(X51)|c3_1(X51)|~c1_1(X51)))|hskp27)&(![X52]:(ndr1_0=>(c1_1(X52)|~c0_1(X52)|~c2_1(X52)))|![X53]:(ndr1_0=>(c2_1(X53)|~c0_1(X53)|~c1_1(X53)))|hskp0)&(![X54]:(ndr1_0=>(c1_1(X54)|~c0_1(X54)|~c3_1(X54)))|![X55]:(ndr1_0=>(c2_1(X55)|c3_1(X55)|~c1_1(X55)))|hskp21)&(![X56]:(ndr1_0=>(c1_1(X56)|~c0_1(X56)|~c3_1(X56)))|![X57]:(ndr1_0=>(~c0_1(X57)|~c1_1(X57)|~c3_1(X57)))|hskp1)&(![X58]:(ndr1_0=>(c1_1(X58)|~c0_1(X58)|~c3_1(X58)))|hskp28)&(![X59]:(ndr1_0=>(c2_1(X59)|c3_1(X59)|~c0_1(X59)))|![X60]:(ndr1_0=>(c2_1(X60)|~c1_1(X60)|~c3_1(X60)))|hskp22)&(![X61]:(ndr1_0=>(c2_1(X61)|c3_1(X61)|~c0_1(X61)))|![X62]:(ndr1_0=>(c3_1(X62)|~c0_1(X62)|~c1_1(X62)))|hskp0)&(![X63]:(ndr1_0=>(c2_1(X63)|c3_1(X63)|~c0_1(X63)))|hskp6|hskp14)&(![X64]:(ndr1_0=>(c2_1(X64)|c3_1(X64)|~c0_1(X64)))|hskp1|hskp23)&(![X65]:(ndr1_0=>(c2_1(X65)|c3_1(X65)|~c1_1(X65)))|![X66]:(ndr1_0=>(c2_1(X66)|~c1_1(X66)|~c3_1(X66))))&(![X67]:(ndr1_0=>(c2_1(X67)|c3_1(X67)|~c1_1(X67)))|![X68]:(ndr1_0=>(c3_1(X68)|~c0_1(X68)|~c2_1(X68)))|![X69]:(ndr1_0=>(~c0_1(X69)|~c1_1(X69)|~c3_1(X69))))&(![X70]:(ndr1_0=>(c2_1(X70)|c3_1(X70)|~c1_1(X70)))|![X71]:(ndr1_0=>(~c1_1(X71)|~c2_1(X71)|~c3_1(X71)))|hskp16)&(![X72]:(ndr1_0=>(c2_1(X72)|c3_1(X72)|~c1_1(X72)))|hskp30|hskp9)&(![X73]:(ndr1_0=>(c2_1(X73)|~c0_1(X73)|~c1_1(X73)))|hskp30|hskp24)&(![X74]:(ndr1_0=>(c2_1(X74)|~c0_1(X74)|~c3_1(X74)))|![X75]:(ndr1_0=>(c3_1(X75)|~c0_1(X75)|~c1_1(X75)))|hskp25)&(![X76]:(ndr1_0=>(c2_1(X76)|~c0_1(X76)|~c3_1(X76)))|hskp1|hskp10)&(![X77]:(ndr1_0=>(c2_1(X77)|~c0_1(X77)|~c3_1(X77)))|hskp5|hskp7)&(![X78]:(ndr1_0=>(c2_1(X78)|~c1_1(X78)|~c3_1(X78)))|hskp25|hskp21)&(![X79]:(ndr1_0=>(c2_1(X79)|~c1_1(X79)|~c3_1(X79)))|hskp10|hskp21)&(![X80]:(ndr1_0=>(c3_1(X80)|~c0_1(X80)|~c1_1(X80)))|hskp27|hskp13)&(![X81]:(ndr1_0=>(c3_1(X81)|~c0_1(X81)|~c2_1(X81)))|hskp30|hskp17)&(![X82]:(ndr1_0=>(c3_1(X82)|~c1_1(X82)|~c2_1(X82)))|hskp20|hskp8)&(![X83]:(ndr1_0=>(~c0_1(X83)|~c2_1(X83)|~c3_1(X83)))|hskp23|hskp15)&(![X84]:(ndr1_0=>(~c1_1(X84)|~c2_1(X84)|~c3_1(X84)))|hskp11|hskp12)&(hskp26|hskp5|hskp21)&(hskp20|hskp14|hskp4)&(hskp12|hskp13|hskp21)))			
../../TPTP-v7.3.0/Problems/SYN/SYN053+1.p		Theorem	UNKNOWN		UNKNOWN		fof		(![X]:(p|big_f(X))<=>(p|![X1]:big_f(X1)))			
../../TPTP-v7.3.0/Problems/SYN/SYN147-1.p		Unsatisfiable	UNKNOWN		UNKNOWN		cnf					
../../TPTP-v7.3.0/Problems/SYN/SYN323+1.p		Theorem	UNKNOWN		UNKNOWN		fof		(?[Y]:(![X]:((big_f(X,Y)=>big_f(Y,X))=>big_g(X,Y))=>~(![X]:((big_f(X,Y)=>big_f(Y,X))=>~big_g(X,Y)))))			
../../TPTP-v7.3.0/Problems/SYN/SYN218-1.p		Unsatisfiable	UNKNOWN		UNKNOWN		cnf					
../../TPTP-v7.3.0/Problems/SYN/SYN446-1.p		Satisfiable	UNKNOWN		UNKNOWN		cnf					
../../TPTP-v7.3.0/Problems/SYN/SYN008-1.p		Unsatisfiable	UNKNOWN		UNKNOWN		cnf					
../../TPTP-v7.3.0/Problems/SYN/SYN102-1.007.007.p		Unsatisfiable	UNKNOWN		UNKNOWN		cnf	(p_0(X_1,X_2,X_3,X_4,X_5,X_6,X_7)|~p_1(X_1,X_2,X_3,X_4,X_5,X_6,X_7)|~p_2(X_1,X_2,X_3,X_4,X_5,X_6,X_7)),(p_0(X_1,X_2,X_3,X_4,X_5,X_6,X_7)|~q_1(X_1,X_2,X_3,X_4,X_5,X_6,X_7)|~q_2(X_1,X_2,X_3,X_4,X_5,X_6,X_7)),(p_1(X_1,X_2,X_3,X_4,X_5,X_6,X_7)|~p_2(X_1,X_2,X_3,X_4,X_5,X_6,X_7)|~p_3(X_1,X_2,X_3,X_4,X_5,X_6,X_7)),(p_1(X_1,X_2,X_3,X_4,X_5,X_6,X_7)|~q_2(X_1,X_2,X_3,X_4,X_5,X_6,X_7)|~q_3(X_1,X_2,X_3,X_4,X_5,X_6,X_7)),(p_2(X_1,X_2,X_3,X_4,X_5,X_6,X_7)|~p_3(X_1,X_2,X_3,X_4,X_5,X_6,X_7)|~p_4(X_1,X_2,X_3,X_4,X_5,X_6,X_7)),(p_2(X_1,X_2,X_3,X_4,X_5,X_6,X_7)|~q_3(X_1,X_2,X_3,X_4,X_5,X_6,X_7)|~q_4(X_1,X_2,X_3,X_4,X_5,X_6,X_7)),(p_3(X_1,X_2,X_3,X_4,X_5,X_6,X_7)|~p_4(X_1,X_2,X_3,X_4,X_5,X_6,X_7)|~p_5(X_1,X_2,X_3,X_4,X_5,X_6,X_7)),(p_3(X_1,X_2,X_3,X_4,X_5,X_6,X_7)|~q_4(X_1,X_2,X_3,X_4,X_5,X_6,X_7)|~q_5(X_1,X_2,X_3,X_4,X_5,X_6,X_7)),(p_4(X_1,X_2,X_3,X_4,X_5,X_6,X_7)|~p_5(X_1,X_2,X_3,X_4,X_5,X_6,X_7)|~p_6(X_1,X_2,X_3,X_4,X_5,X_6,X_7)),(p_4(X_1,X_2,X_3,X_4,X_5,X_6,X_7)|~q_5(X_1,X_2,X_3,X_4,X_5,X_6,X_7)|~q_6(X_1,X_2,X_3,X_4,X_5,X_6,X_7)),(p_5(X_1,X_2,X_3,X_4,X_5,X_6,X_7)|~p_6(X_1,X_2,X_3,X_4,X_5,X_6,X_7)|~p_7(X_1,X_2,X_3,X_4,X_5,X_6,X_7)),(p_5(X_1,X_2,X_3,X_4,X_5,X_6,X_7)|~q_6(X_1,X_2,X_3,X_4,X_5,X_6,X_7)|~q_7(X_1,X_2,X_3,X_4,X_5,X_6,X_7)),(p_6(X_1,X_2,X_3,X_4,X_5,X_6,X_7)|~p_7(X_1,X_2,X_3,X_4,X_5,X_6,X_7)|~p_8(X_1,X_2,X_3,X_4,X_5,X_6,X_7)),(p_6(X_1,X_2,X_3,X_4,X_5,X_6,X_7)|~q_7(X_1,X_2,X_3,X_4,X_5,X_6,X_7)|~q_8(X_1,X_2,X_3,X_4,X_5,X_6,X_7)),(p_7(X_1,X_2,X_3,X_4,X_5,X_6,X_7)|~p_8(X_1,X_2,X_3,X_4,X_5,X_6,X_7)|~p_9(X_1,X_2,X_3,X_4,X_5,X_6,X_7)),(p_7(X_1,X_2,X_3,X_4,X_5,X_6,X_7)|~q_8(X_1,X_2,X_3,X_4,X_5,X_6,X_7)|~q_9(X_1,X_2,X_3,X_4,X_5,X_6,X_7)),(p_8(X_1,X_2,X_3,X_4,X_5,X_6,X_7)|~p_9(X_1,X_2,X_3,X_4,X_5,X_6,X_7)|~p_10(X_1,X_2,X_3,X_4,X_5,X_6,X_7)),(p_8(X_1,X_2,X_3,X_4,X_5,X_6,X_7)|~q_9(X_1,X_2,X_3,X_4,X_5,X_6,X_7)|~q_10(X_1,X_2,X_3,X_4,X_5,X_6,X_7)),(p_9(X_1,X_2,X_3,X_4,X_5,X_6,X_7)|~p_10(X_1,X_2,X_3,X_4,X_5,X_6,X_7)|~p_11(X_1,X_2,X_3,X_4,X_5,X_6,X_7)),(p_9(X_1,X_2,X_3,X_4,X_5,X_6,X_7)|~q_10(X_1,X_2,X_3,X_4,X_5,X_6,X_7)|~q_11(X_1,X_2,X_3,X_4,X_5,X_6,X_7)),(p_10(X_1,X_2,X_3,X_4,X_5,X_6,X_7)|~p_11(X_1,X_2,X_3,X_4,X_5,X_6,X_7)|~p_12(X_1,X_2,X_3,X_4,X_5,X_6,X_7)),(p_10(X_1,X_2,X_3,X_4,X_5,X_6,X_7)|~q_11(X_1,X_2,X_3,X_4,X_5,X_6,X_7)|~q_12(X_1,X_2,X_3,X_4,X_5,X_6,X_7)),(p_11(X_1,X_2,X_3,X_4,X_5,X_6,X_7)|~p_12(X_1,X_2,X_3,X_4,X_5,X_6,X_7)|~p_13(X_1,X_2,X_3,X_4,X_5,X_6,X_7)),(p_11(X_1,X_2,X_3,X_4,X_5,X_6,X_7)|~q_12(X_1,X_2,X_3,X_4,X_5,X_6,X_7)|~q_13(X_1,X_2,X_3,X_4,X_5,X_6,X_7)),(q_0(X_1,X_2,X_3,X_4,X_5,X_6,X_7)|~p_1(X_1,X_2,X_3,X_4,X_5,X_6,X_7)|~q_2(X_1,X_2,X_3,X_4,X_5,X_6,X_7)),(q_0(X_1,X_2,X_3,X_4,X_5,X_6,X_7)|~q_1(X_1,X_2,X_3,X_4,X_5,X_6,X_7)|~p_2(X_1,X_2,X_3,X_4,X_5,X_6,X_7)),(q_1(X_1,X_2,X_3,X_4,X_5,X_6,X_7)|~p_2(X_1,X_2,X_3,X_4,X_5,X_6,X_7)|~q_3(X_1,X_2,X_3,X_4,X_5,X_6,X_7)),(q_1(X_1,X_2,X_3,X_4,X_5,X_6,X_7)|~q_2(X_1,X_2,X_3,X_4,X_5,X_6,X_7)|~p_3(X_1,X_2,X_3,X_4,X_5,X_6,X_7)),(q_2(X_1,X_2,X_3,X_4,X_5,X_6,X_7)|~p_3(X_1,X_2,X_3,X_4,X_5,X_6,X_7)|~q_4(X_1,X_2,X_3,X_4,X_5,X_6,X_7)),(q_2(X_1,X_2,X_3,X_4,X_5,X_6,X_7)|~q_3(X_1,X_2,X_3,X_4,X_5,X_6,X_7)|~p_4(X_1,X_2,X_3,X_4,X_5,X_6,X_7)),(q_3(X_1,X_2,X_3,X_4,X_5,X_6,X_7)|~p_4(X_1,X_2,X_3,X_4,X_5,X_6,X_7)|~q_5(X_1,X_2,X_3,X_4,X_5,X_6,X_7)),(q_3(X_1,X_2,X_3,X_4,X_5,X_6,X_7)|~q_4(X_1,X_2,X_3,X_4,X_5,X_6,X_7)|~p_5(X_1,X_2,X_3,X_4,X_5,X_6,X_7)),(q_4(X_1,X_2,X_3,X_4,X_5,X_6,X_7)|~p_5(X_1,X_2,X_3,X_4,X_5,X_6,X_7)|~q_6(X_1,X_2,X_3,X_4,X_5,X_6,X_7)),(q_4(X_1,X_2,X_3,X_4,X_5,X_6,X_7)|~q_5(X_1,X_2,X_3,X_4,X_5,X_6,X_7)|~p_6(X_1,X_2,X_3,X_4,X_5,X_6,X_7)),(q_5(X_1,X_2,X_3,X_4,X_5,X_6,X_7)|~p_6(X_1,X_2,X_3,X_4,X_5,X_6,X_7)|~q_7(X_1,X_2,X_3,X_4,X_5,X_6,X_7)),(q_5(X_1,X_2,X_3,X_4,X_5,X_6,X_7)|~q_6(X_1,X_2,X_3,X_4,X_5,X_6,X_7)|~p_7(X_1,X_2,X_3,X_4,X_5,X_6,X_7)),(q_6(X_1,X_2,X_3,X_4,X_5,X_6,X_7)|~p_7(X_1,X_2,X_3,X_4,X_5,X_6,X_7)|~q_8(X_1,X_2,X_3,X_4,X_5,X_6,X_7)),(q_6(X_1,X_2,X_3,X_4,X_5,X_6,X_7)|~q_7(X_1,X_2,X_3,X_4,X_5,X_6,X_7)|~p_8(X_1,X_2,X_3,X_4,X_5,X_6,X_7)),(q_7(X_1,X_2,X_3,X_4,X_5,X_6,X_7)|~p_8(X_1,X_2,X_3,X_4,X_5,X_6,X_7)|~q_9(X_1,X_2,X_3,X_4,X_5,X_6,X_7)),(q_7(X_1,X_2,X_3,X_4,X_5,X_6,X_7)|~q_8(X_1,X_2,X_3,X_4,X_5,X_6,X_7)|~p_9(X_1,X_2,X_3,X_4,X_5,X_6,X_7)),(q_8(X_1,X_2,X_3,X_4,X_5,X_6,X_7)|~p_9(X_1,X_2,X_3,X_4,X_5,X_6,X_7)|~q_10(X_1,X_2,X_3,X_4,X_5,X_6,X_7)),(q_8(X_1,X_2,X_3,X_4,X_5,X_6,X_7)|~q_9(X_1,X_2,X_3,X_4,X_5,X_6,X_7)|~p_10(X_1,X_2,X_3,X_4,X_5,X_6,X_7)),(q_9(X_1,X_2,X_3,X_4,X_5,X_6,X_7)|~p_10(X_1,X_2,X_3,X_4,X_5,X_6,X_7)|~q_11(X_1,X_2,X_3,X_4,X_5,X_6,X_7)),(q_9(X_1,X_2,X_3,X_4,X_5,X_6,X_7)|~q_10(X_1,X_2,X_3,X_4,X_5,X_6,X_7)|~p_11(X_1,X_2,X_3,X_4,X_5,X_6,X_7)),(q_10(X_1,X_2,X_3,X_4,X_5,X_6,X_7)|~p_11(X_1,X_2,X_3,X_4,X_5,X_6,X_7)|~q_12(X_1,X_2,X_3,X_4,X_5,X_6,X_7)),(q_10(X_1,X_2,X_3,X_4,X_5,X_6,X_7)|~q_11(X_1,X_2,X_3,X_4,X_5,X_6,X_7)|~p_12(X_1,X_2,X_3,X_4,X_5,X_6,X_7)),(q_11(X_1,X_2,X_3,X_4,X_5,X_6,X_7)|~p_12(X_1,X_2,X_3,X_4,X_5,X_6,X_7)|~q_13(X_1,X_2,X_3,X_4,X_5,X_6,X_7)),(q_11(X_1,X_2,X_3,X_4,X_5,X_6,X_7)|~q_12(X_1,X_2,X_3,X_4,X_5,X_6,X_7)|~p_13(X_1,X_2,X_3,X_4,X_5,X_6,X_7)),(p_13(X_1,X_2,X_3,X_4,X_5,X_6,X_7)|~p_6(X_1,X_2,X_3,X_4,X_5,X_6,X_7)),(p_14(X_1,X_2,X_3,X_4,X_5,X_6,X_7)|~p_7(X_1,X_2,X_3,X_4,X_5,X_6,X_7)),(q_13(X_1,X_2,X_3,X_4,X_5,X_6,X_7)|~q_6(X_1,X_2,X_3,X_4,X_5,X_6,X_7)),(q_14(X_1,X_2,X_3,X_4,X_5,X_6,X_7)|~q_7(X_1,X_2,X_3,X_4,X_5,X_6,X_7)),(p_12(X_1,X_2,X_3,X_4,X_5,X_6,X_7)|~nq_1(X_1)|~nq_2(X_2)|~nq_3(X_3)|~nq_4(X_4)|~nq_5(X_5)|~nq_6(X_6)|~nq_7(X_7)),(p_13(X_1,X_2,X_3,X_4,X_5,X_6,X_7)|~nq_1(X_1)|~nq_2(X_2)|~nq_3(X_3)|~nq_4(X_4)|~nq_5(X_5)|~nq_6(X_6)|~nq_7(X_7)),(q_12(X_1,X_2,X_3,X_4,X_5,X_6,X_7)|~nq_1(X_1)|~nq_2(X_2)|~nq_3(X_3)|~nq_4(X_4)|~nq_5(X_5)|~nq_6(X_6)|~nq_7(X_7)),(q_13(X_1,X_2,X_3,X_4,X_5,X_6,X_7)|~nq_1(X_1)|~nq_2(X_2)|~nq_3(X_3)|~nq_4(X_4)|~nq_5(X_5)|~nq_6(X_6)|~nq_7(X_7)),(nq_1(a)),(nq_1(b)),(nq_2(a)),(nq_2(b)),(nq_3(a)),(nq_3(b)),(nq_4(a)),(nq_4(b)),(nq_5(a)),(nq_5(b)),(nq_6(a)),(nq_6(b)),(nq_7(a)),(nq_7(b)),(p_0(X_1,X_2,X_3,X_4,X_5,X_6,X_7)|~p_1(X_1,X_2,X_3,X_4,X_5,X_6,X_7)|~p_2(X_1,X_2,X_3,X_4,X_5,X_6,X_7)),(p_0(X_1,X_2,X_3,X_4,X_5,X_6,X_7)|~q_1(X_1,X_2,X_3,X_4,X_5,X_6,X_7)|~q_2(X_1,X_2,X_3,X_4,X_5,X_6,X_7)),(p_1(X_1,X_2,X_3,X_4,X_5,X_6,X_7)|~p_2(X_1,X_2,X_3,X_4,X_5,X_6,X_7)|~p_3(X_1,X_2,X_3,X_4,X_5,X_6,X_7)),(p_1(X_1,X_2,X_3,X_4,X_5,X_6,X_7)|~q_2(X_1,X_2,X_3,X_4,X_5,X_6,X_7)|~q_3(X_1,X_2,X_3,X_4,X_5,X_6,X_7)),(p_2(X_1,X_2,X_3,X_4,X_5,X_6,X_7)|~p_3(X_1,X_2,X_3,X_4,X_5,X_6,X_7)|~p_4(X_1,X_2,X_3,X_4,X_5,X_6,X_7)),(p_2(X_1,X_2,X_3,X_4,X_5,X_6,X_7)|~q_3(X_1,X_2,X_3,X_4,X_5,X_6,X_7)|~q_4(X_1,X_2,X_3,X_4,X_5,X_6,X_7)),(p_3(X_1,X_2,X_3,X_4,X_5,X_6,X_7)|~p_4(X_1,X_2,X_3,X_4,X_5,X_6,X_7)|~p_5(X_1,X_2,X_3,X_4,X_5,X_6,X_7)),(p_3(X_1,X_2,X_3,X_4,X_5,X_6,X_7)|~q_4(X_1,X_2,X_3,X_4,X_5,X_6,X_7)|~q_5(X_1,X_2,X_3,X_4,X_5,X_6,X_7)),(p_4(X_1,X_2,X_3,X_4,X_5,X_6,X_7)|~p_5(X_1,X_2,X_3,X_4,X_5,X_6,X_7)|~p_6(X_1,X_2,X_3,X_4,X_5,X_6,X_7)),(p_4(X_1,X_2,X_3,X_4,X_5,X_6,X_7)|~q_5(X_1,X_2,X_3,X_4,X_5,X_6,X_7)|~q_6(X_1,X_2,X_3,X_4,X_5,X_6,X_7)),(p_5(X_1,X_2,X_3,X_4,X_5,X_6,X_7)|~p_6(X_1,X_2,X_3,X_4,X_5,X_6,X_7)|~p_7(X_1,X_2,X_3,X_4,X_5,X_6,X_7)),(p_5(X_1,X_2,X_3,X_4,X_5,X_6,X_7)|~q_6(X_1,X_2,X_3,X_4,X_5,X_6,X_7)|~q_7(X_1,X_2,X_3,X_4,X_5,X_6,X_7)),(p_6(X_1,X_2,X_3,X_4,X_5,X_6,X_7)|~p_7(X_1,X_2,X_3,X_4,X_5,X_6,X_7)|~p_8(X_1,X_2,X_3,X_4,X_5,X_6,X_7)),(p_6(X_1,X_2,X_3,X_4,X_5,X_6,X_7)|~q_7(X_1,X_2,X_3,X_4,X_5,X_6,X_7)|~q_8(X_1,X_2,X_3,X_4,X_5,X_6,X_7)),(p_7(X_1,X_2,X_3,X_4,X_5,X_6,X_7)|~p_8(X_1,X_2,X_3,X_4,X_5,X_6,X_7)|~p_9(X_1,X_2,X_3,X_4,X_5,X_6,X_7)),(p_7(X_1,X_2,X_3,X_4,X_5,X_6,X_7)|~q_8(X_1,X_2,X_3,X_4,X_5,X_6,X_7)|~q_9(X_1,X_2,X_3,X_4,X_5,X_6,X_7)),(p_8(X_1,X_2,X_3,X_4,X_5,X_6,X_7)|~p_9(X_1,X_2,X_3,X_4,X_5,X_6,X_7)|~p_10(X_1,X_2,X_3,X_4,X_5,X_6,X_7)),(p_8(X_1,X_2,X_3,X_4,X_5,X_6,X_7)|~q_9(X_1,X_2,X_3,X_4,X_5,X_6,X_7)|~q_10(X_1,X_2,X_3,X_4,X_5,X_6,X_7)),(p_9(X_1,X_2,X_3,X_4,X_5,X_6,X_7)|~p_10(X_1,X_2,X_3,X_4,X_5,X_6,X_7)|~p_11(X_1,X_2,X_3,X_4,X_5,X_6,X_7)),(p_9(X_1,X_2,X_3,X_4,X_5,X_6,X_7)|~q_10(X_1,X_2,X_3,X_4,X_5,X_6,X_7)|~q_11(X_1,X_2,X_3,X_4,X_5,X_6,X_7)),(p_10(X_1,X_2,X_3,X_4,X_5,X_6,X_7)|~p_11(X_1,X_2,X_3,X_4,X_5,X_6,X_7)|~p_12(X_1,X_2,X_3,X_4,X_5,X_6,X_7)),(p_10(X_1,X_2,X_3,X_4,X_5,X_6,X_7)|~q_11(X_1,X_2,X_3,X_4,X_5,X_6,X_7)|~q_12(X_1,X_2,X_3,X_4,X_5,X_6,X_7)),(p_11(X_1,X_2,X_3,X_4,X_5,X_6,X_7)|~p_12(X_1,X_2,X_3,X_4,X_5,X_6,X_7)|~p_13(X_1,X_2,X_3,X_4,X_5,X_6,X_7)),(p_11(X_1,X_2,X_3,X_4,X_5,X_6,X_7)|~q_12(X_1,X_2,X_3,X_4,X_5,X_6,X_7)|~q_13(X_1,X_2,X_3,X_4,X_5,X_6,X_7)),(q_0(X_1,X_2,X_3,X_4,X_5,X_6,X_7)|~p_1(X_1,X_2,X_3,X_4,X_5,X_6,X_7)|~q_2(X_1,X_2,X_3,X_4,X_5,X_6,X_7)),(q_0(X_1,X_2,X_3,X_4,X_5,X_6,X_7)|~q_1(X_1,X_2,X_3,X_4,X_5,X_6,X_7)|~p_2(X_1,X_2,X_3,X_4,X_5,X_6,X_7)),(q_1(X_1,X_2,X_3,X_4,X_5,X_6,X_7)|~p_2(X_1,X_2,X_3,X_4,X_5,X_6,X_7)|~q_3(X_1,X_2,X_3,X_4,X_5,X_6,X_7)),(q_1(X_1,X_2,X_3,X_4,X_5,X_6,X_7)|~q_2(X_1,X_2,X_3,X_4,X_5,X_6,X_7)|~p_3(X_1,X_2,X_3,X_4,X_5,X_6,X_7)),(q_2(X_1,X_2,X_3,X_4,X_5,X_6,X_7)|~p_3(X_1,X_2,X_3,X_4,X_5,X_6,X_7)|~q_4(X_1,X_2,X_3,X_4,X_5,X_6,X_7)),(q_2(X_1,X_2,X_3,X_4,X_5,X_6,X_7)|~q_3(X_1,X_2,X_3,X_4,X_5,X_6,X_7)|~p_4(X_1,X_2,X_3,X_4,X_5,X_6,X_7)),(q_3(X_1,X_2,X_3,X_4,X_5,X_6,X_7)|~p_4(X_1,X_2,X_3,X_4,X_5,X_6,X_7)|~q_5(X_1,X_2,X_3,X_4,X_5,X_6,X_7)),(q_3(X_1,X_2,X_3,X_4,X_5,X_6,X_7)|~q_4(X_1,X_2,X_3,X_4,X_5,X_6,X_7)|~p_5(X_1,X_2,X_3,X_4,X_5,X_6,X_7)),(q_4(X_1,X_2,X_3,X_4,X_5,X_6,X_7)|~p_5(X_1,X_2,X_3,X_4,X_5,X_6,X_7)|~q_6(X_1,X_2,X_3,X_4,X_5,X_6,X_7)),(q_4(X_1,X_2,X_3,X_4,X_5,X_6,X_7)|~q_5(X_1,X_2,X_3,X_4,X_5,X_6,X_7)|~p_6(X_1,X_2,X_3,X_4,X_5,X_6,X_7)),(q_5(X_1,X_2,X_3,X_4,X_5,X_6,X_7)|~p_6(X_1,X_2,X_3,X_4,X_5,X_6,X_7)|~q_7(X_1,X_2,X_3,X_4,X_5,X_6,X_7)),(q_5(X_1,X_2,X_3,X_4,X_5,X_6,X_7)|~q_6(X_1,X_2,X_3,X_4,X_5,X_6,X_7)|~p_7(X_1,X_2,X_3,X_4,X_5,X_6,X_7)),(q_6(X_1,X_2,X_3,X_4,X_5,X_6,X_7)|~p_7(X_1,X_2,X_3,X_4,X_5,X_6,X_7)|~q_8(X_1,X_2,X_3,X_4,X_5,X_6,X_7)),(q_6(X_1,X_2,X_3,X_4,X_5,X_6,X_7)|~q_7(X_1,X_2,X_3,X_4,X_5,X_6,X_7)|~p_8(X_1,X_2,X_3,X_4,X_5,X_6,X_7)),(q_7(X_1,X_2,X_3,X_4,X_5,X_6,X_7)|~p_8(X_1,X_2,X_3,X_4,X_5,X_6,X_7)|~q_9(X_1,X_2,X_3,X_4,X_5,X_6,X_7)),(q_7(X_1,X_2,X_3,X_4,X_5,X_6,X_7)|~q_8(X_1,X_2,X_3,X_4,X_5,X_6,X_7)|~p_9(X_1,X_2,X_3,X_4,X_5,X_6,X_7)),(q_8(X_1,X_2,X_3,X_4,X_5,X_6,X_7)|~p_9(X_1,X_2,X_3,X_4,X_5,X_6,X_7)|~q_10(X_1,X_2,X_3,X_4,X_5,X_6,X_7)),(q_8(X_1,X_2,X_3,X_4,X_5,X_6,X_7)|~q_9(X_1,X_2,X_3,X_4,X_5,X_6,X_7)|~p_10(X_1,X_2,X_3,X_4,X_5,X_6,X_7)),(q_9(X_1,X_2,X_3,X_4,X_5,X_6,X_7)|~p_10(X_1,X_2,X_3,X_4,X_5,X_6,X_7)|~q_11(X_1,X_2,X_3,X_4,X_5,X_6,X_7)),(q_9(X_1,X_2,X_3,X_4,X_5,X_6,X_7)|~q_10(X_1,X_2,X_3,X_4,X_5,X_6,X_7)|~p_11(X_1,X_2,X_3,X_4,X_5,X_6,X_7)),(q_10(X_1,X_2,X_3,X_4,X_5,X_6,X_7)|~p_11(X_1,X_2,X_3,X_4,X_5,X_6,X_7)|~q_12(X_1,X_2,X_3,X_4,X_5,X_6,X_7)),(q_10(X_1,X_2,X_3,X_4,X_5,X_6,X_7)|~q_11(X_1,X_2,X_3,X_4,X_5,X_6,X_7)|~p_12(X_1,X_2,X_3,X_4,X_5,X_6,X_7)),(q_11(X_1,X_2,X_3,X_4,X_5,X_6,X_7)|~p_12(X_1,X_2,X_3,X_4,X_5,X_6,X_7)|~q_13(X_1,X_2,X_3,X_4,X_5,X_6,X_7)),(q_11(X_1,X_2,X_3,X_4,X_5,X_6,X_7)|~q_12(X_1,X_2,X_3,X_4,X_5,X_6,X_7)|~p_13(X_1,X_2,X_3,X_4,X_5,X_6,X_7)),(p_13(X_1,X_2,X_3,X_4,X_5,X_6,X_7)|~p_6(X_1,X_2,X_3,X_4,X_5,X_6,X_7)),(p_14(X_1,X_2,X_3,X_4,X_5,X_6,X_7)|~p_7(X_1,X_2,X_3,X_4,X_5,X_6,X_7)),(q_13(X_1,X_2,X_3,X_4,X_5,X_6,X_7)|~q_6(X_1,X_2,X_3,X_4,X_5,X_6,X_7)),(q_14(X_1,X_2,X_3,X_4,X_5,X_6,X_7)|~q_7(X_1,X_2,X_3,X_4,X_5,X_6,X_7)),(p_12(X_1,X_2,X_3,X_4,X_5,X_6,X_7)|~nq_1(X_1)|~nq_2(X_2)|~nq_3(X_3)|~nq_4(X_4)|~nq_5(X_5)|~nq_6(X_6)|~nq_7(X_7)),(p_13(X_1,X_2,X_3,X_4,X_5,X_6,X_7)|~nq_1(X_1)|~nq_2(X_2)|~nq_3(X_3)|~nq_4(X_4)|~nq_5(X_5)|~nq_6(X_6)|~nq_7(X_7)),(q_12(X_1,X_2,X_3,X_4,X_5,X_6,X_7)|~nq_1(X_1)|~nq_2(X_2)|~nq_3(X_3)|~nq_4(X_4)|~nq_5(X_5)|~nq_6(X_6)|~nq_7(X_7)),(q_13(X_1,X_2,X_3,X_4,X_5,X_6,X_7)|~nq_1(X_1)|~nq_2(X_2)|~nq_3(X_3)|~nq_4(X_4)|~nq_5(X_5)|~nq_6(X_6)|~nq_7(X_7)),(nq_1(a)),(nq_1(b)),(nq_2(a)),(nq_2(b)),(nq_3(a)),(nq_3(b)),(nq_4(a)),(nq_4(b)),(nq_5(a)),(nq_5(b)),(nq_6(a)),(nq_6(b)),(nq_7(a)),(nq_7(b))				
../../TPTP-v7.3.0/Problems/SYN/SYN046-1.p		Unsatisfiable	UNKNOWN		UNKNOWN		cnf					
../../TPTP-v7.3.0/Problems/SYN/SYN777-1.p		Satisfiable	UNKNOWN		UNKNOWN		cnf					
../../TPTP-v7.3.0/Problems/SYN/SYN438-1.p		Satisfiable	UNKNOWN		UNKNOWN		cnf					
../../TPTP-v7.3.0/Problems/SYN/SYN518-1.p		Satisfiable	UNKNOWN		UNKNOWN		cnf					
../../TPTP-v7.3.0/Problems/SYN/SYN841-1.p		Satisfiable	UNKNOWN		UNKNOWN		cnf					
../../TPTP-v7.3.0/Problems/SYN/SYN058-1.p		Unsatisfiable	UNKNOWN		UNKNOWN		cnf	(~big_p(X)|big_q(Y)),(~big_q(b)|big_q(c)),(~big_q(b)|big_s(c)),(~big_r(b)|big_q(c)),(~big_r(b)|big_s(c)),(~big_s(Y)|~big_f(X)|big_g(X)),(~big_p(X)|big_q(Y)),(~big_q(b)|big_q(c)),(~big_q(b)|big_s(c)),(~big_r(b)|big_q(c)),(~big_r(b)|big_s(c)),(~big_s(Y)|~big_f(X)|big_g(X))				
../../TPTP-v7.3.0/Problems/SYN/SYN124-1.p		Unsatisfiable	UNKNOWN		UNKNOWN		cnf					
../../TPTP-v7.3.0/Problems/SYN/SYN661-1.p		Unsatisfiable	UNKNOWN		UNKNOWN		cnf					
../../TPTP-v7.3.0/Problems/SYN/SYN663-1.p		Unsatisfiable	UNKNOWN		UNKNOWN		cnf					
../../TPTP-v7.3.0/Problems/SYN/SYN048-1.p		Unsatisfiable	UNKNOWN		UNKNOWN		cnf					
../../TPTP-v7.3.0/Problems/SYN/SYN803-1.p		Satisfiable	UNKNOWN		UNKNOWN		cnf					
../../TPTP-v7.3.0/Problems/SYN/SYN439-1.p		Unsatisfiable	UNKNOWN		UNKNOWN		cnf					
../../TPTP-v7.3.0/Problems/SYN/SYN887-1.p		Unsatisfiable	UNKNOWN		UNKNOWN		cnf					
../../TPTP-v7.3.0/Problems/SYN/SYN507+1.p		Theorem	UNKNOWN		UNKNOWN		fof		(~((~hskp0|(ndr1_0&c1_1(a584)&~c0_1(a584)&~c2_1(a584)))&(~hskp1|(ndr1_0&c1_1(a585)&c2_1(a585)&~c0_1(a585)))&(~hskp2|(ndr1_0&c1_1(a586)&c2_1(a586)&~c3_1(a586)))&(~hskp3|(ndr1_0&c0_1(a587)&c2_1(a587)&~c1_1(a587)))&(~hskp4|(ndr1_0&c0_1(a588)&~c1_1(a588)&~c2_1(a588)))&(~hskp5|(ndr1_0&c0_1(a589)&c1_1(a589)&~c2_1(a589)))&(~hskp6|(ndr1_0&c2_1(a590)&c3_1(a590)&~c0_1(a590)))&(~hskp7|(ndr1_0&c2_1(a592)&~c0_1(a592)&~c3_1(a592)))&(~hskp8|(ndr1_0&c1_1(a593)&c3_1(a593)&~c2_1(a593)))&(~hskp9|(ndr1_0&~c0_1(a595)&~c1_1(a595)&~c3_1(a595)))&(~hskp10|(ndr1_0&c0_1(a598)&c3_1(a598)&~c1_1(a598)))&(~hskp11|(ndr1_0&c2_1(a599)&c3_1(a599)&~c1_1(a599)))&(~hskp12|(ndr1_0&c0_1(a600)&c2_1(a600)&~c3_1(a600)))&(~hskp13|(ndr1_0&~c0_1(a601)&~c1_1(a601)&~c2_1(a601)))&(~hskp14|(ndr1_0&c0_1(a603)&~c1_1(a603)&~c3_1(a603)))&(~hskp15|(ndr1_0&c1_1(a604)&c3_1(a604)&~c0_1(a604)))&(~hskp16|(ndr1_0&c1_1(a606)&~c2_1(a606)&~c3_1(a606)))&(~hskp17|(ndr1_0&c3_1(a607)&~c1_1(a607)&~c2_1(a607)))&(~hskp18|(ndr1_0&c3_1(a610)&~c0_1(a610)&~c2_1(a610)))&(~hskp19|(ndr1_0&c2_1(a617)&~c0_1(a617)&~c1_1(a617)))&(~hskp20|(ndr1_0&~c1_1(a623)&~c2_1(a623)&~c3_1(a623)))&(~hskp21|(ndr1_0&c0_1(a629)&~c2_1(a629)&~c3_1(a629)))&(~hskp22|(ndr1_0&c1_1(a633)&~c0_1(a633)&~c3_1(a633)))&(~hskp23|(ndr1_0&c3_1(a636)&~c0_1(a636)&~c1_1(a636)))&(~hskp24|(ndr1_0&c0_1(a648)&c1_1(a648)&~c3_1(a648)))&(~hskp25|(ndr1_0&c2_1(a651)&~c1_1(a651)&~c3_1(a651)))&(~hskp26|(ndr1_0&c0_1(a583)&c1_1(a583)&c2_1(a583)))&(~hskp27|(ndr1_0&c0_1(a611)&c1_1(a611)&c3_1(a611)))&(~hskp28|(ndr1_0&c1_1(a612)&c2_1(a612)&c3_1(a612)))&(~hskp29|(ndr1_0&c0_1(a678)&c2_1(a678)&c3_1(a678)))&(![U]:(ndr1_0=>(c0_1(U)|c1_1(U)|c2_1(U)))|hskp26|hskp0)&(![V]:(ndr1_0=>(c0_1(V)|c1_1(V)|c3_1(V)))|![W]:(ndr1_0=>(c0_1(W)|c2_1(W)|~c1_1(W)))|![X]:(ndr1_0=>(c2_1(X)|c3_1(X)|~c0_1(X))))&(![Y]:(ndr1_0=>(c0_1(Y)|c1_1(Y)|c3_1(Y)))|![Z]:(ndr1_0=>(c0_1(Z)|~c1_1(Z)|~c3_1(Z)))|hskp1)&(![X1]:(ndr1_0=>(c0_1(X1)|c1_1(X1)|c3_1(X1)))|![X2]:(ndr1_0=>(c1_1(X2)|c3_1(X2)|~c2_1(X2)))|hskp2)&(![X3]:(ndr1_0=>(c0_1(X3)|c1_1(X3)|c3_1(X3)))|hskp3|hskp4)&(![X4]:(ndr1_0=>(c0_1(X4)|c1_1(X4)|~c2_1(X4)))|![X5]:(ndr1_0=>(c0_1(X5)|~c2_1(X5)|~c3_1(X5)))|![X6]:(ndr1_0=>(~c0_1(X6)|~c1_1(X6)|~c3_1(X6))))&(![X7]:(ndr1_0=>(c0_1(X7)|c1_1(X7)|~c2_1(X7)))|hskp5|hskp6)&(![X8]:(ndr1_0=>(c0_1(X8)|c1_1(X8)|~c2_1(X8)))|hskp2|hskp7)&(![X9]:(ndr1_0=>(c0_1(X9)|c1_1(X9)|~c3_1(X9)))|![X10]:(ndr1_0=>(c0_1(X10)|~c1_1(X10)|~c2_1(X10)))|hskp8)&(![X11]:(ndr1_0=>(c0_1(X11)|c1_1(X11)|~c3_1(X11)))|![X12]:(ndr1_0=>(c1_1(X12)|c2_1(X12)|c3_1(X12)))|hskp26)&(![X13]:(ndr1_0=>(c0_1(X13)|c1_1(X13)|~c3_1(X13)))|![X14]:(ndr1_0=>(~c0_1(X14)|~c1_1(X14)|~c2_1(X14)))|hskp9)&(![X15]:(ndr1_0=>(c0_1(X15)|c1_1(X15)|~c3_1(X15)))|hskp8|hskp6)&(![X16]:(ndr1_0=>(c0_1(X16)|c2_1(X16)|c3_1(X16)))|![X17]:(ndr1_0=>(c0_1(X17)|~c1_1(X17)|~c3_1(X17)))|![X18]:(ndr1_0=>(c1_1(X18)|c2_1(X18)|~c0_1(X18))))&(![X19]:(ndr1_0=>(c0_1(X19)|c2_1(X19)|c3_1(X19)))|![X20]:(ndr1_0=>(c0_1(X20)|~c2_1(X20)|~c3_1(X20)))|![X21]:(ndr1_0=>(c1_1(X21)|~c2_1(X21)|~c3_1(X21))))&(![X22]:(ndr1_0=>(c0_1(X22)|c2_1(X22)|c3_1(X22)))|![X23]:(ndr1_0=>(c1_1(X23)|c2_1(X23)|~c0_1(X23)))|hskp10)&(![X24]:(ndr1_0=>(c0_1(X24)|c2_1(X24)|c3_1(X24)))|![X25]:(ndr1_0=>(~c0_1(X25)|~c2_1(X25)|~c3_1(X25)))|hskp11)&(![X26]:(ndr1_0=>(c0_1(X26)|c2_1(X26)|c3_1(X26)))|hskp12|hskp13)&(![X27]:(ndr1_0=>(c0_1(X27)|c2_1(X27)|c3_1(X27)))|hskp4|hskp14)&(![X28]:(ndr1_0=>(c0_1(X28)|c2_1(X28)|c3_1(X28)))|hskp15|hskp13)&(![X29]:(ndr1_0=>(c0_1(X29)|c2_1(X29)|~c1_1(X29)))|![X30]:(ndr1_0=>(c1_1(X30)|c3_1(X30)|~c2_1(X30)))|hskp16)&(![X31]:(ndr1_0=>(c0_1(X31)|c2_1(X31)|~c1_1(X31)))|![X32]:(ndr1_0=>(c1_1(X32)|~c0_1(X32)|~c2_1(X32)))|hskp17)&(![X33]:(ndr1_0=>(c0_1(X33)|c2_1(X33)|~c1_1(X33)))|hskp10|hskp7)&(![X34]:(ndr1_0=>(c0_1(X34)|c2_1(X34)|~c3_1(X34)))|![X35]:(ndr1_0=>(c1_1(X35)|c3_1(X35)|~c0_1(X35)))|hskp18)&(![X36]:(ndr1_0=>(c0_1(X36)|c2_1(X36)|~c3_1(X36)))|![X37]:(ndr1_0=>(c2_1(X37)|~c0_1(X37)|~c1_1(X37)))|hskp27)&(![X38]:(ndr1_0=>(c0_1(X38)|c2_1(X38)|~c3_1(X38)))|![X39]:(ndr1_0=>(c3_1(X39)|~c0_1(X39)|~c2_1(X39)))|hskp28)&(![X40]:(ndr1_0=>(c0_1(X40)|c3_1(X40)|~c1_1(X40)))|![X41]:(ndr1_0=>(c1_1(X41)|~c2_1(X41)|~c3_1(X41)))|![X42]:(ndr1_0=>(c3_1(X42)|~c0_1(X42)|~c2_1(X42))))&(![X43]:(ndr1_0=>(c0_1(X43)|c3_1(X43)|~c2_1(X43)))|![X44]:(ndr1_0=>(c1_1(X44)|c2_1(X44)|~c0_1(X44)))|hskp14)&(![X45]:(ndr1_0=>(c0_1(X45)|c3_1(X45)|~c2_1(X45)))|hskp8|hskp18)&(![X46]:(ndr1_0=>(c0_1(X46)|~c1_1(X46)|~c2_1(X46)))|![X47]:(ndr1_0=>(c1_1(X47)|c2_1(X47)|~c3_1(X47)))|![X48]:(ndr1_0=>(~c0_1(X48)|~c2_1(X48)|~c3_1(X48))))&(![X49]:(ndr1_0=>(c0_1(X49)|~c1_1(X49)|~c2_1(X49)))|![X50]:(ndr1_0=>(~c0_1(X50)|~c1_1(X50)|~c2_1(X50)))|hskp12)&(![X51]:(ndr1_0=>(c0_1(X51)|~c1_1(X51)|~c2_1(X51)))|hskp19|hskp13)&(![X52]:(ndr1_0=>(c0_1(X52)|~c1_1(X52)|~c3_1(X52)))|![X53]:(ndr1_0=>(c2_1(X53)|~c0_1(X53)|~c3_1(X53)))|hskp8)&(![X54]:(ndr1_0=>(c0_1(X54)|~c1_1(X54)|~c3_1(X54)))|![X55]:(ndr1_0=>(c3_1(X55)|~c0_1(X55)|~c1_1(X55)))|hskp16)&(![X56]:(ndr1_0=>(c0_1(X56)|~c1_1(X56)|~c3_1(X56)))|![X57]:(ndr1_0=>(c3_1(X57)|~c1_1(X57)|~c2_1(X57)))|hskp15)&(![X58]:(ndr1_0=>(c0_1(X58)|~c1_1(X58)|~c3_1(X58)))|hskp7|hskp20)&(![X59]:(ndr1_0=>(c0_1(X59)|~c2_1(X59)|~c3_1(X59)))|![X60]:(ndr1_0=>(c2_1(X60)|c3_1(X60)|~c0_1(X60)))|hskp16)&(![X61]:(ndr1_0=>(c0_1(X61)|~c2_1(X61)|~c3_1(X61)))|hskp10|hskp4)&(![X62]:(ndr1_0=>(c1_1(X62)|c2_1(X62)|c3_1(X62)))|![X63]:(ndr1_0=>(c1_1(X63)|~c0_1(X63)|~c2_1(X63)))|hskp26)&(![X64]:(ndr1_0=>(c1_1(X64)|c2_1(X64)|~c0_1(X64)))|![X65]:(ndr1_0=>(c3_1(X65)|~c0_1(X65)|~c2_1(X65)))|hskp1)&(![X66]:(ndr1_0=>(c1_1(X66)|c2_1(X66)|~c0_1(X66)))|hskp21|hskp11)&(![X67]:(ndr1_0=>(c1_1(X67)|c2_1(X67)|~c0_1(X67)))|hskp28|hskp8)&(![X68]:(ndr1_0=>(c1_1(X68)|c2_1(X68)|~c0_1(X68)))|hskp22|hskp6)&(![X69]:(ndr1_0=>(c1_1(X69)|c2_1(X69)|~c3_1(X69)))|![X70]:(ndr1_0=>(c1_1(X70)|c3_1(X70)|~c0_1(X70)))|hskp3)&(![X71]:(ndr1_0=>(c1_1(X71)|c2_1(X71)|~c3_1(X71)))|![X72]:(ndr1_0=>(c2_1(X72)|~c0_1(X72)|~c1_1(X72)))|![X73]:(ndr1_0=>(~c0_1(X73)|~c2_1(X73)|~c3_1(X73))))&(![X74]:(ndr1_0=>(c1_1(X74)|c2_1(X74)|~c3_1(X74)))|![X75]:(ndr1_0=>(c2_1(X75)|~c0_1(X75)|~c3_1(X75)))|hskp23)&(![X76]:(ndr1_0=>(c1_1(X76)|c3_1(X76)|~c2_1(X76)))|hskp3|hskp4)&(![X77]:(ndr1_0=>(c1_1(X77)|~c0_1(X77)|~c3_1(X77)))|![X78]:(ndr1_0=>(~c0_1(X78)|~c1_1(X78)|~c3_1(X78)))|hskp15)&(![X79]:(ndr1_0=>(c1_1(X79)|~c0_1(X79)|~c3_1(X79)))|hskp11|hskp23)&(![X80]:(ndr1_0=>(c1_1(X80)|~c2_1(X80)|~c3_1(X80)))|![X81]:(ndr1_0=>(c3_1(X81)|~c1_1(X81)|~c2_1(X81)))|hskp28)&(![X82]:(ndr1_0=>(c1_1(X82)|~c2_1(X82)|~c3_1(X82)))|hskp14|hskp23)&(![X83]:(ndr1_0=>(c2_1(X83)|c3_1(X83)|~c0_1(X83)))|![X84]:(ndr1_0=>(c3_1(X84)|~c0_1(X84)|~c2_1(X84)))|hskp8)&(![X85]:(ndr1_0=>(c2_1(X85)|c3_1(X85)|~c0_1(X85)))|hskp3|hskp16)&(![X86]:(ndr1_0=>(c2_1(X86)|c3_1(X86)|~c1_1(X86)))|![X87]:(ndr1_0=>(c2_1(X87)|~c0_1(X87)|~c1_1(X87)))|hskp24)&(![X88]:(ndr1_0=>(c2_1(X88)|c3_1(X88)|~c1_1(X88)))|hskp8|hskp6)&(![X89]:(ndr1_0=>(c2_1(X89)|c3_1(X89)|~c1_1(X89)))|hskp25|hskp9)&(![X90]:(ndr1_0=>(c2_1(X90)|~c0_1(X90)|~c1_1(X90)))|hskp15|hskp25)&(![X91]:(ndr1_0=>(c2_1(X91)|~c0_1(X91)|~c1_1(X91)))|hskp0|hskp11)&(![X92]:(ndr1_0=>(c2_1(X92)|~c0_1(X92)|~c3_1(X92)))|hskp26|hskp28)&(![X93]:(ndr1_0=>(c2_1(X93)|~c0_1(X93)|~c3_1(X93)))|hskp5|hskp24)&(![X94]:(ndr1_0=>(c2_1(X94)|~c0_1(X94)|~c3_1(X94)))|hskp21|hskp8)&(![X95]:(ndr1_0=>(c2_1(X95)|~c0_1(X95)|~c3_1(X95)))|hskp15|hskp11)&(![X96]:(ndr1_0=>(c2_1(X96)|~c1_1(X96)|~c3_1(X96)))|![X97]:(ndr1_0=>(~c0_1(X97)|~c2_1(X97)|~c3_1(X97)))|hskp14)&(![X98]:(ndr1_0=>(c2_1(X98)|~c1_1(X98)|~c3_1(X98)))|hskp3|hskp17)&(![X99]:(ndr1_0=>(c3_1(X99)|~c0_1(X99)|~c1_1(X99)))|hskp3|hskp17)&(![X100]:(ndr1_0=>(c3_1(X100)|~c0_1(X100)|~c1_1(X100)))|hskp4|hskp17)&(![X101]:(ndr1_0=>(c3_1(X101)|~c0_1(X101)|~c2_1(X101)))|hskp27|hskp8)&(![X102]:(ndr1_0=>(c3_1(X102)|~c0_1(X102)|~c2_1(X102)))|hskp14|hskp22)&(![X103]:(ndr1_0=>(c3_1(X103)|~c0_1(X103)|~c2_1(X103)))|hskp7|hskp20)&(![X104]:(ndr1_0=>(c3_1(X104)|~c1_1(X104)|~c2_1(X104)))|hskp29|hskp15)&(![X105]:(ndr1_0=>(c3_1(X105)|~c1_1(X105)|~c2_1(X105)))|hskp29|hskp18)&(![X106]:(ndr1_0=>(~c0_1(X106)|~c1_1(X106)|~c2_1(X106)))|![X107]:(ndr1_0=>(~c1_1(X107)|~c2_1(X107)|~c3_1(X107)))|hskp10)&(![X108]:(ndr1_0=>(~c0_1(X108)|~c1_1(X108)|~c3_1(X108)))|hskp29|hskp14)&(![X109]:(ndr1_0=>(~c0_1(X109)|~c1_1(X109)|~c3_1(X109)))|hskp19|hskp20)&(![X110]:(ndr1_0=>(~c0_1(X110)|~c2_1(X110)|~c3_1(X110)))|hskp12|hskp10)&(![X111]:(ndr1_0=>(~c1_1(X111)|~c2_1(X111)|~c3_1(X111)))|hskp10|hskp1)&(hskp26|hskp12|hskp8)&(hskp26|hskp11)&(hskp29|hskp22|hskp17)&(hskp29|hskp7|hskp17)&(hskp14|hskp21|hskp0)))			
../../TPTP-v7.3.0/Problems/SYN/SYN289-1.p		Unsatisfiable	UNKNOWN		UNKNOWN		cnf					
../../TPTP-v7.3.0/Problems/SYN/SYN749-1.p		Satisfiable	UNKNOWN		UNKNOWN		cnf					
../../TPTP-v7.3.0/Problems/SYN/SYN910-1.p		Satisfiable	UNKNOWN		UNKNOWN		cnf					
../../TPTP-v7.3.0/Problems/SYN/SYN084-1.p		Satisfiable	UNKNOWN		UNKNOWN		cnf					
../../TPTP-v7.3.0/Problems/SYN/SYN063+1.p		Theorem	UNKNOWN		UNKNOWN		fof		(![X]:((big_p(a)&(big_p(X)=>big_p(b)))=>big_p(c))<=>![X1]:((~big_p(a)|big_p(X1)|big_p(c))&(~big_p(a)|~big_p(b)|big_p(c))))			
../../TPTP-v7.3.0/Problems/SYN/SYN915+1.p		Theorem	YES	DTS/Alligator/AlexHappy/output/SYN915+1_dts.html	UNKNOWN		fof		($true)			
../../TPTP-v7.3.0/Problems/SYN/SYN193-10.p		Unsatisfiable	UNKNOWN		UNKNOWN		cnf	(ifeq(A,A,B,C)=B),(s0(d)=true),(q0(e,d)=true),(n0(d,e)=true),(m0(e,d,a)=true),(s0(b)=true),(q0(b,b)=true),(n0(d,b)=true),(m0(e,d,e)=true),(r0(b)=true),(p0(b,d)=true),(n0(e,b)=true),(m0(a,X,a)=true),(r0(e)=true),(p0(b,X)=true),(n0(a,b)=true),(m0(c,b,a)=true),(q0(X,d)=true),(p0(c,b)=true),(m0(X,d,Y)=true),(l0(a)=true),(q0(b,e)=true),(p0(b,c)=true),(m0(a,e,e)=true),(l0(c)=true),(q0(d,d)=true),(n0(d,c)=true),(m0(e,b,c)=true),(k0(e)=true),(q0(d,b)=true),(n0(e,e)=true),(m0(b,b,e)=true),(k0(b)=true),(q0(d,c)=true),(n0(c,d)=true),(m0(d,e,c)=true),(q0(a,b)=true),(n0(b,a)=true),(m0(b,a,a)=true),(ifeq(n0(J,I),true,k1(I),true)=true),(ifeq(n0(H,G),true,l1(G,G),true)=true),(ifeq(p0(E,C),true,ifeq(r0(F),true,ifeq(m0(D,C,E),true,l1(C,D),true),true),true)=true),(ifeq(l0(B),true,ifeq(l1(B,B),true,ifeq(k1(A),true,l1(A,A),true),true),true)=true),(ifeq(m0(C,C,B),true,m1(B,C,B),true)=true),(ifeq(m0(A,A,J),true,m1(J,J,J),true)=true),(ifeq(p0(I,H),true,ifeq(r0(G),true,m1(G,H,G),true),true)=true),(ifeq(l0(b),true,m1(b,b,b),true)=true),(ifeq(r0(E),true,ifeq(q0(F,D),true,ifeq(s0(E),true,m1(D,D,D),true),true),true)=true),(ifeq(p0(C,B),true,ifeq(l1(c,c),true,ifeq(n0(C,C),true,m1(B,B,c),true),true),true)=true),(ifeq(k0(J),true,ifeq(n0(A,A),true,m1(J,J,A),true),true)=true),(ifeq(r0(e),true,m1(e,e,e),true)=true),(ifeq(q0(I,H),true,m1(H,H,H),true)=true),(ifeq(m0(F,G,E),true,m1(E,E,E),true)=true),(ifeq(l0(D),true,ifeq(m0(C,C,B),true,m1(B,C,C),true),true)=true),(ifeq(m1(J,A,I),true,ifeq(m1(J,I,H),true,m1(H,I,I),true),true)=true),(ifeq(q0(G,d),true,ifeq(s0(F),true,m1(F,F,F),true),true)=true),(ifeq(q0(D,E),true,ifeq(q0(D,C),true,m1(C,C,C),true),true)=true),(ifeq(p0(A,B),true,ifeq(r0(c),true,ifeq(q0(B,d),true,ifeq(s0(d),true,m1(A,B,c),true),true),true),true)=true),(ifeq(l0(c),true,m1(c,c,c),true)=true),(ifeq(k0(J),true,ifeq(l0(I),true,m1(I,J,I),true),true)=true),(ifeq(s0(e),true,m1(e,e,e),true)=true),(ifeq(l0(a),true,ifeq(s0(d),true,m1(a,a,a),true),true)=true),(ifeq(m1(G,c,G),true,ifeq(m0(a,H,a),true,ifeq(q0(F,G),true,m1(F,a,G),true),true),true)=true),(ifeq(m0(D,E,C),true,m1(C,C,C),true)=true),(ifeq(l0(B),true,ifeq(l0(A),true,ifeq(p0(B,d),true,m1(A,A,A),true),true),true)=true),(ifeq(q0(c,d),true,ifeq(l1(a,b),true,m1(b,b,b),true),true)=true),(ifeq(k0(J),true,ifeq(l0(J),true,ifeq(m0(J,J,J),true,m1(J,J,J),true),true),true)=true),(ifeq(p0(H,I),true,ifeq(s0(H),true,m1(H,I,H),true),true)=true),(ifeq(r0(e),true,m1(e,e,e),true)=true),(ifeq(k0(e),true,ifeq(r0(e),true,ifeq(r0(G),true,ifeq(m0(a,e,c),true,m1(c,a,c),true),true),true),true)=true),(ifeq(s0(F),true,m1(F,F,F),true)=true),(ifeq(m1(E,D,C),true,ifeq(q0(D,D),true,m1(C,C,C),true),true)=true),(ifeq(q0(A,A),true,ifeq(k1(a),true,ifeq(k1(B),true,m1(A,B,B),true),true),true)=true),(ifeq(l0(J),true,ifeq(r0(I),true,m1(I,J,I),true),true)=true),(ifeq(m0(b,B,A),true,n1(A,A,B),true)=true),(ifeq(l0(I),true,ifeq(p0(J,H),true,ifeq(r0(H),true,n1(H,I,H),true),true),true)=true),(ifeq(q0(a,G),true,ifeq(n0(G,G),true,n1(G,G,G),true),true)=true),(ifeq(m0(F,E,c),true,n1(E,c,E),true)=true),(ifeq(m0(C,D,e),true,ifeq(k1(C),true,n1(C,e,e),true),true)=true),(ifeq(m1(b,B,e),true,ifeq(s0(b),true,n1(e,e,B),true),true)=true),(ifeq(k0(H),true,ifeq(m0(I,J,I),true,ifeq(q0(A,J),true,n1(H,H,H),true),true),true)=true),(ifeq(p0(G,G),true,ifeq(k1(G),true,n1(G,G,G),true),true)=true),(ifeq(p0(E,F),true,ifeq(p0(D,D),true,n1(D,E,D),true),true)=true),(ifeq(q0(d,d),true,n1(d,d,d),true)=true),(ifeq(m1(B,C,A),true,ifeq(k0(B),true,n1(A,A,A),true),true)=true),(ifeq(p0(J,J),true,ifeq(r0(I),true,ifeq(l1(J,d),true,n1(I,d,J),true),true),true)=true),(ifeq(l0(c),true,n1(c,c,c),true)=true),(ifeq(l0(D),true,ifeq(p0(b,E),true,ifeq(s0(b),true,n1(D,E,D),true),true),true)=true),(ifeq(n1(C,B,C),true,ifeq(m1(c,B,C),true,ifeq(m0(b,C,c),true,n1(B,B,B),true),true),true)=true),(ifeq(p0(A,J),true,ifeq(m0(J,J,J),true,ifeq(s0(I),true,ifeq(k1(I),true,n1(I,I,I),true),true),true),true)=true),(ifeq(p0(a,b),true,ifeq(p0(H,d),true,n1(a,H,b),true),true)=true),(ifeq(n1(E,F,E),true,ifeq(l0(G),true,ifeq(l1(G,E),true,n1(E,F,F),true),true),true)=true),(ifeq(n1(e,e,e),true,ifeq(p0(d,d),true,ifeq(r0(b),true,n1(d,e,e),true),true),true)=true),(ifeq(l0(a),true,ifeq(r0(a),true,n1(a,a,a),true),true)=true),(ifeq(r0(D),true,n1(D,D,D),true)=true),(ifeq(l1(C,B),true,ifeq(n0(C,B),true,n1(B,B,B),true),true)=true),(ifeq(m0(J,A,A),true,ifeq(m0(I,J,H),true,n1(H,H,I),true),true)=true),(ifeq(m1(d,e,e),true,ifeq(k0(b),true,ifeq(q0(b,e),true,n1(d,d,b),true),true),true)=true),(ifeq(k0(G),true,ifeq(s0(G),true,n1(G,G,G),true),true)=true),(ifeq(n1(E,D,E),true,ifeq(m0(E,E,F),true,n1(D,D,D),true),true)=true),(ifeq(k0(E),true,ifeq(n0(d,D),true,p1(D,D,E),true),true)=true),(ifeq(l0(A),true,ifeq(m0(B,C,b),true,p1(A,A,A),true),true)=true),(ifeq(p0(I,J),true,ifeq(l1(J,J),true,ifeq(n0(J,J),true,p1(I,I,I),true),true),true)=true),(ifeq(n0(H,G),true,p1(G,G,G),true)=true),(ifeq(q0(F,E),true,p1(E,E,E),true)=true),(ifeq(k0(D),true,p1(D,D,D),true)=true),(ifeq(p0(C,B),true,p1(B,B,C),true)=true),(ifeq(p0(a,c),true,p1(c,c,c),true)=true),(ifeq(p1(I,A,H),true,ifeq(l0(J),true,ifeq(s0(b),true,p1(H,I,H),true),true),true)=true),(ifeq(s0(G),true,ifeq(s0(F),true,p1(F,F,F),true),true)=true),(ifeq(k0(b),true,ifeq(k0(D),true,ifeq(k1(E),true,ifeq(n0(e,b),true,p1(D,D,D),true),true),true),true)=true),(ifeq(p0(C,B),true,ifeq(r0(B),true,p1(B,B,C),true),true)=true),(ifeq(p0(b,a),true,p1(a,a,a),true)=true),(ifeq(m0(b,c,e),true,p1(c,e,b),true)=true),(ifeq(p0(d,b),true,ifeq(m0(e,a,a),true,p1(d,d,b),true),true)=true),(ifeq(k0(e),true,ifeq(l0(c),true,ifeq(k1(A),true,p1(A,A,A),true),true),true)=true),(ifeq(n1(H,J,G),true,ifeq(l0(I),true,ifeq(n0(H,H),true,p1(G,G,G),true),true),true)=true),(ifeq(m1(C,D,B),true,ifeq(l0(F),true,ifeq(q0(D,E),true,p1(B,B,B),true),true),true)=true),(ifeq(p1(J,H,A),true,ifeq(m0(J,H,A),true,p1(H,I,J),true),true)=true),(ifeq(m1(F,G,b),true,ifeq(k0(G),true,p1(F,b,G),true),true)=true),(ifeq(m0(b,E,b),true,ifeq(l1(D,b),true,p1(D,D,D),true),true)=true),(ifeq(p0(C,B),true,p1(B,B,B),true)=true),(ifeq(l0(I),true,ifeq(m0(J,A,I),true,p1(I,I,I),true),true)=true),(ifeq(p1(a,a,a),true,ifeq(r0(b),true,p1(a,b,a),true),true)=true),(ifeq(l0(a),true,p1(a,a,a),true)=true),(ifeq(n1(c,d,H),true,ifeq(r0(d),true,ifeq(s0(H),true,ifeq(n0(c,H),true,p1(d,d,H),true),true),true),true)=true),(ifeq(k0(e),true,ifeq(r0(e),true,p1(e,e,e),true),true)=true),(ifeq(n1(D,C,G),true,ifeq(q0(D,E),true,ifeq(k1(F),true,p1(C,C,C),true),true),true)=true),(ifeq(p0(C,J),true,ifeq(n0(B,A),true,q1(J,A,J),true),true)=true),(ifeq(q0(I,H),true,q1(H,H,H),true)=true),(ifeq(k0(b),true,ifeq(l0(c),true,ifeq(s0(e),true,q1(b,e,e),true),true),true)=true),(ifeq(p0(G,F),true,q1(F,G,G),true)=true),(ifeq(q1(E,C,D),true,ifeq(n1(C,D,D),true,ifeq(m1(B,D,C),true,ifeq(p0(C,E),true,q1(B,B,B),true),true),true),true)=true),(ifeq(s0(A),true,q1(A,A,A),true)=true),(ifeq(m0(I,I,J),true,ifeq(s0(H),true,q1(H,H,H),true),true)=true),(ifeq(q1(F,F,G),true,ifeq(k0(G),true,ifeq(l0(E),true,q1(E,F,F),true),true),true)=true),(ifeq(n0(D,C),true,q1(C,C,C),true)=true),(ifeq(p1(b,b,B),true,ifeq(q0(B,b),true,ifeq(k1(B),true,q1(B,B,B),true),true),true)=true),(ifeq(k0(J),true,ifeq(l0(A),true,q1(J,J,J),true),true)=true),(ifeq(m0(I,c,b),true,q1(I,I,I),true)=true),(ifeq(l0(E),true,ifeq(p0(H,E),true,ifeq(r0(G),true,ifeq(q0(F,F),true,q1(E,F,E),true),true),true),true)=true),(ifeq(p0(D,d),true,ifeq(s0(C),true,q1(C,C,D),true),true)=true),(ifeq(s0(B),true,q1(B,B,B),true)=true),(ifeq(m0(e,d,A),true,ifeq(m0(A,d,A),true,q1(e,A,A),true),true)=true),(ifeq(p1(H,b,b),true,ifeq(p0(I,J),true,ifeq(q0(b,b),true,q1(H,H,H),true),true),true)=true),(ifeq(p0(G,G),true,ifeq(q0(F,E),true,ifeq(k1(E),true,q1(E,E,F),true),true),true)=true),(ifeq(m0(C,D,B),true,q1(B,B,B),true)=true),(ifeq(m1(c,d,a),true,ifeq(m0(c,b,a),true,q1(d,d,c),true),true)=true),(ifeq(s0(b),true,ifeq(k1(A),true,q1(A,A,A),true),true)=true),(ifeq(m1(H,I,I),true,ifeq(r0(J),true,q1(H,H,I),true),true)=true),(ifeq(k0(G),true,ifeq(m0(F,F,G),true,q1(F,F,F),true),true)=true),(ifeq(l0(b),true,q1(b,b,b),true)=true),(ifeq(r0(E),true,q1(E,E,E),true)=true),(ifeq(k0(e),true,ifeq(s0(d),true,q1(d,d,d),true),true)=true),(ifeq(n1(D,d,C),true,ifeq(p0(b,d),true,ifeq(s0(b),true,q1(C,C,C),true),true),true)=true),(ifeq(s0(b),true,ifeq(s0(B),true,q1(B,b,b),true),true)=true),(ifeq(r0(b),true,q1(b,b,b),true)=true),(ifeq(m0(J,A,I),true,q1(I,I,I),true)=true),(ifeq(m0(G,H,G),true,q1(G,G,G),true)=true),(ifeq(r0(F),true,ifeq(m0(c,F,F),true,q1(F,F,F),true),true)=true),(ifeq(q1(d,E,d),true,ifeq(q0(D,E),true,ifeq(s0(d),true,r1(D),true),true),true)=true),(ifeq(p0(I,I),true,s1(I),true)=true),(ifeq(s1(H),true,ifeq(q0(F,G),true,s1(F),true),true)=true),(ifeq(k2(F,D),true,ifeq(m1(E,D,C),true,ifeq(k1(F),true,k2(C,D),true),true),true)=true),(ifeq(q1(B,B,d),true,ifeq(n1(e,d,B),true,ifeq(m1(B,e,B),true,k2(B,B),true),true),true)=true),(ifeq(q1(A,J,J),true,k2(J,J),true)=true),(ifeq(l1(e,e),true,k2(e,e),true)=true),(ifeq(l2(E,E),true,ifeq(s1(D),true,ifeq(n0(e,E),true,l2(D,E),true),true),true)=true),(ifeq(s1(B),true,ifeq(p0(A,A),true,ifeq(m0(C,B,J),true,l2(J,J),true),true),true)=true),(ifeq(m1(I,H,H),true,ifeq(p0(H,G),true,ifeq(m0(H,G,I),true,l2(G,G),true),true),true)=true),(ifeq(s0(F),true,ifeq(l1(G,H),true,m2(F),true),true)=true),(ifeq(k1(b),true,m2(b),true)=true),(ifeq(p1(B,C,A),true,n2(A),true)=true),(ifeq(q1(c,a,d),true,ifeq(n1(e,a,e),true,ifeq(m1(b,a,e),true,ifeq(k1(c),true,n2(a),true),true),true),true)=true),(ifeq(k0(b),true,ifeq(l1(e,c),true,n2(c),true),true)=true),(ifeq(r1(b),true,ifeq(p1(b,I,J),true,ifeq(r0(e),true,n2(e),true),true),true)=true),(ifeq(q1(B,a,B),true,p2(B,a,B),true)=true),(ifeq(l2(a,A),true,ifeq(k2(J,a),true,ifeq(k0(A),true,ifeq(k1(A),true,p2(J,J,J),true),true),true),true)=true),(ifeq(q1(e,e,e),true,ifeq(l1(c,b),true,p2(c,e,e),true),true)=true),(ifeq(k2(c,a),true,ifeq(n1(c,I,I),true,ifeq(p0(b,I),true,ifeq(r0(e),true,p2(b,c,a),true),true),true),true)=true),(ifeq(p1(G,H,e),true,ifeq(r0(e),true,p2(e,G,H),true),true)=true),(ifeq(p2(C,D,C),true,ifeq(p1(C,E,F),true,ifeq(l1(E,F),true,p2(C,D,D),true),true),true)=true),(ifeq(r1(d),true,ifeq(l1(e,c),true,p2(e,c,c),true),true)=true),(ifeq(p2(A,J,A),true,ifeq(m1(A,B,J),true,p2(J,J,J),true),true)=true),(ifeq(r1(a),true,ifeq(m0(I,H,d),true,p2(H,H,d),true),true)=true),(ifeq(m1(G,G,F),true,p2(F,F,F),true)=true),(ifeq(s0(d),true,ifeq(k1(d),true,p2(d,d,d),true),true)=true),(ifeq(p2(C,D,C),true,ifeq(n1(E,D,E),true,ifeq(p0(C,D),true,p2(C,D,D),true),true),true)=true),(ifeq(n1(d,d,B),true,p2(B,B,B),true)=true),(ifeq(q1(A,A,A),true,p2(A,A,A),true)=true),(ifeq(p2(e,H,I),true,ifeq(k1(J),true,p2(H,I,I),true),true)=true),(ifeq(q1(a,G,F),true,ifeq(n1(e,F,a),true,p2(F,e,G),true),true)=true),(ifeq(l1(E,d),true,p2(E,E,E),true)=true),(ifeq(p2(B,D,B),true,ifeq(s1(c),true,ifeq(q1(c,B,D),true,ifeq(s0(e),true,p2(B,B,C),true),true),true),true)=true),(ifeq(k1(A),true,p2(A,A,A),true)=true),(ifeq(p2(a,J,H),true,ifeq(m1(a,a,I),true,p2(H,H,H),true),true)=true),(ifeq(p1(d,b,e),true,p2(d,b,b),true)=true),(ifeq(q1(e,c,G),true,ifeq(p1(G,b,b),true,ifeq(n1(e,e,G),true,p2(b,c,c),true),true),true)=true),(ifeq(k2(E,c),true,ifeq(q1(F,c,F),true,p2(E,E,E),true),true)=true),(ifeq(p2(D,C,B),true,ifeq(r1(C),true,ifeq(p0(B,B),true,p2(B,B,B),true),true),true)=true),(ifeq(p2(J,J,A),true,ifeq(q1(J,A,J),true,p2(I,I,I),true),true)=true),(ifeq(m1(a,H,d),true,ifeq(n0(H,d),true,p2(a,H,d),true),true)=true),(ifeq(s1(G),true,ifeq(k1(G),true,p2(G,G,G),true),true)=true),(ifeq(l2(e,b),true,ifeq(r1(e),true,ifeq(m1(d,a,c),true,ifeq(l1(e,c),true,p2(a,c,b),true),true),true),true)=true),(ifeq(q1(E,E,E),true,ifeq(p1(D,F,D),true,p2(D,D,D),true),true)=true),(ifeq(n1(C,e,e),true,p2(C,e,C),true)=true),(ifeq(n1(B,B,B),true,ifeq(p0(A,A),true,p2(A,A,A),true),true)=true),(ifeq(p1(e,e,a),true,p2(a,a,a),true)=true),(ifeq(r1(J),true,ifeq(r0(I),true,p2(I,I,I),true),true)=true),(ifeq(n2(H),true,ifeq(k1(e),true,p2(H,H,H),true),true)=true),(ifeq(l1(G,F),true,p2(F,F,F),true)=true),(ifeq(m1(E,D,E),true,p2(D,E,D),true)=true),(ifeq(p1(E,E,E),true,ifeq(k0(F),true,q2(E,F,F),true),true)=true),(ifeq(n1(C,B,D),true,ifeq(q0(C,B),true,q2(B,B,B),true),true)=true),(ifeq(n1(J,J,A),true,ifeq(k1(A),true,q2(J,J,J),true),true)=true),(ifeq(q2(d,c,a),true,ifeq(s1(c),true,ifeq(q0(e,c),true,q2(d,a,a),true),true),true)=true),(ifeq(p1(I,I,I),true,q2(I,I,I),true)=true),(ifeq(q2(G,H,F),true,ifeq(p1(F,F,H),true,ifeq(n1(G,F,H),true,q2(F,G,F),true),true),true)=true),(ifeq(l2(E,D),true,ifeq(l0(c),true,ifeq(k1(E),true,q2(D,c,E),true),true),true)=true),(ifeq(q1(C,c,B),true,q2(B,B,B),true)=true),(ifeq(q2(A,A,J),true,ifeq(n1(J,d,A),true,ifeq(k1(I),true,q2(I,I,I),true),true),true)=true),(ifeq(l1(H,G),true,q2(G,G,H),true)=true),(ifeq(q2(D,D,D),true,ifeq(r1(D),true,ifeq(k0(D),true,ifeq(m0(E,F,C),true,q2(C,D,C),true),true),true),true)=true),(ifeq(r1(G),true,ifeq(l0(G),true,r2(G),true),true)=true),(ifeq(q2(b,H,b),true,ifeq(s1(b),true,s2(H),true),true)=true),(ifeq(s1(a),true,ifeq(s0(d),true,s2(d),true),true)=true),(ifeq(s1(d),true,ifeq(r1(d),true,s2(d),true),true)=true),(ifeq(p2(B,A,C),true,ifeq(s1(A),true,ifeq(n0(J,C),true,k3(J,A,J),true),true),true)=true),(ifeq(s2(I),true,ifeq(q2(d,I,d),true,ifeq(s1(H),true,k3(H,H,H),true),true),true)=true),(ifeq(k2(G,F),true,k3(F,F,G),true)=true),(ifeq(s2(e),true,ifeq(k2(c,e),true,k3(c,c,c),true),true)=true),(ifeq(p2(D,E,D),true,ifeq(m1(C,C,E),true,k3(C,C,C),true),true)=true),(ifeq(l2(B,b),true,ifeq(k1(A),true,k3(A,A,A),true),true)=true),(ifeq(r2(c),true,ifeq(k0(a),true,k3(c,c,c),true),true)=true),(ifeq(k3(F,G,G),true,ifeq(p2(G,H,e),true,ifeq(s1(G),true,k3(F,F,F),true),true),true)=true),(ifeq(m2(E),true,ifeq(m2(D),true,ifeq(p1(C,D,B),true,k3(B,B,C),true),true),true)=true),(ifeq(k3(H,A,J),true,ifeq(k2(G,J),true,ifeq(q0(I,H),true,k3(G,G,H),true),true),true)=true),(ifeq(r2(a),true,ifeq(l2(e,b),true,ifeq(p1(a,d,b),true,k3(d,d,d),true),true),true)=true),(ifeq(r2(a),true,k3(a,a,a),true)=true),(ifeq(p2(F,E,E),true,k3(E,E,E),true)=true),(ifeq(p2(D,C,C),true,k3(C,D,C),true)=true),(ifeq(r2(c),true,ifeq(l1(b,I),true,k3(I,I,I),true),true)=true),(ifeq(k3(G,H,G),true,ifeq(s2(E),true,ifeq(m2(F),true,ifeq(l1(G,H),true,k3(E,E,E),true),true),true),true)=true),(ifeq(n2(D),true,k3(D,D,D),true)=true),(ifeq(r2(e),true,ifeq(l0(C),true,ifeq(r0(e),true,k3(C,C,C),true),true),true)=true),(ifeq(m2(B),true,k3(B,B,B),true)=true),(ifeq(p2(J,A,A),true,ifeq(r1(I),true,k3(I,I,I),true),true)=true),(ifeq(r2(c),true,k3(c,c,c),true)=true),(ifeq(p2(G,H,G),true,ifeq(r0(G),true,l3(G,H),true),true)=true),(ifeq(p2(E,F,D),true,ifeq(p1(D,D,E),true,l3(D,D),true),true)=true),(ifeq(n2(C),true,ifeq(m2(b),true,l3(C,C),true),true)=true),(ifeq(r2(B),true,l3(B,B),true)=true),(ifeq(l3(A,A),true,ifeq(n2(J),true,ifeq(l1(A,I),true,l3(I,I),true),true),true)=true),(ifeq(s2(H),true,ifeq(l1(G,G),true,l3(G,G),true),true)=true),(ifeq(k2(a,d),true,l3(d,d),true)=true),(ifeq(k3(E,D,D),true,ifeq(l2(F,F),true,l3(D,D),true),true)=true),(ifeq(k2(b,c),true,l3(c,c),true)=true),(ifeq(k3(a,c,a),true,ifeq(s2(d),true,ifeq(r0(b),true,l3(d,c),true),true),true)=true),(ifeq(s2(B),true,ifeq(l2(C,J),true,ifeq(m0(B,B,A),true,ifeq(m0(J,C,C),true,m3(J,A,J),true),true),true),true)=true),(ifeq(m3(G,I,G),true,ifeq(l2(a,a),true,ifeq(k2(H,I),true,ifeq(n0(I,a),true,m3(G,G,G),true),true),true),true)=true),(ifeq(s2(E),true,ifeq(r2(C),true,ifeq(q0(D,E),true,ifeq(s0(F),true,m3(C,C,C),true),true),true),true)=true),(ifeq(m3(B,J,B),true,ifeq(n2(J),true,ifeq(m2(A),true,m3(J,A,A),true),true),true)=true),(ifeq(q2(a,b,a),true,m3(b,b,b),true)=true),(ifeq(q2(b,c,d),true,ifeq(m2(d),true,ifeq(l1(d,b),true,m3(c,b,d),true),true),true)=true),(ifeq(r2(H),true,ifeq(k2(c,I),true,m3(H,I,H),true),true)=true),(ifeq(n2(G),true,ifeq(l2(G,G),true,m3(G,G,G),true),true)=true),(ifeq(n2(E),true,ifeq(m2(F),true,m3(E,E,E),true),true)=true),(ifeq(p2(D,e,e),true,ifeq(n2(e),true,m3(D,e,e),true),true)=true),(ifeq(k3(B,C,B),true,ifeq(r2(C),true,m3(B,B,C),true),true)=true),(ifeq(n2(A),true,m3(A,A,A),true)=true),(ifeq(s2(c),true,ifeq(q2(J,c,c),true,m3(J,c,J),true),true)=true),(ifeq(p2(I,I,I),true,m3(I,I,I),true)=true),(ifeq(l2(a,b),true,m3(b,b,b),true)=true),(ifeq(p2(E,F,D),true,n3(D),true)=true),(ifeq(q2(F,d,C),true,ifeq(k2(D,E),true,p3(C,D,E),true),true)=true),(ifeq(k3(A,B,J),true,ifeq(r2(A),true,p3(J,A,B),true),true)=true),(ifeq(n3(I),true,ifeq(l3(b,e),true,ifeq(q2(I,d,I),true,ifeq(p2(d,b,c),true,p3(I,d,e),true),true),true),true)=true),(ifeq(n2(H),true,p3(H,H,H),true)=true),(ifeq(p3(G,G,F),true,ifeq(l3(F,E),true,ifeq(l1(F,F),true,p3(E,E,E),true),true),true)=true),(ifeq(l2(D,D),true,p3(D,D,D),true)=true),(ifeq(q2(B,C,A),true,ifeq(n2(A),true,ifeq(s1(B),true,p3(A,A,A),true),true),true)=true),(ifeq(n3(I),true,ifeq(p2(J,I,I),true,p3(I,I,I),true),true)=true),(ifeq(n2(H),true,ifeq(k1(H),true,p3(H,H,H),true),true)=true),(ifeq(q2(F,G,E),true,ifeq(k1(E),true,p3(E,E,E),true),true)=true),(ifeq(m3(B,C,D),true,ifeq(p2(A,B,D),true,p3(A,B,B),true),true)=true),(ifeq(k2(J,J),true,ifeq(q0(I,H),true,p3(H,H,H),true),true)=true),(ifeq(k2(c,b),true,p3(b,c,b),true)=true),(ifeq(m3(e,G,e),true,ifeq(q2(G,G,b),true,p3(e,b,e),true),true)=true),(ifeq(q2(I,G,H),true,ifeq(n0(I,G),true,q3(G,H),true),true)=true),(ifeq(q3(F,E),true,ifeq(p2(F,E,E),true,q3(E,E),true),true)=true),(ifeq(q3(C,B),true,ifeq(s2(B),true,ifeq(n1(D,B,C),true,q3(B,C),true),true),true)=true),(ifeq(r2(I),true,ifeq(l2(A,A),true,ifeq(s1(J),true,q3(I,I),true),true),true)=true),(ifeq(q3(H,G),true,ifeq(r2(d),true,ifeq(m0(H,d,H),true,ifeq(k1(G),true,q3(G,G),true),true),true),true)=true),(ifeq(s2(H),true,ifeq(l2(c,G),true,r3(G,H,H),true),true)=true),(ifeq(r2(D),true,ifeq(n1(F,F,F),true,ifeq(l1(E,F),true,r3(D,D,D),true),true),true)=true),(ifeq(r3(A,B,A),true,ifeq(l2(C,B),true,ifeq(p1(B,C,A),true,r3(A,A,A),true),true),true)=true),(ifeq(r3(I,I,J),true,ifeq(m0(d,J,I),true,r3(I,I,I),true),true)=true),(ifeq(s2(H),true,r3(H,H,H),true)=true),(ifeq(l2(G,F),true,r3(F,F,F),true)=true),(ifeq(r2(E),true,r3(E,E,E),true)=true),(ifeq(p2(B,D,C),true,r3(B,C,B),true)=true),(ifeq(r3(I,A,A),true,ifeq(m3(J,b,H),true,ifeq(m2(I),true,r3(H,H,I),true),true),true)=true),(ifeq(m3(a,G,G),true,ifeq(q2(G,e,G),true,ifeq(m2(b),true,ifeq(k2(a,a),true,r3(a,a,e),true),true),true),true)=true),(ifeq(p2(b,F,b),true,ifeq(l2(F,F),true,ifeq(r0(F),true,r3(F,b,F),true),true),true)=true),(ifeq(r3(D,D,D),true,ifeq(p3(D,C,E),true,r3(C,C,C),true),true)=true),(ifeq(r3(B,J,J),true,ifeq(r2(B),true,ifeq(k2(A,B),true,r3(J,A,B),true),true),true)=true),(ifeq(s2(I),true,ifeq(q2(A,I,A),true,ifeq(m0(A,B,J),true,s3(I,J),true),true),true)=true),(ifeq(q3(e,b),true,ifeq(n3(e),true,ifeq(n0(c,d),true,k4(c),true),true),true)=true),(ifeq(r3(C,e,D),true,ifeq(q3(C,C),true,ifeq(q1(a,a,D),true,k4(e),true),true),true)=true),(ifeq(p3(A,B,J),true,l4(J),true)=true),(ifeq(l4(I),true,ifeq(m0(I,H,H),true,l4(H),true),true)=true),(ifeq(s3(a,E),true,ifeq(l2(G,F),true,m4(E,F),true),true)=true),(ifeq(n4(J,J),true,ifeq(p3(J,A,A),true,n4(J,A),true),true)=true),(ifeq(k3(c,c,e),true,ifeq(q1(d,d,d),true,n4(d,d),true),true)=true),(ifeq(p3(b,e,a),true,ifeq(l3(b,a),true,n4(e,e),true),true)=true),(ifeq(k4(I),true,ifeq(m3(H,H,H),true,n4(H,H),true),true)=true),(ifeq(r3(H,G,H),true,ifeq(r0(G),true,p4(G,G,H),true),true)=true),(ifeq(q3(E,F),true,ifeq(n3(D),true,p4(D,D,D),true),true)=true),(ifeq(k3(B,B,C),true,p4(B,C,B),true)=true),(ifeq(p4(J,J,A),true,ifeq(r3(I,I,H),true,p4(H,I,I),true),true)=true),(ifeq(p4(F,G,F),true,ifeq(l4(D),true,ifeq(n0(D,E),true,p4(D,D,D),true),true),true)=true),(ifeq(p4(A,C,A),true,ifeq(m3(B,C,A),true,p4(A,A,A),true),true)=true),(ifeq(p3(J,J,I),true,p4(I,I,I),true)=true),(ifeq(n4(F,H),true,ifeq(k3(G,H,H),true,ifeq(p1(H,G,F),true,p4(F,F,F),true),true),true)=true),(ifeq(n4(E,C),true,ifeq(q3(D,E),true,ifeq(l3(D,D),true,p4(C,C,C),true),true),true)=true),(ifeq(n3(a),true,ifeq(m3(B,c,a),true,p4(c,c,B),true),true)=true),(ifeq(m3(E,F,E),true,ifeq(k3(D,D,B),true,ifeq(q2(E,C,B),true,q4(B,C),true),true),true)=true),(ifeq(q4(J,A),true,ifeq(l4(J),true,ifeq(r1(I),true,q4(I,I),true),true),true)=true),(ifeq(k3(c,e,b),true,ifeq(l1(b,c),true,q4(b,b),true),true)=true),(ifeq(q3(H,I),true,ifeq(n3(G),true,ifeq(p0(J,G),true,r4(G),true),true),true)=true),(ifeq(p3(B,C,D),true,ifeq(l1(A,C),true,s4(A),true),true)=true),(ifeq(s4(F),true,ifeq(r3(G,E,E),true,k5(E),true),true)=true),(ifeq(s4(e),true,ifeq(n1(b,b,b),true,k5(b),true),true)=true),(ifeq(q4(I,I),true,ifeq(k1(H),true,l5(H),true),true)=true),(ifeq(p4(D,F,E),true,ifeq(r0(D),true,m5(D,E),true),true)=true),(ifeq(k4(C),true,m5(C,C),true)=true),(ifeq(s4(B),true,ifeq(m4(e,e),true,m5(B,B),true),true)=true),(ifeq(s4(A),true,ifeq(r0(J),true,m5(J,J),true),true)=true),(ifeq(n5(F,C),true,ifeq(q4(D,E),true,ifeq(p4(F,F,C),true,ifeq(n4(B,E),true,n5(B,C),true),true),true),true)=true),(ifeq(n5(A,J),true,ifeq(m0(A,J,A),true,n5(J,J),true),true)=true),(ifeq(n4(I,H),true,n5(H,H),true)=true),(ifeq(k5(d),true,ifeq(m4(G,G),true,ifeq(p0(E,F),true,n5(E,E),true),true),true)=true),(ifeq(p4(c,d,c),true,n5(d,d),true)=true),(ifeq(n4(b,e),true,ifeq(r3(d,b,c),true,n5(b,e),true),true)=true),(ifeq(q4(D,C),true,n5(C,C),true)=true),(ifeq(r4(B),true,n5(B,B),true)=true),(ifeq(k4(A),true,ifeq(s1(A),true,n5(A,A),true),true)=true),(ifeq(p4(b,b,J),true,ifeq(p4(I,H,H),true,ifeq(s1(H),true,n5(H,H),true),true),true)=true),(ifeq(n4(G,d),true,ifeq(k3(d,G,a),true,n5(d,G),true),true)=true),(ifeq(s4(F),true,ifeq(l2(E,E),true,p5(E,E,F),true),true)=true),(ifeq(p5(B,D,B),true,ifeq(m4(D,C),true,ifeq(l2(B,D),true,p5(B,C,C),true),true),true)=true),(ifeq(q4(J,A),true,ifeq(s1(I),true,p5(I,J,I),true),true)=true),(ifeq(k5(b),true,ifeq(p4(G,G,H),true,p5(b,b,b),true),true)=true),(ifeq(s4(J),true,ifeq(m2(A),true,q5(J,A),true),true)=true),(ifeq(r4(a),true,q5(a,a),true)=true),(ifeq(l4(I),true,q5(I,I),true)=true),(ifeq(q4(H,H),true,q5(H,H),true)=true),(ifeq(m4(G,G),true,q5(G,G),true)=true),(ifeq(s4(C),true,ifeq(n3(D),true,ifeq(k0(b),true,r5(C,D),true),true),true)=true),(ifeq(k4(B),true,r5(B,B),true)=true),(ifeq(r4(I),true,ifeq(l4(H),true,s5(H),true),true)=true),(ifeq(s5(G),true,ifeq(l5(G),true,ifeq(k4(E),true,ifeq(s3(E,F),true,s5(E),true),true),true),true)=true),(ifeq(A,A,B,C)=B),(s0(d)=true),(q0(e,d)=true),(n0(d,e)=true),(m0(e,d,a)=true),(s0(b)=true),(q0(b,b)=true),(n0(d,b)=true),(m0(e,d,e)=true),(r0(b)=true),(p0(b,d)=true),(n0(e,b)=true),(m0(a,X,a)=true),(r0(e)=true),(p0(b,X)=true),(n0(a,b)=true),(m0(c,b,a)=true),(q0(X,d)=true),(p0(c,b)=true),(m0(X,d,Y)=true),(l0(a)=true),(q0(b,e)=true),(p0(b,c)=true),(m0(a,e,e)=true),(l0(c)=true),(q0(d,d)=true),(n0(d,c)=true),(m0(e,b,c)=true),(k0(e)=true),(q0(d,b)=true),(n0(e,e)=true),(m0(b,b,e)=true),(k0(b)=true),(q0(d,c)=true),(n0(c,d)=true),(m0(d,e,c)=true),(q0(a,b)=true),(n0(b,a)=true),(m0(b,a,a)=true),(ifeq(n0(J,I),true,k1(I),true)=true),(ifeq(n0(H,G),true,l1(G,G),true)=true),(ifeq(p0(E,C),true,ifeq(r0(F),true,ifeq(m0(D,C,E),true,l1(C,D),true),true),true)=true),(ifeq(l0(B),true,ifeq(l1(B,B),true,ifeq(k1(A),true,l1(A,A),true),true),true)=true),(ifeq(m0(C,C,B),true,m1(B,C,B),true)=true),(ifeq(m0(A,A,J),true,m1(J,J,J),true)=true),(ifeq(p0(I,H),true,ifeq(r0(G),true,m1(G,H,G),true),true)=true),(ifeq(l0(b),true,m1(b,b,b),true)=true),(ifeq(r0(E),true,ifeq(q0(F,D),true,ifeq(s0(E),true,m1(D,D,D),true),true),true)=true),(ifeq(p0(C,B),true,ifeq(l1(c,c),true,ifeq(n0(C,C),true,m1(B,B,c),true),true),true)=true),(ifeq(k0(J),true,ifeq(n0(A,A),true,m1(J,J,A),true),true)=true),(ifeq(r0(e),true,m1(e,e,e),true)=true),(ifeq(q0(I,H),true,m1(H,H,H),true)=true),(ifeq(m0(F,G,E),true,m1(E,E,E),true)=true),(ifeq(l0(D),true,ifeq(m0(C,C,B),true,m1(B,C,C),true),true)=true),(ifeq(m1(J,A,I),true,ifeq(m1(J,I,H),true,m1(H,I,I),true),true)=true),(ifeq(q0(G,d),true,ifeq(s0(F),true,m1(F,F,F),true),true)=true),(ifeq(q0(D,E),true,ifeq(q0(D,C),true,m1(C,C,C),true),true)=true),(ifeq(p0(A,B),true,ifeq(r0(c),true,ifeq(q0(B,d),true,ifeq(s0(d),true,m1(A,B,c),true),true),true),true)=true),(ifeq(l0(c),true,m1(c,c,c),true)=true),(ifeq(k0(J),true,ifeq(l0(I),true,m1(I,J,I),true),true)=true),(ifeq(s0(e),true,m1(e,e,e),true)=true),(ifeq(l0(a),true,ifeq(s0(d),true,m1(a,a,a),true),true)=true),(ifeq(m1(G,c,G),true,ifeq(m0(a,H,a),true,ifeq(q0(F,G),true,m1(F,a,G),true),true),true)=true),(ifeq(m0(D,E,C),true,m1(C,C,C),true)=true),(ifeq(l0(B),true,ifeq(l0(A),true,ifeq(p0(B,d),true,m1(A,A,A),true),true),true)=true),(ifeq(q0(c,d),true,ifeq(l1(a,b),true,m1(b,b,b),true),true)=true),(ifeq(k0(J),true,ifeq(l0(J),true,ifeq(m0(J,J,J),true,m1(J,J,J),true),true),true)=true),(ifeq(p0(H,I),true,ifeq(s0(H),true,m1(H,I,H),true),true)=true),(ifeq(r0(e),true,m1(e,e,e),true)=true),(ifeq(k0(e),true,ifeq(r0(e),true,ifeq(r0(G),true,ifeq(m0(a,e,c),true,m1(c,a,c),true),true),true),true)=true),(ifeq(s0(F),true,m1(F,F,F),true)=true),(ifeq(m1(E,D,C),true,ifeq(q0(D,D),true,m1(C,C,C),true),true)=true),(ifeq(q0(A,A),true,ifeq(k1(a),true,ifeq(k1(B),true,m1(A,B,B),true),true),true)=true),(ifeq(l0(J),true,ifeq(r0(I),true,m1(I,J,I),true),true)=true),(ifeq(m0(b,B,A),true,n1(A,A,B),true)=true),(ifeq(l0(I),true,ifeq(p0(J,H),true,ifeq(r0(H),true,n1(H,I,H),true),true),true)=true),(ifeq(q0(a,G),true,ifeq(n0(G,G),true,n1(G,G,G),true),true)=true),(ifeq(m0(F,E,c),true,n1(E,c,E),true)=true),(ifeq(m0(C,D,e),true,ifeq(k1(C),true,n1(C,e,e),true),true)=true),(ifeq(m1(b,B,e),true,ifeq(s0(b),true,n1(e,e,B),true),true)=true),(ifeq(k0(H),true,ifeq(m0(I,J,I),true,ifeq(q0(A,J),true,n1(H,H,H),true),true),true)=true),(ifeq(p0(G,G),true,ifeq(k1(G),true,n1(G,G,G),true),true)=true),(ifeq(p0(E,F),true,ifeq(p0(D,D),true,n1(D,E,D),true),true)=true),(ifeq(q0(d,d),true,n1(d,d,d),true)=true),(ifeq(m1(B,C,A),true,ifeq(k0(B),true,n1(A,A,A),true),true)=true),(ifeq(p0(J,J),true,ifeq(r0(I),true,ifeq(l1(J,d),true,n1(I,d,J),true),true),true)=true),(ifeq(l0(c),true,n1(c,c,c),true)=true),(ifeq(l0(D),true,ifeq(p0(b,E),true,ifeq(s0(b),true,n1(D,E,D),true),true),true)=true),(ifeq(n1(C,B,C),true,ifeq(m1(c,B,C),true,ifeq(m0(b,C,c),true,n1(B,B,B),true),true),true)=true),(ifeq(p0(A,J),true,ifeq(m0(J,J,J),true,ifeq(s0(I),true,ifeq(k1(I),true,n1(I,I,I),true),true),true),true)=true),(ifeq(p0(a,b),true,ifeq(p0(H,d),true,n1(a,H,b),true),true)=true),(ifeq(n1(E,F,E),true,ifeq(l0(G),true,ifeq(l1(G,E),true,n1(E,F,F),true),true),true)=true),(ifeq(n1(e,e,e),true,ifeq(p0(d,d),true,ifeq(r0(b),true,n1(d,e,e),true),true),true)=true),(ifeq(l0(a),true,ifeq(r0(a),true,n1(a,a,a),true),true)=true),(ifeq(r0(D),true,n1(D,D,D),true)=true),(ifeq(l1(C,B),true,ifeq(n0(C,B),true,n1(B,B,B),true),true)=true),(ifeq(m0(J,A,A),true,ifeq(m0(I,J,H),true,n1(H,H,I),true),true)=true),(ifeq(m1(d,e,e),true,ifeq(k0(b),true,ifeq(q0(b,e),true,n1(d,d,b),true),true),true)=true),(ifeq(k0(G),true,ifeq(s0(G),true,n1(G,G,G),true),true)=true),(ifeq(n1(E,D,E),true,ifeq(m0(E,E,F),true,n1(D,D,D),true),true)=true),(ifeq(k0(E),true,ifeq(n0(d,D),true,p1(D,D,E),true),true)=true),(ifeq(l0(A),true,ifeq(m0(B,C,b),true,p1(A,A,A),true),true)=true),(ifeq(p0(I,J),true,ifeq(l1(J,J),true,ifeq(n0(J,J),true,p1(I,I,I),true),true),true)=true),(ifeq(n0(H,G),true,p1(G,G,G),true)=true),(ifeq(q0(F,E),true,p1(E,E,E),true)=true),(ifeq(k0(D),true,p1(D,D,D),true)=true),(ifeq(p0(C,B),true,p1(B,B,C),true)=true),(ifeq(p0(a,c),true,p1(c,c,c),true)=true),(ifeq(p1(I,A,H),true,ifeq(l0(J),true,ifeq(s0(b),true,p1(H,I,H),true),true),true)=true),(ifeq(s0(G),true,ifeq(s0(F),true,p1(F,F,F),true),true)=true),(ifeq(k0(b),true,ifeq(k0(D),true,ifeq(k1(E),true,ifeq(n0(e,b),true,p1(D,D,D),true),true),true),true)=true),(ifeq(p0(C,B),true,ifeq(r0(B),true,p1(B,B,C),true),true)=true),(ifeq(p0(b,a),true,p1(a,a,a),true)=true),(ifeq(m0(b,c,e),true,p1(c,e,b),true)=true),(ifeq(p0(d,b),true,ifeq(m0(e,a,a),true,p1(d,d,b),true),true)=true),(ifeq(k0(e),true,ifeq(l0(c),true,ifeq(k1(A),true,p1(A,A,A),true),true),true)=true),(ifeq(n1(H,J,G),true,ifeq(l0(I),true,ifeq(n0(H,H),true,p1(G,G,G),true),true),true)=true),(ifeq(m1(C,D,B),true,ifeq(l0(F),true,ifeq(q0(D,E),true,p1(B,B,B),true),true),true)=true),(ifeq(p1(J,H,A),true,ifeq(m0(J,H,A),true,p1(H,I,J),true),true)=true),(ifeq(m1(F,G,b),true,ifeq(k0(G),true,p1(F,b,G),true),true)=true),(ifeq(m0(b,E,b),true,ifeq(l1(D,b),true,p1(D,D,D),true),true)=true),(ifeq(p0(C,B),true,p1(B,B,B),true)=true),(ifeq(l0(I),true,ifeq(m0(J,A,I),true,p1(I,I,I),true),true)=true),(ifeq(p1(a,a,a),true,ifeq(r0(b),true,p1(a,b,a),true),true)=true),(ifeq(l0(a),true,p1(a,a,a),true)=true),(ifeq(n1(c,d,H),true,ifeq(r0(d),true,ifeq(s0(H),true,ifeq(n0(c,H),true,p1(d,d,H),true),true),true),true)=true),(ifeq(k0(e),true,ifeq(r0(e),true,p1(e,e,e),true),true)=true),(ifeq(n1(D,C,G),true,ifeq(q0(D,E),true,ifeq(k1(F),true,p1(C,C,C),true),true),true)=true),(ifeq(p0(C,J),true,ifeq(n0(B,A),true,q1(J,A,J),true),true)=true),(ifeq(q0(I,H),true,q1(H,H,H),true)=true),(ifeq(k0(b),true,ifeq(l0(c),true,ifeq(s0(e),true,q1(b,e,e),true),true),true)=true),(ifeq(p0(G,F),true,q1(F,G,G),true)=true),(ifeq(q1(E,C,D),true,ifeq(n1(C,D,D),true,ifeq(m1(B,D,C),true,ifeq(p0(C,E),true,q1(B,B,B),true),true),true),true)=true),(ifeq(s0(A),true,q1(A,A,A),true)=true),(ifeq(m0(I,I,J),true,ifeq(s0(H),true,q1(H,H,H),true),true)=true),(ifeq(q1(F,F,G),true,ifeq(k0(G),true,ifeq(l0(E),true,q1(E,F,F),true),true),true)=true),(ifeq(n0(D,C),true,q1(C,C,C),true)=true),(ifeq(p1(b,b,B),true,ifeq(q0(B,b),true,ifeq(k1(B),true,q1(B,B,B),true),true),true)=true),(ifeq(k0(J),true,ifeq(l0(A),true,q1(J,J,J),true),true)=true),(ifeq(m0(I,c,b),true,q1(I,I,I),true)=true),(ifeq(l0(E),true,ifeq(p0(H,E),true,ifeq(r0(G),true,ifeq(q0(F,F),true,q1(E,F,E),true),true),true),true)=true),(ifeq(p0(D,d),true,ifeq(s0(C),true,q1(C,C,D),true),true)=true),(ifeq(s0(B),true,q1(B,B,B),true)=true),(ifeq(m0(e,d,A),true,ifeq(m0(A,d,A),true,q1(e,A,A),true),true)=true),(ifeq(p1(H,b,b),true,ifeq(p0(I,J),true,ifeq(q0(b,b),true,q1(H,H,H),true),true),true)=true),(ifeq(p0(G,G),true,ifeq(q0(F,E),true,ifeq(k1(E),true,q1(E,E,F),true),true),true)=true),(ifeq(m0(C,D,B),true,q1(B,B,B),true)=true),(ifeq(m1(c,d,a),true,ifeq(m0(c,b,a),true,q1(d,d,c),true),true)=true),(ifeq(s0(b),true,ifeq(k1(A),true,q1(A,A,A),true),true)=true),(ifeq(m1(H,I,I),true,ifeq(r0(J),true,q1(H,H,I),true),true)=true),(ifeq(k0(G),true,ifeq(m0(F,F,G),true,q1(F,F,F),true),true)=true),(ifeq(l0(b),true,q1(b,b,b),true)=true),(ifeq(r0(E),true,q1(E,E,E),true)=true),(ifeq(k0(e),true,ifeq(s0(d),true,q1(d,d,d),true),true)=true),(ifeq(n1(D,d,C),true,ifeq(p0(b,d),true,ifeq(s0(b),true,q1(C,C,C),true),true),true)=true),(ifeq(s0(b),true,ifeq(s0(B),true,q1(B,b,b),true),true)=true),(ifeq(r0(b),true,q1(b,b,b),true)=true),(ifeq(m0(J,A,I),true,q1(I,I,I),true)=true),(ifeq(m0(G,H,G),true,q1(G,G,G),true)=true),(ifeq(r0(F),true,ifeq(m0(c,F,F),true,q1(F,F,F),true),true)=true),(ifeq(q1(d,E,d),true,ifeq(q0(D,E),true,ifeq(s0(d),true,r1(D),true),true),true)=true),(ifeq(p0(I,I),true,s1(I),true)=true),(ifeq(s1(H),true,ifeq(q0(F,G),true,s1(F),true),true)=true),(ifeq(k2(F,D),true,ifeq(m1(E,D,C),true,ifeq(k1(F),true,k2(C,D),true),true),true)=true),(ifeq(q1(B,B,d),true,ifeq(n1(e,d,B),true,ifeq(m1(B,e,B),true,k2(B,B),true),true),true)=true),(ifeq(q1(A,J,J),true,k2(J,J),true)=true),(ifeq(l1(e,e),true,k2(e,e),true)=true),(ifeq(l2(E,E),true,ifeq(s1(D),true,ifeq(n0(e,E),true,l2(D,E),true),true),true)=true),(ifeq(s1(B),true,ifeq(p0(A,A),true,ifeq(m0(C,B,J),true,l2(J,J),true),true),true)=true),(ifeq(m1(I,H,H),true,ifeq(p0(H,G),true,ifeq(m0(H,G,I),true,l2(G,G),true),true),true)=true),(ifeq(s0(F),true,ifeq(l1(G,H),true,m2(F),true),true)=true),(ifeq(k1(b),true,m2(b),true)=true),(ifeq(p1(B,C,A),true,n2(A),true)=true),(ifeq(q1(c,a,d),true,ifeq(n1(e,a,e),true,ifeq(m1(b,a,e),true,ifeq(k1(c),true,n2(a),true),true),true),true)=true),(ifeq(k0(b),true,ifeq(l1(e,c),true,n2(c),true),true)=true),(ifeq(r1(b),true,ifeq(p1(b,I,J),true,ifeq(r0(e),true,n2(e),true),true),true)=true),(ifeq(q1(B,a,B),true,p2(B,a,B),true)=true),(ifeq(l2(a,A),true,ifeq(k2(J,a),true,ifeq(k0(A),true,ifeq(k1(A),true,p2(J,J,J),true),true),true),true)=true),(ifeq(q1(e,e,e),true,ifeq(l1(c,b),true,p2(c,e,e),true),true)=true),(ifeq(k2(c,a),true,ifeq(n1(c,I,I),true,ifeq(p0(b,I),true,ifeq(r0(e),true,p2(b,c,a),true),true),true),true)=true),(ifeq(p1(G,H,e),true,ifeq(r0(e),true,p2(e,G,H),true),true)=true),(ifeq(p2(C,D,C),true,ifeq(p1(C,E,F),true,ifeq(l1(E,F),true,p2(C,D,D),true),true),true)=true),(ifeq(r1(d),true,ifeq(l1(e,c),true,p2(e,c,c),true),true)=true),(ifeq(p2(A,J,A),true,ifeq(m1(A,B,J),true,p2(J,J,J),true),true)=true),(ifeq(r1(a),true,ifeq(m0(I,H,d),true,p2(H,H,d),true),true)=true),(ifeq(m1(G,G,F),true,p2(F,F,F),true)=true),(ifeq(s0(d),true,ifeq(k1(d),true,p2(d,d,d),true),true)=true),(ifeq(p2(C,D,C),true,ifeq(n1(E,D,E),true,ifeq(p0(C,D),true,p2(C,D,D),true),true),true)=true),(ifeq(n1(d,d,B),true,p2(B,B,B),true)=true),(ifeq(q1(A,A,A),true,p2(A,A,A),true)=true),(ifeq(p2(e,H,I),true,ifeq(k1(J),true,p2(H,I,I),true),true)=true),(ifeq(q1(a,G,F),true,ifeq(n1(e,F,a),true,p2(F,e,G),true),true)=true),(ifeq(l1(E,d),true,p2(E,E,E),true)=true),(ifeq(p2(B,D,B),true,ifeq(s1(c),true,ifeq(q1(c,B,D),true,ifeq(s0(e),true,p2(B,B,C),true),true),true),true)=true),(ifeq(k1(A),true,p2(A,A,A),true)=true),(ifeq(p2(a,J,H),true,ifeq(m1(a,a,I),true,p2(H,H,H),true),true)=true),(ifeq(p1(d,b,e),true,p2(d,b,b),true)=true),(ifeq(q1(e,c,G),true,ifeq(p1(G,b,b),true,ifeq(n1(e,e,G),true,p2(b,c,c),true),true),true)=true),(ifeq(k2(E,c),true,ifeq(q1(F,c,F),true,p2(E,E,E),true),true)=true),(ifeq(p2(D,C,B),true,ifeq(r1(C),true,ifeq(p0(B,B),true,p2(B,B,B),true),true),true)=true),(ifeq(p2(J,J,A),true,ifeq(q1(J,A,J),true,p2(I,I,I),true),true)=true),(ifeq(m1(a,H,d),true,ifeq(n0(H,d),true,p2(a,H,d),true),true)=true),(ifeq(s1(G),true,ifeq(k1(G),true,p2(G,G,G),true),true)=true),(ifeq(l2(e,b),true,ifeq(r1(e),true,ifeq(m1(d,a,c),true,ifeq(l1(e,c),true,p2(a,c,b),true),true),true),true)=true),(ifeq(q1(E,E,E),true,ifeq(p1(D,F,D),true,p2(D,D,D),true),true)=true),(ifeq(n1(C,e,e),true,p2(C,e,C),true)=true),(ifeq(n1(B,B,B),true,ifeq(p0(A,A),true,p2(A,A,A),true),true)=true),(ifeq(p1(e,e,a),true,p2(a,a,a),true)=true),(ifeq(r1(J),true,ifeq(r0(I),true,p2(I,I,I),true),true)=true),(ifeq(n2(H),true,ifeq(k1(e),true,p2(H,H,H),true),true)=true),(ifeq(l1(G,F),true,p2(F,F,F),true)=true),(ifeq(m1(E,D,E),true,p2(D,E,D),true)=true),(ifeq(p1(E,E,E),true,ifeq(k0(F),true,q2(E,F,F),true),true)=true),(ifeq(n1(C,B,D),true,ifeq(q0(C,B),true,q2(B,B,B),true),true)=true),(ifeq(n1(J,J,A),true,ifeq(k1(A),true,q2(J,J,J),true),true)=true),(ifeq(q2(d,c,a),true,ifeq(s1(c),true,ifeq(q0(e,c),true,q2(d,a,a),true),true),true)=true),(ifeq(p1(I,I,I),true,q2(I,I,I),true)=true),(ifeq(q2(G,H,F),true,ifeq(p1(F,F,H),true,ifeq(n1(G,F,H),true,q2(F,G,F),true),true),true)=true),(ifeq(l2(E,D),true,ifeq(l0(c),true,ifeq(k1(E),true,q2(D,c,E),true),true),true)=true),(ifeq(q1(C,c,B),true,q2(B,B,B),true)=true),(ifeq(q2(A,A,J),true,ifeq(n1(J,d,A),true,ifeq(k1(I),true,q2(I,I,I),true),true),true)=true),(ifeq(l1(H,G),true,q2(G,G,H),true)=true),(ifeq(q2(D,D,D),true,ifeq(r1(D),true,ifeq(k0(D),true,ifeq(m0(E,F,C),true,q2(C,D,C),true),true),true),true)=true),(ifeq(r1(G),true,ifeq(l0(G),true,r2(G),true),true)=true),(ifeq(q2(b,H,b),true,ifeq(s1(b),true,s2(H),true),true)=true),(ifeq(s1(a),true,ifeq(s0(d),true,s2(d),true),true)=true),(ifeq(s1(d),true,ifeq(r1(d),true,s2(d),true),true)=true),(ifeq(p2(B,A,C),true,ifeq(s1(A),true,ifeq(n0(J,C),true,k3(J,A,J),true),true),true)=true),(ifeq(s2(I),true,ifeq(q2(d,I,d),true,ifeq(s1(H),true,k3(H,H,H),true),true),true)=true),(ifeq(k2(G,F),true,k3(F,F,G),true)=true),(ifeq(s2(e),true,ifeq(k2(c,e),true,k3(c,c,c),true),true)=true),(ifeq(p2(D,E,D),true,ifeq(m1(C,C,E),true,k3(C,C,C),true),true)=true),(ifeq(l2(B,b),true,ifeq(k1(A),true,k3(A,A,A),true),true)=true),(ifeq(r2(c),true,ifeq(k0(a),true,k3(c,c,c),true),true)=true),(ifeq(k3(F,G,G),true,ifeq(p2(G,H,e),true,ifeq(s1(G),true,k3(F,F,F),true),true),true)=true),(ifeq(m2(E),true,ifeq(m2(D),true,ifeq(p1(C,D,B),true,k3(B,B,C),true),true),true)=true),(ifeq(k3(H,A,J),true,ifeq(k2(G,J),true,ifeq(q0(I,H),true,k3(G,G,H),true),true),true)=true),(ifeq(r2(a),true,ifeq(l2(e,b),true,ifeq(p1(a,d,b),true,k3(d,d,d),true),true),true)=true),(ifeq(r2(a),true,k3(a,a,a),true)=true),(ifeq(p2(F,E,E),true,k3(E,E,E),true)=true),(ifeq(p2(D,C,C),true,k3(C,D,C),true)=true),(ifeq(r2(c),true,ifeq(l1(b,I),true,k3(I,I,I),true),true)=true),(ifeq(k3(G,H,G),true,ifeq(s2(E),true,ifeq(m2(F),true,ifeq(l1(G,H),true,k3(E,E,E),true),true),true),true)=true),(ifeq(n2(D),true,k3(D,D,D),true)=true),(ifeq(r2(e),true,ifeq(l0(C),true,ifeq(r0(e),true,k3(C,C,C),true),true),true)=true),(ifeq(m2(B),true,k3(B,B,B),true)=true),(ifeq(p2(J,A,A),true,ifeq(r1(I),true,k3(I,I,I),true),true)=true),(ifeq(r2(c),true,k3(c,c,c),true)=true),(ifeq(p2(G,H,G),true,ifeq(r0(G),true,l3(G,H),true),true)=true),(ifeq(p2(E,F,D),true,ifeq(p1(D,D,E),true,l3(D,D),true),true)=true),(ifeq(n2(C),true,ifeq(m2(b),true,l3(C,C),true),true)=true),(ifeq(r2(B),true,l3(B,B),true)=true),(ifeq(l3(A,A),true,ifeq(n2(J),true,ifeq(l1(A,I),true,l3(I,I),true),true),true)=true),(ifeq(s2(H),true,ifeq(l1(G,G),true,l3(G,G),true),true)=true),(ifeq(k2(a,d),true,l3(d,d),true)=true),(ifeq(k3(E,D,D),true,ifeq(l2(F,F),true,l3(D,D),true),true)=true),(ifeq(k2(b,c),true,l3(c,c),true)=true),(ifeq(k3(a,c,a),true,ifeq(s2(d),true,ifeq(r0(b),true,l3(d,c),true),true),true)=true),(ifeq(s2(B),true,ifeq(l2(C,J),true,ifeq(m0(B,B,A),true,ifeq(m0(J,C,C),true,m3(J,A,J),true),true),true),true)=true),(ifeq(m3(G,I,G),true,ifeq(l2(a,a),true,ifeq(k2(H,I),true,ifeq(n0(I,a),true,m3(G,G,G),true),true),true),true)=true),(ifeq(s2(E),true,ifeq(r2(C),true,ifeq(q0(D,E),true,ifeq(s0(F),true,m3(C,C,C),true),true),true),true)=true),(ifeq(m3(B,J,B),true,ifeq(n2(J),true,ifeq(m2(A),true,m3(J,A,A),true),true),true)=true),(ifeq(q2(a,b,a),true,m3(b,b,b),true)=true),(ifeq(q2(b,c,d),true,ifeq(m2(d),true,ifeq(l1(d,b),true,m3(c,b,d),true),true),true)=true),(ifeq(r2(H),true,ifeq(k2(c,I),true,m3(H,I,H),true),true)=true),(ifeq(n2(G),true,ifeq(l2(G,G),true,m3(G,G,G),true),true)=true),(ifeq(n2(E),true,ifeq(m2(F),true,m3(E,E,E),true),true)=true),(ifeq(p2(D,e,e),true,ifeq(n2(e),true,m3(D,e,e),true),true)=true),(ifeq(k3(B,C,B),true,ifeq(r2(C),true,m3(B,B,C),true),true)=true),(ifeq(n2(A),true,m3(A,A,A),true)=true),(ifeq(s2(c),true,ifeq(q2(J,c,c),true,m3(J,c,J),true),true)=true),(ifeq(p2(I,I,I),true,m3(I,I,I),true)=true),(ifeq(l2(a,b),true,m3(b,b,b),true)=true),(ifeq(p2(E,F,D),true,n3(D),true)=true),(ifeq(q2(F,d,C),true,ifeq(k2(D,E),true,p3(C,D,E),true),true)=true),(ifeq(k3(A,B,J),true,ifeq(r2(A),true,p3(J,A,B),true),true)=true),(ifeq(n3(I),true,ifeq(l3(b,e),true,ifeq(q2(I,d,I),true,ifeq(p2(d,b,c),true,p3(I,d,e),true),true),true),true)=true),(ifeq(n2(H),true,p3(H,H,H),true)=true),(ifeq(p3(G,G,F),true,ifeq(l3(F,E),true,ifeq(l1(F,F),true,p3(E,E,E),true),true),true)=true),(ifeq(l2(D,D),true,p3(D,D,D),true)=true),(ifeq(q2(B,C,A),true,ifeq(n2(A),true,ifeq(s1(B),true,p3(A,A,A),true),true),true)=true),(ifeq(n3(I),true,ifeq(p2(J,I,I),true,p3(I,I,I),true),true)=true),(ifeq(n2(H),true,ifeq(k1(H),true,p3(H,H,H),true),true)=true),(ifeq(q2(F,G,E),true,ifeq(k1(E),true,p3(E,E,E),true),true)=true),(ifeq(m3(B,C,D),true,ifeq(p2(A,B,D),true,p3(A,B,B),true),true)=true),(ifeq(k2(J,J),true,ifeq(q0(I,H),true,p3(H,H,H),true),true)=true),(ifeq(k2(c,b),true,p3(b,c,b),true)=true),(ifeq(m3(e,G,e),true,ifeq(q2(G,G,b),true,p3(e,b,e),true),true)=true),(ifeq(q2(I,G,H),true,ifeq(n0(I,G),true,q3(G,H),true),true)=true),(ifeq(q3(F,E),true,ifeq(p2(F,E,E),true,q3(E,E),true),true)=true),(ifeq(q3(C,B),true,ifeq(s2(B),true,ifeq(n1(D,B,C),true,q3(B,C),true),true),true)=true),(ifeq(r2(I),true,ifeq(l2(A,A),true,ifeq(s1(J),true,q3(I,I),true),true),true)=true),(ifeq(q3(H,G),true,ifeq(r2(d),true,ifeq(m0(H,d,H),true,ifeq(k1(G),true,q3(G,G),true),true),true),true)=true),(ifeq(s2(H),true,ifeq(l2(c,G),true,r3(G,H,H),true),true)=true),(ifeq(r2(D),true,ifeq(n1(F,F,F),true,ifeq(l1(E,F),true,r3(D,D,D),true),true),true)=true),(ifeq(r3(A,B,A),true,ifeq(l2(C,B),true,ifeq(p1(B,C,A),true,r3(A,A,A),true),true),true)=true),(ifeq(r3(I,I,J),true,ifeq(m0(d,J,I),true,r3(I,I,I),true),true)=true),(ifeq(s2(H),true,r3(H,H,H),true)=true),(ifeq(l2(G,F),true,r3(F,F,F),true)=true),(ifeq(r2(E),true,r3(E,E,E),true)=true),(ifeq(p2(B,D,C),true,r3(B,C,B),true)=true),(ifeq(r3(I,A,A),true,ifeq(m3(J,b,H),true,ifeq(m2(I),true,r3(H,H,I),true),true),true)=true),(ifeq(m3(a,G,G),true,ifeq(q2(G,e,G),true,ifeq(m2(b),true,ifeq(k2(a,a),true,r3(a,a,e),true),true),true),true)=true),(ifeq(p2(b,F,b),true,ifeq(l2(F,F),true,ifeq(r0(F),true,r3(F,b,F),true),true),true)=true),(ifeq(r3(D,D,D),true,ifeq(p3(D,C,E),true,r3(C,C,C),true),true)=true),(ifeq(r3(B,J,J),true,ifeq(r2(B),true,ifeq(k2(A,B),true,r3(J,A,B),true),true),true)=true),(ifeq(s2(I),true,ifeq(q2(A,I,A),true,ifeq(m0(A,B,J),true,s3(I,J),true),true),true)=true),(ifeq(q3(e,b),true,ifeq(n3(e),true,ifeq(n0(c,d),true,k4(c),true),true),true)=true),(ifeq(r3(C,e,D),true,ifeq(q3(C,C),true,ifeq(q1(a,a,D),true,k4(e),true),true),true)=true),(ifeq(p3(A,B,J),true,l4(J),true)=true),(ifeq(l4(I),true,ifeq(m0(I,H,H),true,l4(H),true),true)=true),(ifeq(s3(a,E),true,ifeq(l2(G,F),true,m4(E,F),true),true)=true),(ifeq(n4(J,J),true,ifeq(p3(J,A,A),true,n4(J,A),true),true)=true),(ifeq(k3(c,c,e),true,ifeq(q1(d,d,d),true,n4(d,d),true),true)=true),(ifeq(p3(b,e,a),true,ifeq(l3(b,a),true,n4(e,e),true),true)=true),(ifeq(k4(I),true,ifeq(m3(H,H,H),true,n4(H,H),true),true)=true),(ifeq(r3(H,G,H),true,ifeq(r0(G),true,p4(G,G,H),true),true)=true),(ifeq(q3(E,F),true,ifeq(n3(D),true,p4(D,D,D),true),true)=true),(ifeq(k3(B,B,C),true,p4(B,C,B),true)=true),(ifeq(p4(J,J,A),true,ifeq(r3(I,I,H),true,p4(H,I,I),true),true)=true),(ifeq(p4(F,G,F),true,ifeq(l4(D),true,ifeq(n0(D,E),true,p4(D,D,D),true),true),true)=true),(ifeq(p4(A,C,A),true,ifeq(m3(B,C,A),true,p4(A,A,A),true),true)=true),(ifeq(p3(J,J,I),true,p4(I,I,I),true)=true),(ifeq(n4(F,H),true,ifeq(k3(G,H,H),true,ifeq(p1(H,G,F),true,p4(F,F,F),true),true),true)=true),(ifeq(n4(E,C),true,ifeq(q3(D,E),true,ifeq(l3(D,D),true,p4(C,C,C),true),true),true)=true),(ifeq(n3(a),true,ifeq(m3(B,c,a),true,p4(c,c,B),true),true)=true),(ifeq(m3(E,F,E),true,ifeq(k3(D,D,B),true,ifeq(q2(E,C,B),true,q4(B,C),true),true),true)=true),(ifeq(q4(J,A),true,ifeq(l4(J),true,ifeq(r1(I),true,q4(I,I),true),true),true)=true),(ifeq(k3(c,e,b),true,ifeq(l1(b,c),true,q4(b,b),true),true)=true),(ifeq(q3(H,I),true,ifeq(n3(G),true,ifeq(p0(J,G),true,r4(G),true),true),true)=true),(ifeq(p3(B,C,D),true,ifeq(l1(A,C),true,s4(A),true),true)=true),(ifeq(s4(F),true,ifeq(r3(G,E,E),true,k5(E),true),true)=true),(ifeq(s4(e),true,ifeq(n1(b,b,b),true,k5(b),true),true)=true),(ifeq(q4(I,I),true,ifeq(k1(H),true,l5(H),true),true)=true),(ifeq(p4(D,F,E),true,ifeq(r0(D),true,m5(D,E),true),true)=true),(ifeq(k4(C),true,m5(C,C),true)=true),(ifeq(s4(B),true,ifeq(m4(e,e),true,m5(B,B),true),true)=true),(ifeq(s4(A),true,ifeq(r0(J),true,m5(J,J),true),true)=true),(ifeq(n5(F,C),true,ifeq(q4(D,E),true,ifeq(p4(F,F,C),true,ifeq(n4(B,E),true,n5(B,C),true),true),true),true)=true),(ifeq(n5(A,J),true,ifeq(m0(A,J,A),true,n5(J,J),true),true)=true),(ifeq(n4(I,H),true,n5(H,H),true)=true),(ifeq(k5(d),true,ifeq(m4(G,G),true,ifeq(p0(E,F),true,n5(E,E),true),true),true)=true),(ifeq(p4(c,d,c),true,n5(d,d),true)=true),(ifeq(n4(b,e),true,ifeq(r3(d,b,c),true,n5(b,e),true),true)=true),(ifeq(q4(D,C),true,n5(C,C),true)=true),(ifeq(r4(B),true,n5(B,B),true)=true),(ifeq(k4(A),true,ifeq(s1(A),true,n5(A,A),true),true)=true),(ifeq(p4(b,b,J),true,ifeq(p4(I,H,H),true,ifeq(s1(H),true,n5(H,H),true),true),true)=true),(ifeq(n4(G,d),true,ifeq(k3(d,G,a),true,n5(d,G),true),true)=true),(ifeq(s4(F),true,ifeq(l2(E,E),true,p5(E,E,F),true),true)=true),(ifeq(p5(B,D,B),true,ifeq(m4(D,C),true,ifeq(l2(B,D),true,p5(B,C,C),true),true),true)=true),(ifeq(q4(J,A),true,ifeq(s1(I),true,p5(I,J,I),true),true)=true),(ifeq(k5(b),true,ifeq(p4(G,G,H),true,p5(b,b,b),true),true)=true),(ifeq(s4(J),true,ifeq(m2(A),true,q5(J,A),true),true)=true),(ifeq(r4(a),true,q5(a,a),true)=true),(ifeq(l4(I),true,q5(I,I),true)=true),(ifeq(q4(H,H),true,q5(H,H),true)=true),(ifeq(m4(G,G),true,q5(G,G),true)=true),(ifeq(s4(C),true,ifeq(n3(D),true,ifeq(k0(b),true,r5(C,D),true),true),true)=true),(ifeq(k4(B),true,r5(B,B),true)=true),(ifeq(r4(I),true,ifeq(l4(H),true,s5(H),true),true)=true),(ifeq(s5(G),true,ifeq(l5(G),true,ifeq(k4(E),true,ifeq(s3(E,F),true,s5(E),true),true),true),true)=true)				
../../TPTP-v7.3.0/Problems/SYN/SYN862-1.p		Unsatisfiable	UNKNOWN		UNKNOWN		cnf					
../../TPTP-v7.3.0/Problems/SYN/SYN499+1.p		Theorem	UNKNOWN		UNKNOWN		fof		(~((~hskp0|(ndr1_0&c2_1(a123)&~c0_1(a123)&~c1_1(a123)))&(~hskp1|(ndr1_0&c1_1(a124)&c2_1(a124)&~c3_1(a124)))&(~hskp2|(ndr1_0&c1_1(a125)&c2_1(a125)&~c0_1(a125)))&(~hskp3|(ndr1_0&c1_1(a127)&~c2_1(a127)&~c3_1(a127)))&(~hskp4|(ndr1_0&c0_1(a128)&c1_1(a128)&~c3_1(a128)))&(~hskp5|(ndr1_0&~c0_1(a130)&~c1_1(a130)&~c3_1(a130)))&(~hskp6|(ndr1_0&~c0_1(a131)&~c1_1(a131)&~c2_1(a131)))&(~hskp7|(ndr1_0&c3_1(a132)&~c0_1(a132)&~c2_1(a132)))&(~hskp8|(ndr1_0&c2_1(a134)&~c0_1(a134)&~c3_1(a134)))&(~hskp9|(ndr1_0&c0_1(a138)&c1_1(a138)&~c2_1(a138)))&(~hskp10|(ndr1_0&c0_1(a140)&~c2_1(a140)&~c3_1(a140)))&(~hskp11|(ndr1_0&~c1_1(a141)&~c2_1(a141)&~c3_1(a141)))&(~hskp12|(ndr1_0&c0_1(a142)&c3_1(a142)&~c1_1(a142)))&(~hskp13|(ndr1_0&c2_1(a143)&c3_1(a143)&~c1_1(a143)))&(~hskp14|(ndr1_0&c0_1(a147)&~c1_1(a147)&~c3_1(a147)))&(~hskp15|(ndr1_0&c2_1(a153)&c3_1(a153)&~c0_1(a153)))&(~hskp16|(ndr1_0&c1_1(a154)&c3_1(a154)&~c0_1(a154)))&(~hskp17|(ndr1_0&c1_1(a155)&~c0_1(a155)&~c2_1(a155)))&(~hskp18|(ndr1_0&c3_1(a160)&~c1_1(a160)&~c2_1(a160)))&(~hskp19|(ndr1_0&c1_1(a164)&c3_1(a164)&~c2_1(a164)))&(~hskp20|(ndr1_0&c1_1(a168)&~c0_1(a168)&~c3_1(a168)))&(~hskp21|(ndr1_0&c0_1(a170)&c2_1(a170)&~c1_1(a170)))&(~hskp22|(ndr1_0&c0_1(a176)&~c1_1(a176)&~c2_1(a176)))&(~hskp23|(ndr1_0&c2_1(a179)&~c1_1(a179)&~c3_1(a179)))&(~hskp24|(ndr1_0&~c0_1(a182)&~c2_1(a182)&~c3_1(a182)))&(~hskp25|(ndr1_0&c3_1(a189)&~c0_1(a189)&~c1_1(a189)))&(~hskp26|(ndr1_0&c0_1(a225)&c2_1(a225)&~c3_1(a225)))&(~hskp27|(ndr1_0&c0_1(a122)&c2_1(a122)&c3_1(a122)))&(~hskp28|(ndr1_0&c1_1(a133)&c2_1(a133)&c3_1(a133)))&(~hskp29|(ndr1_0&c0_1(a136)&c1_1(a136)&c2_1(a136)))&(~hskp30|(ndr1_0&c0_1(a167)&c1_1(a167)&c3_1(a167)))&(![U]:(ndr1_0=>(c0_1(U)|c1_1(U)|c2_1(U)))|![V]:(ndr1_0=>(c0_1(V)|c1_1(V)|c3_1(V)))|![W]:(ndr1_0=>(c2_1(W)|~c1_1(W)|~c3_1(W))))&(![X]:(ndr1_0=>(c0_1(X)|c1_1(X)|c2_1(X)))|![Y]:(ndr1_0=>(c0_1(Y)|c2_1(Y)|~c1_1(Y)))|![Z]:(ndr1_0=>(c0_1(Z)|c2_1(Z)|~c3_1(Z))))&(![X1]:(ndr1_0=>(c0_1(X1)|c1_1(X1)|c2_1(X1)))|![X2]:(ndr1_0=>(c0_1(X2)|c2_1(X2)|~c1_1(X2)))|![X3]:(ndr1_0=>(c2_1(X3)|c3_1(X3)|~c0_1(X3))))&(![X4]:(ndr1_0=>(c0_1(X4)|c1_1(X4)|c2_1(X4)))|![X5]:(ndr1_0=>(c0_1(X5)|c3_1(X5)|~c2_1(X5)))|hskp27)&(![X6]:(ndr1_0=>(c0_1(X6)|c1_1(X6)|c2_1(X6)))|![X7]:(ndr1_0=>(c2_1(X7)|c3_1(X7)|~c1_1(X7)))|hskp0)&(![X8]:(ndr1_0=>(c0_1(X8)|c1_1(X8)|c2_1(X8)))|![X9]:(ndr1_0=>(c3_1(X9)|~c0_1(X9)|~c1_1(X9)))|hskp1)&(![X10]:(ndr1_0=>(c0_1(X10)|c1_1(X10)|c2_1(X10)))|hskp2|hskp1)&(![X11]:(ndr1_0=>(c0_1(X11)|c1_1(X11)|c3_1(X11)))|![X12]:(ndr1_0=>(c2_1(X12)|c3_1(X12)|~c1_1(X12)))|hskp3)&(![X13]:(ndr1_0=>(c0_1(X13)|c1_1(X13)|~c2_1(X13)))|![X14]:(ndr1_0=>(c0_1(X14)|c2_1(X14)|~c1_1(X14)))|hskp4)&(![X15]:(ndr1_0=>(c0_1(X15)|c1_1(X15)|~c2_1(X15)))|![X16]:(ndr1_0=>(c1_1(X16)|~c0_1(X16)|~c2_1(X16)))|![X17]:(ndr1_0=>(~c1_1(X17)|~c2_1(X17)|~c3_1(X17))))&(![X18]:(ndr1_0=>(c0_1(X18)|c1_1(X18)|~c2_1(X18)))|![X19]:(ndr1_0=>(c3_1(X19)|~c0_1(X19)|~c2_1(X19)))|hskp27)&(![X20]:(ndr1_0=>(c0_1(X20)|c1_1(X20)|~c2_1(X20)))|![X21]:(ndr1_0=>(~c0_1(X21)|~c1_1(X21)|~c2_1(X21)))|hskp5)&(![X22]:(ndr1_0=>(c0_1(X22)|c1_1(X22)|~c3_1(X22)))|![X23]:(ndr1_0=>(c0_1(X23)|c2_1(X23)|~c1_1(X23)))|![X24]:(ndr1_0=>(c3_1(X24)|~c1_1(X24)|~c2_1(X24))))&(![X25]:(ndr1_0=>(c0_1(X25)|c1_1(X25)|~c3_1(X25)))|![X26]:(ndr1_0=>(c1_1(X26)|c2_1(X26)|~c3_1(X26)))|![X27]:(ndr1_0=>(c1_1(X27)|~c2_1(X27)|~c3_1(X27))))&(![X28]:(ndr1_0=>(c0_1(X28)|c1_1(X28)|~c3_1(X28)))|![X29]:(ndr1_0=>(c1_1(X29)|~c0_1(X29)|~c3_1(X29)))|hskp6)&(![X30]:(ndr1_0=>(c0_1(X30)|c1_1(X30)|~c3_1(X30)))|![X31]:(ndr1_0=>(c2_1(X31)|~c0_1(X31)|~c1_1(X31)))|hskp7)&(![X32]:(ndr1_0=>(c0_1(X32)|c1_1(X32)|~c3_1(X32)))|hskp28|hskp8)&(![X33]:(ndr1_0=>(c0_1(X33)|c2_1(X33)|c3_1(X33)))|![X34]:(ndr1_0=>(~c0_1(X34)|~c2_1(X34)|~c3_1(X34)))|hskp8)&(![X35]:(ndr1_0=>(c0_1(X35)|c2_1(X35)|c3_1(X35)))|hskp29|hskp7)&(![X36]:(ndr1_0=>(c0_1(X36)|c2_1(X36)|c3_1(X36)))|hskp9|hskp7)&(![X37]:(ndr1_0=>(c0_1(X37)|c2_1(X37)|c3_1(X37)))|hskp10|hskp11)&(![X38]:(ndr1_0=>(c0_1(X38)|c2_1(X38)|~c1_1(X38)))|![X39]:(ndr1_0=>(c0_1(X39)|c2_1(X39)|~c3_1(X39)))|![X40]:(ndr1_0=>(c2_1(X40)|~c0_1(X40)|~c3_1(X40))))&(![X41]:(ndr1_0=>(c0_1(X41)|c2_1(X41)|~c1_1(X41)))|![X42]:(ndr1_0=>(c0_1(X42)|c2_1(X42)|~c3_1(X42)))|hskp12)&(![X43]:(ndr1_0=>(c0_1(X43)|c2_1(X43)|~c1_1(X43)))|![X44]:(ndr1_0=>(c1_1(X44)|c2_1(X44)|~c0_1(X44)))|hskp13)&(![X45]:(ndr1_0=>(c0_1(X45)|c2_1(X45)|~c1_1(X45)))|![X46]:(ndr1_0=>(c3_1(X46)|~c0_1(X46)|~c1_1(X46)))|hskp28)&(![X47]:(ndr1_0=>(c0_1(X47)|c2_1(X47)|~c1_1(X47)))|hskp28|hskp3)&(![X48]:(ndr1_0=>(c0_1(X48)|c2_1(X48)|~c3_1(X48)))|![X49]:(ndr1_0=>(c0_1(X49)|c3_1(X49)|~c2_1(X49)))|hskp14)&(![X50]:(ndr1_0=>(c0_1(X50)|c2_1(X50)|~c3_1(X50)))|![X51]:(ndr1_0=>(c0_1(X51)|~c1_1(X51)|~c2_1(X51)))|![X52]:(ndr1_0=>(c1_1(X52)|c2_1(X52)|~c0_1(X52))))&(![X53]:(ndr1_0=>(c0_1(X53)|c2_1(X53)|~c3_1(X53)))|![X54]:(ndr1_0=>(c2_1(X54)|c3_1(X54)|~c1_1(X54)))|hskp29)&(![X55]:(ndr1_0=>(c0_1(X55)|c2_1(X55)|~c3_1(X55)))|![X56]:(ndr1_0=>(c3_1(X56)|~c0_1(X56)|~c2_1(X56)))|hskp12)&(![X57]:(ndr1_0=>(c0_1(X57)|c2_1(X57)|~c3_1(X57)))|hskp14|hskp7)&(![X58]:(ndr1_0=>(c0_1(X58)|c2_1(X58)|~c3_1(X58)))|hskp10|hskp15)&(![X59]:(ndr1_0=>(c0_1(X59)|c3_1(X59)|~c1_1(X59)))|![X60]:(ndr1_0=>(c3_1(X60)|~c1_1(X60)|~c2_1(X60)))|![X61]:(ndr1_0=>(~c0_1(X61)|~c2_1(X61)|~c3_1(X61))))&(![X62]:(ndr1_0=>(c0_1(X62)|c3_1(X62)|~c1_1(X62)))|![X63]:(ndr1_0=>(~c1_1(X63)|~c2_1(X63)|~c3_1(X63)))|hskp16)&(![X64]:(ndr1_0=>(c0_1(X64)|c3_1(X64)|~c2_1(X64)))|![X65]:(ndr1_0=>(c1_1(X65)|c2_1(X65)|~c3_1(X65)))|![X66]:(ndr1_0=>(~c0_1(X66)|~c1_1(X66)|~c2_1(X66))))&(![X67]:(ndr1_0=>(c0_1(X67)|c3_1(X67)|~c2_1(X67)))|![X68]:(ndr1_0=>(c2_1(X68)|c3_1(X68)|~c1_1(X68)))|![X69]:(ndr1_0=>(c2_1(X69)|~c1_1(X69)|~c3_1(X69))))&(![X70]:(ndr1_0=>(c0_1(X70)|~c1_1(X70)|~c2_1(X70)))|![X71]:(ndr1_0=>(c1_1(X71)|c3_1(X71)|~c2_1(X71)))|![X72]:(ndr1_0=>(c3_1(X72)|~c1_1(X72)|~c2_1(X72))))&(![X73]:(ndr1_0=>(c0_1(X73)|~c1_1(X73)|~c3_1(X73)))|hskp17|hskp0)&(![X74]:(ndr1_0=>(c0_1(X74)|~c2_1(X74)|~c3_1(X74)))|![X75]:(ndr1_0=>(c1_1(X75)|c2_1(X75)|~c0_1(X75)))|![X76]:(ndr1_0=>(~c0_1(X76)|~c1_1(X76)|~c3_1(X76))))&(![X77]:(ndr1_0=>(c0_1(X77)|~c2_1(X77)|~c3_1(X77)))|hskp29|hskp7)&(![X78]:(ndr1_0=>(c0_1(X78)|~c2_1(X78)|~c3_1(X78)))|hskp0|hskp18)&(![X79]:(ndr1_0=>(c1_1(X79)|c2_1(X79)|c3_1(X79)))|![X80]:(ndr1_0=>(c3_1(X80)|~c0_1(X80)|~c1_1(X80)))|hskp12)&(![X81]:(ndr1_0=>(c1_1(X81)|c2_1(X81)|c3_1(X81)))|hskp2|hskp16)&(![X82]:(ndr1_0=>(c1_1(X82)|c2_1(X82)|~c0_1(X82)))|hskp19|hskp17)&(![X83]:(ndr1_0=>(c1_1(X83)|c2_1(X83)|~c3_1(X83)))|![X84]:(ndr1_0=>(c2_1(X84)|c3_1(X84)|~c1_1(X84)))|![X85]:(ndr1_0=>(c2_1(X85)|~c0_1(X85)|~c3_1(X85))))&(![X86]:(ndr1_0=>(c1_1(X86)|c2_1(X86)|~c3_1(X86)))|![X87]:(ndr1_0=>(~c0_1(X87)|~c2_1(X87)|~c3_1(X87)))|hskp6)&(![X88]:(ndr1_0=>(c1_1(X88)|c3_1(X88)|~c2_1(X88)))|hskp30|hskp20)&(![X89]:(ndr1_0=>(c1_1(X89)|~c0_1(X89)|~c3_1(X89)))|![X90]:(ndr1_0=>(c2_1(X90)|~c0_1(X90)|~c1_1(X90)))|hskp7)&(![X91]:(ndr1_0=>(c1_1(X91)|~c0_1(X91)|~c3_1(X91)))|hskp21|hskp6)&(![X92]:(ndr1_0=>(c1_1(X92)|~c0_1(X92)|~c3_1(X92)))|hskp3|hskp15)&(![X93]:(ndr1_0=>(c1_1(X93)|~c0_1(X93)|~c3_1(X93)))|hskp0|hskp7)&(![X94]:(ndr1_0=>(c1_1(X94)|~c2_1(X94)|~c3_1(X94)))|![X95]:(ndr1_0=>(c3_1(X95)|~c1_1(X95)|~c2_1(X95)))|![X96]:(ndr1_0=>(~c0_1(X96)|~c1_1(X96)|~c3_1(X96))))&(![X97]:(ndr1_0=>(c1_1(X97)|~c2_1(X97)|~c3_1(X97)))|hskp22|hskp7)&(![X98]:(ndr1_0=>(c1_1(X98)|~c2_1(X98)|~c3_1(X98)))|hskp8|hskp23)&(![X99]:(ndr1_0=>(c2_1(X99)|c3_1(X99)|~c1_1(X99)))|![X100]:(ndr1_0=>(c3_1(X100)|~c0_1(X100)|~c1_1(X100)))|hskp9)&(![X101]:(ndr1_0=>(c2_1(X101)|c3_1(X101)|~c1_1(X101)))|![X102]:(ndr1_0=>(c3_1(X102)|~c1_1(X102)|~c2_1(X102)))|![X103]:(ndr1_0=>(~c1_1(X103)|~c2_1(X103)|~c3_1(X103))))&(![X104]:(ndr1_0=>(c2_1(X104)|c3_1(X104)|~c1_1(X104)))|hskp15|hskp24)&(![X105]:(ndr1_0=>(c2_1(X105)|~c0_1(X105)|~c1_1(X105)))|hskp9|hskp22)&(![X106]:(ndr1_0=>(c2_1(X106)|~c0_1(X106)|~c1_1(X106)))|hskp10|hskp18)&(![X107]:(ndr1_0=>(c2_1(X107)|~c0_1(X107)|~c3_1(X107)))|hskp1|hskp3)&(![X108]:(ndr1_0=>(c2_1(X108)|~c0_1(X108)|~c3_1(X108)))|hskp25|hskp6)&(![X109]:(ndr1_0=>(c2_1(X109)|~c1_1(X109)|~c3_1(X109)))|hskp17|hskp13)&(![X110]:(ndr1_0=>(c2_1(X110)|~c1_1(X110)|~c3_1(X110)))|hskp17|hskp24)&(![X111]:(ndr1_0=>(c2_1(X111)|~c1_1(X111)|~c3_1(X111)))|hskp15|hskp13)&(![X112]:(ndr1_0=>(c3_1(X112)|~c0_1(X112)|~c1_1(X112)))|hskp12|hskp11)&(![X113]:(ndr1_0=>(c3_1(X113)|~c0_1(X113)|~c1_1(X113)))|hskp7|hskp24)&(![X114]:(ndr1_0=>(c3_1(X114)|~c1_1(X114)|~c2_1(X114)))|hskp27|hskp19)&(![X115]:(ndr1_0=>(c3_1(X115)|~c1_1(X115)|~c2_1(X115)))|hskp22)&(![X116]:(ndr1_0=>(c3_1(X116)|~c1_1(X116)|~c2_1(X116)))|hskp14|hskp23)&(![X117]:(ndr1_0=>(~c0_1(X117)|~c1_1(X117)|~c2_1(X117)))|hskp14|hskp25)&(![X118]:(ndr1_0=>(~c0_1(X118)|~c1_1(X118)|~c3_1(X118)))|hskp22|hskp10)&(![X119]:(ndr1_0=>(~c0_1(X119)|~c1_1(X119)|~c3_1(X119)))|hskp2|hskp19)&(![X120]:(ndr1_0=>(~c1_1(X120)|~c2_1(X120)|~c3_1(X120)))|hskp9|hskp8)&(![X121]:(ndr1_0=>(~c1_1(X121)|~c2_1(X121)|~c3_1(X121)))|hskp3|hskp13)&(hskp30|hskp9|hskp6)&(hskp27|hskp3|hskp15)&(hskp21|hskp20|hskp6)&(hskp26|hskp20|hskp15)&(hskp12|hskp19|hskp13)&(hskp2|hskp19|hskp8)))			
../../TPTP-v7.3.0/Problems/SYN/SYN627-1.p		Unsatisfiable	UNKNOWN		UNKNOWN		cnf					
../../TPTP-v7.3.0/Problems/SYN/SYN112-1.p		Unsatisfiable	UNKNOWN		UNKNOWN		cnf					
../../TPTP-v7.3.0/Problems/SYN/SYN264-1.p		Unsatisfiable	UNKNOWN		UNKNOWN		cnf					
../../TPTP-v7.3.0/Problems/SYN/SYN957+1.p		Theorem	UNKNOWN		UNKNOWN		fof		(~(?[Y]:![X]:(a(X,Y)<=>~a(X,X))))			
../../TPTP-v7.3.0/Problems/SYN/SYN808-1.p		Satisfiable	UNKNOWN		UNKNOWN		cnf					
../../TPTP-v7.3.0/Problems/SYN/SYN981+1.p		Theorem	UNKNOWN		UNKNOWN		fof		((![X]:(p(X)=>q(X))&?[Y]:(q(Y)=>r(Y)))=>?[Z]:(p(Z)=>r(Z)))			
../../TPTP-v7.3.0/Problems/SYN/SYN756-1.p		Satisfiable	UNKNOWN		UNKNOWN		cnf					
../../TPTP-v7.3.0/Problems/SYN/SYN476+1.p		Theorem	UNKNOWN		UNKNOWN		fof		(~((~hskp0|(ndr1_0&~c1_1(a1098)&~c2_1(a1098)&~c3_1(a1098)))&(~hskp1|(ndr1_0&c1_1(a1099)&c2_1(a1099)&~c0_1(a1099)))&(~hskp2|(ndr1_0&c0_1(a1100)&c2_1(a1100)&~c3_1(a1100)))&(~hskp3|(ndr1_0&c1_1(a1101)&c2_1(a1101)&~c3_1(a1101)))&(~hskp4|(ndr1_0&c0_1(a1102)&c1_1(a1102)&~c3_1(a1102)))&(~hskp5|(ndr1_0&c3_1(a1103)&~c0_1(a1103)&~c2_1(a1103)))&(~hskp6|(ndr1_0&c0_1(a1104)&c1_1(a1104)&~c2_1(a1104)))&(~hskp7|(ndr1_0&c0_1(a1105)&c3_1(a1105)&~c1_1(a1105)))&(~hskp8|(ndr1_0&c3_1(a1107)&~c0_1(a1107)&~c1_1(a1107)))&(~hskp9|(ndr1_0&c0_1(a1108)&~c1_1(a1108)&~c3_1(a1108)))&(~hskp10|(ndr1_0&c3_1(a1110)&~c1_1(a1110)&~c2_1(a1110)))&(~hskp11|(ndr1_0&c0_1(a1113)&c3_1(a1113)&~c2_1(a1113)))&(~hskp12|(ndr1_0&c2_1(a1114)&~c0_1(a1114)&~c3_1(a1114)))&(~hskp13|(ndr1_0&c2_1(a1115)&~c1_1(a1115)&~c3_1(a1115)))&(~hskp14|(ndr1_0&c1_1(a1118)&~c2_1(a1118)&~c3_1(a1118)))&(~hskp15|(ndr1_0&c1_1(a1119)&~c0_1(a1119)&~c2_1(a1119)))&(~hskp16|(ndr1_0&c1_1(a1121)&c3_1(a1121)&~c0_1(a1121)))&(~hskp17|(ndr1_0&c0_1(a1124)&~c1_1(a1124)&~c2_1(a1124)))&(~hskp18|(ndr1_0&c0_1(a1125)&c2_1(a1125)&~c1_1(a1125)))&(~hskp19|(ndr1_0&c1_1(a1127)&c3_1(a1127)&~c2_1(a1127)))&(~hskp20|(ndr1_0&~c0_1(a1130)&~c2_1(a1130)&~c3_1(a1130)))&(~hskp21|(ndr1_0&c1_1(a1131)&~c0_1(a1131)&~c3_1(a1131)))&(~hskp22|(ndr1_0&c2_1(a1145)&c3_1(a1145)&~c1_1(a1145)))&(~hskp23|(ndr1_0&c0_1(a1147)&~c2_1(a1147)&~c3_1(a1147)))&(~hskp24|(ndr1_0&c2_1(a1149)&c3_1(a1149)&~c0_1(a1149)))&(~hskp25|(ndr1_0&c2_1(a1172)&~c0_1(a1172)&~c1_1(a1172)))&(~hskp26|(ndr1_0&~c0_1(a1180)&~c1_1(a1180)&~c2_1(a1180)))&(~hskp27|(ndr1_0&~c0_1(a1200)&~c1_1(a1200)&~c3_1(a1200)))&(~hskp28|(ndr1_0&c0_1(a1111)&c1_1(a1111)&c2_1(a1111)))&(~hskp29|(ndr1_0&c0_1(a1116)&c2_1(a1116)&c3_1(a1116)))&(~hskp30|(ndr1_0&c1_1(a1136)&c2_1(a1136)&c3_1(a1136)))&(~hskp31|(ndr1_0&c0_1(a1148)&c1_1(a1148)&c3_1(a1148)))&(![U]:(ndr1_0=>(c0_1(U)|c1_1(U)|c2_1(U)))|![V]:(ndr1_0=>(c0_1(V)|c2_1(V)|~c3_1(V)))|hskp0)&(![W]:(ndr1_0=>(c0_1(W)|c1_1(W)|c3_1(W)))|![X]:(ndr1_0=>(c0_1(X)|c3_1(X)|~c1_1(X)))|hskp1)&(![Y]:(ndr1_0=>(c0_1(Y)|c1_1(Y)|c3_1(Y)))|![Z]:(ndr1_0=>(c0_1(Z)|~c1_1(Z)|~c3_1(Z)))|![X1]:(ndr1_0=>(c3_1(X1)|~c0_1(X1)|~c1_1(X1))))&(![X2]:(ndr1_0=>(c0_1(X2)|c1_1(X2)|c3_1(X2)))|![X3]:(ndr1_0=>(c1_1(X3)|~c2_1(X3)|~c3_1(X3)))|hskp2)&(![X4]:(ndr1_0=>(c0_1(X4)|c1_1(X4)|c3_1(X4)))|![X5]:(ndr1_0=>(c3_1(X5)|~c0_1(X5)|~c2_1(X5)))|hskp3)&(![X6]:(ndr1_0=>(c0_1(X6)|c1_1(X6)|~c2_1(X6)))|![X7]:(ndr1_0=>(c1_1(X7)|c2_1(X7)|~c0_1(X7)))|![X8]:(ndr1_0=>(~c1_1(X8)|~c2_1(X8)|~c3_1(X8))))&(![X9]:(ndr1_0=>(c0_1(X9)|c1_1(X9)|~c2_1(X9)))|![X10]:(ndr1_0=>(c1_1(X10)|~c0_1(X10)|~c3_1(X10)))|![X11]:(ndr1_0=>(~c0_1(X11)|~c2_1(X11)|~c3_1(X11))))&(![X12]:(ndr1_0=>(c0_1(X12)|c2_1(X12)|c3_1(X12)))|![X13]:(ndr1_0=>(c3_1(X13)|~c0_1(X13)|~c1_1(X13)))|hskp4)&(![X14]:(ndr1_0=>(c0_1(X14)|c2_1(X14)|c3_1(X14)))|![X15]:(ndr1_0=>(c3_1(X15)|~c1_1(X15)|~c2_1(X15)))|hskp5)&(![X16]:(ndr1_0=>(c0_1(X16)|c2_1(X16)|c3_1(X16)))|hskp6|hskp7)&(![X17]:(ndr1_0=>(c0_1(X17)|c2_1(X17)|c3_1(X17)))|hskp6|hskp8)&(![X18]:(ndr1_0=>(c0_1(X18)|c2_1(X18)|~c1_1(X18)))|![X19]:(ndr1_0=>(c0_1(X19)|~c1_1(X19)|~c2_1(X19)))|hskp9)&(![X20]:(ndr1_0=>(c0_1(X20)|c2_1(X20)|~c1_1(X20)))|![X21]:(ndr1_0=>(c0_1(X21)|~c2_1(X21)|~c3_1(X21)))|hskp3)&(![X22]:(ndr1_0=>(c0_1(X22)|c2_1(X22)|~c1_1(X22)))|![X23]:(ndr1_0=>(~c1_1(X23)|~c2_1(X23)|~c3_1(X23)))|hskp10)&(![X24]:(ndr1_0=>(c0_1(X24)|c2_1(X24)|~c1_1(X24)))|hskp28|hskp2)&(![X25]:(ndr1_0=>(c0_1(X25)|c2_1(X25)|~c1_1(X25)))|hskp11|hskp12)&(![X26]:(ndr1_0=>(c0_1(X26)|c2_1(X26)|~c3_1(X26)))|![X27]:(ndr1_0=>(c1_1(X27)|c2_1(X27)|~c3_1(X27)))|hskp13)&(![X28]:(ndr1_0=>(c0_1(X28)|c2_1(X28)|~c3_1(X28)))|![X29]:(ndr1_0=>(c2_1(X29)|c3_1(X29)|~c1_1(X29)))|hskp29)&(![X30]:(ndr1_0=>(c0_1(X30)|c2_1(X30)|~c3_1(X30)))|hskp7|hskp14)&(![X31]:(ndr1_0=>(c0_1(X31)|c3_1(X31)|~c1_1(X31)))|![X32]:(ndr1_0=>(c1_1(X32)|c2_1(X32)|c3_1(X32)))|hskp15)&(![X33]:(ndr1_0=>(c0_1(X33)|c3_1(X33)|~c1_1(X33)))|![X34]:(ndr1_0=>(c2_1(X34)|c3_1(X34)|~c0_1(X34)))|![X35]:(ndr1_0=>(~c0_1(X35)|~c2_1(X35)|~c3_1(X35))))&(![X36]:(ndr1_0=>(c0_1(X36)|c3_1(X36)|~c2_1(X36)))|hskp2|hskp16)&(![X37]:(ndr1_0=>(c0_1(X37)|~c1_1(X37)|~c2_1(X37)))|![X38]:(ndr1_0=>(c1_1(X38)|c3_1(X38)|~c0_1(X38)))|![X39]:(ndr1_0=>(c2_1(X39)|~c0_1(X39)|~c1_1(X39))))&(![X40]:(ndr1_0=>(c0_1(X40)|~c1_1(X40)|~c2_1(X40)))|![X41]:(ndr1_0=>(c1_1(X41)|c3_1(X41)|~c0_1(X41)))|![X42]:(ndr1_0=>(~c0_1(X42)|~c1_1(X42)|~c2_1(X42))))&(![X43]:(ndr1_0=>(c0_1(X43)|~c1_1(X43)|~c2_1(X43)))|![X44]:(ndr1_0=>(c1_1(X44)|c3_1(X44)|~c0_1(X44)))|hskp29)&(![X45]:(ndr1_0=>(c0_1(X45)|~c1_1(X45)|~c2_1(X45)))|hskp28|hskp17)&(![X46]:(ndr1_0=>(c0_1(X46)|~c1_1(X46)|~c2_1(X46)))|hskp18|hskp13)&(![X47]:(ndr1_0=>(c0_1(X47)|~c1_1(X47)|~c3_1(X47)))|![X48]:(ndr1_0=>(c1_1(X48)|~c2_1(X48)|~c3_1(X48)))|hskp19)&(![X49]:(ndr1_0=>(c0_1(X49)|~c1_1(X49)|~c3_1(X49)))|![X50]:(ndr1_0=>(c2_1(X50)|~c0_1(X50)|~c3_1(X50)))|hskp16)&(![X51]:(ndr1_0=>(c0_1(X51)|~c1_1(X51)|~c3_1(X51)))|![X52]:(ndr1_0=>(c3_1(X52)|~c0_1(X52)|~c1_1(X52)))|![X53]:(ndr1_0=>(~c1_1(X53)|~c2_1(X53)|~c3_1(X53))))&(![X54]:(ndr1_0=>(c0_1(X54)|~c1_1(X54)|~c3_1(X54)))|![X55]:(ndr1_0=>(c3_1(X55)|~c0_1(X55)|~c2_1(X55)))|hskp15)&(![X56]:(ndr1_0=>(c0_1(X56)|~c1_1(X56)|~c3_1(X56)))|![X57]:(ndr1_0=>(c3_1(X57)|~c0_1(X57)|~c2_1(X57)))|hskp20)&(![X58]:(ndr1_0=>(c0_1(X58)|~c1_1(X58)|~c3_1(X58)))|hskp21|hskp0)&(![X59]:(ndr1_0=>(c0_1(X59)|~c2_1(X59)|~c3_1(X59)))|![X60]:(ndr1_0=>(c1_1(X60)|c2_1(X60)|~c0_1(X60)))|hskp4)&(![X61]:(ndr1_0=>(c0_1(X61)|~c2_1(X61)|~c3_1(X61)))|![X62]:(ndr1_0=>(c2_1(X62)|~c1_1(X62)|~c3_1(X62)))|hskp21)&(![X63]:(ndr1_0=>(c0_1(X63)|~c2_1(X63)|~c3_1(X63)))|![X64]:(ndr1_0=>(~c0_1(X64)|~c2_1(X64)|~c3_1(X64)))|hskp7)&(![X65]:(ndr1_0=>(c1_1(X65)|c2_1(X65)|c3_1(X65)))|![X66]:(ndr1_0=>(c1_1(X66)|~c0_1(X66)|~c3_1(X66)))|hskp30)&(![X67]:(ndr1_0=>(c1_1(X67)|c2_1(X67)|c3_1(X67)))|hskp7|hskp5)&(![X68]:(ndr1_0=>(c1_1(X68)|c2_1(X68)|c3_1(X68)))|hskp19|hskp8)&(![X69]:(ndr1_0=>(c1_1(X69)|c2_1(X69)|~c0_1(X69)))|hskp17|hskp19)&(![X70]:(ndr1_0=>(c1_1(X70)|c2_1(X70)|~c3_1(X70)))|![X71]:(ndr1_0=>(c1_1(X71)|~c0_1(X71)|~c2_1(X71)))|hskp9)&(![X72]:(ndr1_0=>(c1_1(X72)|c2_1(X72)|~c3_1(X72)))|![X73]:(ndr1_0=>(c2_1(X73)|c3_1(X73)|~c1_1(X73)))|hskp11)&(![X74]:(ndr1_0=>(c1_1(X74)|c2_1(X74)|~c3_1(X74)))|![X75]:(ndr1_0=>(c2_1(X75)|~c0_1(X75)|~c1_1(X75)))|![X76]:(ndr1_0=>(~c0_1(X76)|~c2_1(X76)|~c3_1(X76))))&(![X77]:(ndr1_0=>(c1_1(X77)|c2_1(X77)|~c3_1(X77)))|hskp22|hskp0)&(![X78]:(ndr1_0=>(c1_1(X78)|c3_1(X78)|~c0_1(X78)))|![X79]:(ndr1_0=>(~c0_1(X79)|~c1_1(X79)|~c2_1(X79)))|hskp23)&(![X80]:(ndr1_0=>(c1_1(X80)|c3_1(X80)|~c0_1(X80)))|hskp31|hskp24)&(![X81]:(ndr1_0=>(c1_1(X81)|~c0_1(X81)|~c2_1(X81)))|![X82]:(ndr1_0=>(c2_1(X82)|~c0_1(X82)|~c3_1(X82)))|hskp7)&(![X83]:(ndr1_0=>(c1_1(X83)|~c0_1(X83)|~c2_1(X83)))|![X84]:(ndr1_0=>(c2_1(X84)|~c0_1(X84)|~c3_1(X84)))|hskp20)&(![X85]:(ndr1_0=>(c1_1(X85)|~c0_1(X85)|~c2_1(X85)))|![X86]:(ndr1_0=>(c3_1(X86)|~c1_1(X86)|~c2_1(X86)))|hskp24)&(![X87]:(ndr1_0=>(c1_1(X87)|~c0_1(X87)|~c2_1(X87)))|hskp7|hskp23)&(![X88]:(ndr1_0=>(c1_1(X88)|~c0_1(X88)|~c3_1(X88)))|hskp18|hskp30)&(![X89]:(ndr1_0=>(c1_1(X89)|~c2_1(X89)|~c3_1(X89)))|![X90]:(ndr1_0=>(~c0_1(X90)|~c2_1(X90)|~c3_1(X90)))|hskp2)&(![X91]:(ndr1_0=>(c1_1(X91)|~c2_1(X91)|~c3_1(X91)))|hskp19|hskp14)&(![X92]:(ndr1_0=>(c1_1(X92)|~c2_1(X92)|~c3_1(X92)))|hskp19|hskp8)&(![X93]:(ndr1_0=>(c2_1(X93)|~c1_1(X93)|~c3_1(X93)))|![X94]:(ndr1_0=>(~c0_1(X94)|~c1_1(X94)|~c3_1(X94)))|hskp28)&(![X95]:(ndr1_0=>(c2_1(X95)|~c1_1(X95)|~c3_1(X95)))|![X96]:(ndr1_0=>(~c0_1(X96)|~c2_1(X96)|~c3_1(X96)))|hskp2)&(![X97]:(ndr1_0=>(c3_1(X97)|~c0_1(X97)|~c1_1(X97)))|![X98]:(ndr1_0=>(c3_1(X98)|~c1_1(X98)|~c2_1(X98)))|hskp5)&(![X99]:(ndr1_0=>(c3_1(X99)|~c0_1(X99)|~c1_1(X99)))|hskp18|hskp15)&(![X100]:(ndr1_0=>(c3_1(X100)|~c0_1(X100)|~c2_1(X100)))|hskp9|hskp13)&(![X101]:(ndr1_0=>(c3_1(X101)|~c1_1(X101)|~c2_1(X101)))|hskp30|hskp21)&(![X102]:(ndr1_0=>(~c0_1(X102)|~c2_1(X102)|~c3_1(X102)))|hskp18|hskp25)&(![X103]:(ndr1_0=>(~c1_1(X103)|~c2_1(X103)|~c3_1(X103)))|hskp9|hskp19)&(hskp6|hskp21|hskp24)&(hskp4|hskp3|hskp26)&(hskp18|hskp16|hskp26)&(hskp18|hskp19|hskp25)&(hskp7|hskp23|hskp13)&(hskp11|hskp17|hskp25)&(hskp23|hskp30|hskp0)&(hskp23|hskp14)&(hskp16|hskp13|hskp27)&(hskp19|hskp12|hskp26)))			
../../TPTP-v7.3.0/Problems/SYN/SYN458-1.p		Unsatisfiable	UNKNOWN		UNKNOWN		cnf					
../../TPTP-v7.3.0/Problems/SYN/SYN390+1.p		Theorem	YES	DTS/Alligator/AlexHappy/output/SYN390+1_dts.html	UNKNOWN		fof		(p<=>p)			
../../TPTP-v7.3.0/Problems/SYN/SYN761-1.p		Satisfiable	UNKNOWN		UNKNOWN		cnf					
../../TPTP-v7.3.0/Problems/SYN/SYN149-1.p		Unsatisfiable	UNKNOWN		UNKNOWN		cnf					
../../TPTP-v7.3.0/Problems/SYN/SYN060+1.p		Theorem	UNKNOWN		UNKNOWN		fof	(![X]:((big_f(X)|big_g(X))=>~big_h(X))),(![X]:((big_g(X)=>~big_i(X))=>(big_f(X)&big_h(X)))),(![X]:((big_f(X)|big_g(X))=>~big_h(X))),(![X]:((big_g(X)=>~big_i(X))=>(big_f(X)&big_h(X))))	(![X]:big_i(X))			
../../TPTP-v7.3.0/Problems/SYN/SYN316-1.p		Satisfiable	UNKNOWN		UNKNOWN		cnf					
../../TPTP-v7.3.0/Problems/SYN/SYN369+1.p		Theorem	UNKNOWN		UNKNOWN		fof		(![U,V,W]:(big_p(U,V)|big_p(V,W))=>?[X]:![Y]:big_p(X,Y))			
../../TPTP-v7.3.0/Problems/SYN/SYN396+1.p		Theorem	UNKNOWN		UNKNOWN		fof		(~(![X]:f(X))<=>?[Y]:~f(Y))			
../../TPTP-v7.3.0/Problems/SYN/SYN052-1.p		Unsatisfiable	UNKNOWN		UNKNOWN		cnf					
../../TPTP-v7.3.0/Problems/SYN/SYN564-1.p		Unsatisfiable	UNKNOWN		UNKNOWN		cnf					
../../TPTP-v7.3.0/Problems/SYN/SYN512+1.p		Theorem	UNKNOWN		UNKNOWN		fof		(~((~hskp0|(ndr1_0&c1_1(a828)&c2_1(a828)&~c0_1(a828)))&(~hskp1|(ndr1_0&~c0_1(a829)&~c1_1(a829)&~c3_1(a829)))&(~hskp2|(ndr1_0&c0_1(a830)&~c1_1(a830)&~c2_1(a830)))&(~hskp3|(ndr1_0&c2_1(a831)&c3_1(a831)&~c1_1(a831)))&(~hskp4|(ndr1_0&~c1_1(a832)&~c2_1(a832)&~c3_1(a832)))&(~hskp5|(ndr1_0&c0_1(a833)&c2_1(a833)&~c3_1(a833)))&(~hskp6|(ndr1_0&~c0_1(a835)&~c2_1(a835)&~c3_1(a835)))&(~hskp7|(ndr1_0&c0_1(a836)&c3_1(a836)&~c1_1(a836)))&(~hskp8|(ndr1_0&c1_1(a838)&~c2_1(a838)&~c3_1(a838)))&(~hskp9|(ndr1_0&c0_1(a841)&c1_1(a841)&~c2_1(a841)))&(~hskp10|(ndr1_0&c1_1(a843)&~c0_1(a843)&~c3_1(a843)))&(~hskp11|(ndr1_0&c3_1(a844)&~c1_1(a844)&~c2_1(a844)))&(~hskp12|(ndr1_0&c3_1(a845)&~c0_1(a845)&~c1_1(a845)))&(~hskp13|(ndr1_0&c3_1(a846)&~c0_1(a846)&~c2_1(a846)))&(~hskp14|(ndr1_0&c1_1(a851)&c2_1(a851)&~c3_1(a851)))&(~hskp15|(ndr1_0&c1_1(a853)&c3_1(a853)&~c0_1(a853)))&(~hskp16|(ndr1_0&~c0_1(a858)&~c1_1(a858)&~c2_1(a858)))&(~hskp17|(ndr1_0&c0_1(a859)&~c1_1(a859)&~c3_1(a859)))&(~hskp18|(ndr1_0&c0_1(a861)&c2_1(a861)&~c1_1(a861)))&(~hskp19|(ndr1_0&c0_1(a863)&c3_1(a863)&~c2_1(a863)))&(~hskp20|(ndr1_0&c1_1(a864)&~c0_1(a864)&~c2_1(a864)))&(~hskp21|(ndr1_0&c2_1(a865)&~c0_1(a865)&~c1_1(a865)))&(~hskp22|(ndr1_0&c0_1(a866)&c1_1(a866)&~c3_1(a866)))&(~hskp23|(ndr1_0&c2_1(a868)&~c1_1(a868)&~c3_1(a868)))&(~hskp24|(ndr1_0&c1_1(a884)&c3_1(a884)&~c2_1(a884)))&(~hskp25|(ndr1_0&c2_1(a890)&~c0_1(a890)&~c3_1(a890)))&(~hskp26|(ndr1_0&c0_1(a901)&~c2_1(a901)&~c3_1(a901)))&(~hskp27|(ndr1_0&c2_1(a919)&c3_1(a919)&~c0_1(a919)))&(~hskp28|(ndr1_0&c0_1(a839)&c1_1(a839)&c3_1(a839)))&(~hskp29|(ndr1_0&c0_1(a849)&c1_1(a849)&c2_1(a849)))&(~hskp30|(ndr1_0&c1_1(a857)&c2_1(a857)&c3_1(a857)))&(~hskp31|(ndr1_0&c0_1(a875)&c2_1(a875)&c3_1(a875)))&(![U]:(ndr1_0=>(c0_1(U)|c1_1(U)|c2_1(U)))|![V]:(ndr1_0=>(c0_1(V)|c2_1(V)|c3_1(V)))|hskp0)&(![W]:(ndr1_0=>(c0_1(W)|c1_1(W)|c2_1(W)))|![X]:(ndr1_0=>(c1_1(X)|c2_1(X)|~c3_1(X)))|hskp1)&(![Y]:(ndr1_0=>(c0_1(Y)|c1_1(Y)|c2_1(Y)))|![Z]:(ndr1_0=>(c2_1(Z)|~c1_1(Z)|~c3_1(Z)))|hskp2)&(![X1]:(ndr1_0=>(c0_1(X1)|c1_1(X1)|c2_1(X1)))|![X2]:(ndr1_0=>(~c0_1(X2)|~c2_1(X2)|~c3_1(X2)))|hskp3)&(![X3]:(ndr1_0=>(c0_1(X3)|c1_1(X3)|c2_1(X3)))|![X4]:(ndr1_0=>(~c0_1(X4)|~c2_1(X4)|~c3_1(X4)))|hskp4)&(![X5]:(ndr1_0=>(c0_1(X5)|c1_1(X5)|c2_1(X5)))|hskp5|hskp4)&(![X6]:(ndr1_0=>(c0_1(X6)|c1_1(X6)|c3_1(X6)))|![X7]:(ndr1_0=>(c1_1(X7)|c2_1(X7)|~c0_1(X7)))|hskp6)&(![X8]:(ndr1_0=>(c0_1(X8)|c1_1(X8)|c3_1(X8)))|![X9]:(ndr1_0=>(c2_1(X9)|~c1_1(X9)|~c3_1(X9)))|hskp7)&(![X10]:(ndr1_0=>(c0_1(X10)|c1_1(X10)|c3_1(X10)))|![X11]:(ndr1_0=>(~c0_1(X11)|~c2_1(X11)|~c3_1(X11)))|hskp5)&(![X12]:(ndr1_0=>(c0_1(X12)|c1_1(X12)|c3_1(X12)))|![X13]:(ndr1_0=>(~c0_1(X13)|~c2_1(X13)|~c3_1(X13)))|hskp8)&(![X14]:(ndr1_0=>(c0_1(X14)|c1_1(X14)|c3_1(X14)))|hskp28|hskp1)&(![X15]:(ndr1_0=>(c0_1(X15)|c1_1(X15)|~c2_1(X15)))|hskp9|hskp0)&(![X16]:(ndr1_0=>(c0_1(X16)|c1_1(X16)|~c3_1(X16)))|![X17]:(ndr1_0=>(c0_1(X17)|~c1_1(X17)|~c2_1(X17)))|![X18]:(ndr1_0=>(~c0_1(X18)|~c2_1(X18)|~c3_1(X18))))&(![X19]:(ndr1_0=>(c0_1(X19)|c2_1(X19)|c3_1(X19)))|![X20]:(ndr1_0=>(c2_1(X20)|c3_1(X20)|~c0_1(X20)))|hskp10)&(![X21]:(ndr1_0=>(c0_1(X21)|c2_1(X21)|c3_1(X21)))|![X22]:(ndr1_0=>(~c0_1(X22)|~c1_1(X22)|~c2_1(X22)))|hskp11)&(![X23]:(ndr1_0=>(c0_1(X23)|c2_1(X23)|c3_1(X23)))|hskp12|hskp13)&(![X24]:(ndr1_0=>(c0_1(X24)|c2_1(X24)|c3_1(X24)))|hskp11|hskp4)&(![X25]:(ndr1_0=>(c0_1(X25)|c2_1(X25)|~c1_1(X25)))|hskp29|hskp3)&(![X26]:(ndr1_0=>(c0_1(X26)|c2_1(X26)|~c1_1(X26)))|hskp14|hskp12)&(![X27]:(ndr1_0=>(c0_1(X27)|c2_1(X27)|~c3_1(X27)))|![X28]:(ndr1_0=>(c2_1(X28)|~c0_1(X28)|~c1_1(X28)))|hskp15)&(![X29]:(ndr1_0=>(c0_1(X29)|c2_1(X29)|~c3_1(X29)))|![X30]:(ndr1_0=>(c3_1(X30)|~c0_1(X30)|~c1_1(X30)))|hskp29)&(![X31]:(ndr1_0=>(c0_1(X31)|c2_1(X31)|~c3_1(X31)))|![X32]:(ndr1_0=>(c3_1(X32)|~c0_1(X32)|~c2_1(X32)))|hskp4)&(![X33]:(ndr1_0=>(c0_1(X33)|c2_1(X33)|~c3_1(X33)))|![X34]:(ndr1_0=>(~c0_1(X34)|~c1_1(X34)|~c2_1(X34)))|hskp2)&(![X35]:(ndr1_0=>(c0_1(X35)|c2_1(X35)|~c3_1(X35)))|hskp30|hskp16)&(![X36]:(ndr1_0=>(c0_1(X36)|c3_1(X36)|~c1_1(X36)))|hskp17|hskp4)&(![X37]:(ndr1_0=>(c0_1(X37)|c3_1(X37)|~c2_1(X37)))|![X38]:(ndr1_0=>(c0_1(X38)|~c1_1(X38)|~c3_1(X38)))|hskp18)&(![X39]:(ndr1_0=>(c0_1(X39)|c3_1(X39)|~c2_1(X39)))|![X40]:(ndr1_0=>(~c0_1(X40)|~c1_1(X40)|~c3_1(X40)))|hskp11)&(![X41]:(ndr1_0=>(c0_1(X41)|c3_1(X41)|~c2_1(X41)))|hskp19|hskp20)&(![X42]:(ndr1_0=>(c0_1(X42)|~c1_1(X42)|~c2_1(X42)))|![X43]:(ndr1_0=>(c1_1(X43)|c2_1(X43)|~c3_1(X43)))|hskp21)&(![X44]:(ndr1_0=>(c0_1(X44)|~c1_1(X44)|~c2_1(X44)))|![X45]:(ndr1_0=>(c2_1(X45)|c3_1(X45)|~c0_1(X45)))|![X46]:(ndr1_0=>(~c1_1(X46)|~c2_1(X46)|~c3_1(X46))))&(![X47]:(ndr1_0=>(c0_1(X47)|~c1_1(X47)|~c2_1(X47)))|hskp22|hskp19)&(![X48]:(ndr1_0=>(c0_1(X48)|~c1_1(X48)|~c3_1(X48)))|![X49]:(ndr1_0=>(c2_1(X49)|c3_1(X49)|~c0_1(X49)))|![X50]:(ndr1_0=>(c2_1(X50)|~c1_1(X50)|~c3_1(X50))))&(![X51]:(ndr1_0=>(c0_1(X51)|~c1_1(X51)|~c3_1(X51)))|![X52]:(ndr1_0=>(~c0_1(X52)|~c2_1(X52)|~c3_1(X52)))|hskp23)&(![X53]:(ndr1_0=>(c0_1(X53)|~c2_1(X53)|~c3_1(X53)))|![X54]:(ndr1_0=>(c1_1(X54)|~c0_1(X54)|~c3_1(X54)))|hskp5)&(![X55]:(ndr1_0=>(c0_1(X55)|~c2_1(X55)|~c3_1(X55)))|hskp2|hskp12)&(![X56]:(ndr1_0=>(c1_1(X56)|c2_1(X56)|c3_1(X56)))|![X57]:(ndr1_0=>(c1_1(X57)|~c0_1(X57)|~c2_1(X57)))|![X58]:(ndr1_0=>(c3_1(X58)|~c0_1(X58)|~c2_1(X58))))&(![X59]:(ndr1_0=>(c1_1(X59)|c2_1(X59)|c3_1(X59)))|![X60]:(ndr1_0=>(c3_1(X60)|~c0_1(X60)|~c1_1(X60)))|hskp29)&(![X61]:(ndr1_0=>(c1_1(X61)|c2_1(X61)|c3_1(X61)))|hskp9|hskp2)&(![X62]:(ndr1_0=>(c1_1(X62)|c2_1(X62)|c3_1(X62)))|hskp31|hskp19)&(![X63]:(ndr1_0=>(c1_1(X63)|c2_1(X63)|~c0_1(X63)))|![X64]:(ndr1_0=>(c2_1(X64)|~c0_1(X64)|~c3_1(X64)))|hskp3)&(![X65]:(ndr1_0=>(c1_1(X65)|c2_1(X65)|~c0_1(X65)))|![X66]:(ndr1_0=>(c3_1(X66)|~c0_1(X66)|~c1_1(X66)))|hskp17)&(![X67]:(ndr1_0=>(c1_1(X67)|c2_1(X67)|~c0_1(X67)))|![X68]:(ndr1_0=>(c3_1(X68)|~c0_1(X68)|~c2_1(X68)))|hskp14)&(![X69]:(ndr1_0=>(c1_1(X69)|c2_1(X69)|~c0_1(X69)))|hskp9|hskp7)&(![X70]:(ndr1_0=>(c1_1(X70)|c2_1(X70)|~c0_1(X70)))|hskp19|hskp11)&(![X71]:(ndr1_0=>(c1_1(X71)|c2_1(X71)|~c3_1(X71)))|![X72]:(ndr1_0=>(c1_1(X72)|c3_1(X72)|~c0_1(X72)))|hskp24)&(![X73]:(ndr1_0=>(c1_1(X73)|c2_1(X73)|~c3_1(X73)))|![X74]:(ndr1_0=>(c1_1(X74)|c3_1(X74)|~c0_1(X74)))|hskp13)&(![X75]:(ndr1_0=>(c1_1(X75)|c2_1(X75)|~c3_1(X75)))|![X76]:(ndr1_0=>(c2_1(X76)|~c1_1(X76)|~c3_1(X76)))|hskp17)&(![X77]:(ndr1_0=>(c1_1(X77)|c2_1(X77)|~c3_1(X77)))|hskp28|hskp3)&(![X78]:(ndr1_0=>(c1_1(X78)|c3_1(X78)|~c0_1(X78)))|![X79]:(ndr1_0=>(c2_1(X79)|~c0_1(X79)|~c1_1(X79)))|hskp31)&(![X80]:(ndr1_0=>(c1_1(X80)|c3_1(X80)|~c0_1(X80)))|![X81]:(ndr1_0=>(~c1_1(X81)|~c2_1(X81)|~c3_1(X81)))|hskp25)&(![X82]:(ndr1_0=>(c1_1(X82)|c3_1(X82)|~c2_1(X82)))|hskp28|hskp7)&(![X83]:(ndr1_0=>(c1_1(X83)|~c0_1(X83)|~c2_1(X83)))|![X84]:(ndr1_0=>(c3_1(X84)|~c1_1(X84)|~c2_1(X84)))|hskp28)&(![X85]:(ndr1_0=>(c1_1(X85)|~c0_1(X85)|~c3_1(X85)))|![X86]:(ndr1_0=>(~c0_1(X86)|~c1_1(X86)|~c2_1(X86)))|hskp30)&(![X87]:(ndr1_0=>(c1_1(X87)|~c0_1(X87)|~c3_1(X87)))|hskp22|hskp8)&(![X88]:(ndr1_0=>(c1_1(X88)|~c0_1(X88)|~c3_1(X88)))|hskp13|hskp1)&(![X89]:(ndr1_0=>(c1_1(X89)|~c2_1(X89)|~c3_1(X89)))|hskp5|hskp16)&(![X90]:(ndr1_0=>(c2_1(X90)|c3_1(X90)|~c0_1(X90)))|hskp26|hskp20)&(![X91]:(ndr1_0=>(c2_1(X91)|c3_1(X91)|~c0_1(X91)))|hskp0|hskp3)&(![X92]:(ndr1_0=>(c2_1(X92)|c3_1(X92)|~c1_1(X92)))|![X93]:(ndr1_0=>(c3_1(X93)|~c1_1(X93)|~c2_1(X93)))|hskp17)&(![X94]:(ndr1_0=>(c2_1(X94)|~c0_1(X94)|~c1_1(X94)))|hskp24|hskp4)&(![X95]:(ndr1_0=>(c2_1(X95)|~c0_1(X95)|~c3_1(X95)))|![X96]:(ndr1_0=>(~c0_1(X96)|~c1_1(X96)|~c2_1(X96)))|hskp14)&(![X97]:(ndr1_0=>(c2_1(X97)|~c0_1(X97)|~c3_1(X97)))|![X98]:(ndr1_0=>(~c0_1(X98)|~c1_1(X98)|~c3_1(X98)))|hskp25)&(![X99]:(ndr1_0=>(c2_1(X99)|~c0_1(X99)|~c3_1(X99)))|![X100]:(ndr1_0=>(~c1_1(X100)|~c2_1(X100)|~c3_1(X100)))|hskp18)&(![X101]:(ndr1_0=>(c2_1(X101)|~c0_1(X101)|~c3_1(X101)))|hskp19|hskp0)&(![X102]:(ndr1_0=>(c3_1(X102)|~c0_1(X102)|~c1_1(X102)))|hskp22|hskp4)&(![X103]:(ndr1_0=>(c3_1(X103)|~c0_1(X103)|~c2_1(X103)))|hskp16|hskp6)&(![X104]:(ndr1_0=>(~c0_1(X104)|~c1_1(X104)|~c2_1(X104)))|hskp29|hskp8)&(![X105]:(ndr1_0=>(~c0_1(X105)|~c1_1(X105)|~c3_1(X105)))|hskp27|hskp25)&(![X106]:(ndr1_0=>(~c0_1(X106)|~c1_1(X106)|~c3_1(X106)))|hskp25|hskp1)&(hskp28|hskp10)&(hskp9|hskp22|hskp6)&(hskp9|hskp14|hskp4)&(hskp31|hskp8|hskp16)&(hskp7|hskp10|hskp21)&(hskp7|hskp21)&(hskp19|hskp30|hskp23)&(hskp2|hskp17|hskp16)&(hskp0|hskp11|hskp1)&(hskp14|hskp21)))			
../../TPTP-v7.3.0/Problems/SYN/SYN385+1.p		Theorem	UNKNOWN		UNKNOWN		fof		(?[X]:![Y]:(big_p(X)=>(big_q(X)|big_p(Y))))			
../../TPTP-v7.3.0/Problems/SYN/SYN931+1.p		Theorem	UNKNOWN		UNKNOWN		fof		(?[X]:(p(X)&c)<=>(?[X]:p(X)&c))			
../../TPTP-v7.3.0/Problems/SYN/SYN440+1.p		Theorem	UNKNOWN		UNKNOWN		fof		(~((~hskp0|(ndr1_0&c0_1(a597)&~c3_1(a597)&~c1_1(a597)))&(~hskp1|(ndr1_0&c0_1(a598)&c2_1(a598)&~c1_1(a598)))&(~hskp2|(ndr1_0&c0_1(a601)&~c2_1(a601)&~c3_1(a601)))&(~hskp3|(ndr1_0&c0_1(a603)&~c1_1(a603)&~c3_1(a603)))&(~hskp4|(ndr1_0&~c2_1(a604)&~c0_1(a604)&~c3_1(a604)))&(~hskp5|(ndr1_0&~c0_1(a606)&c2_1(a606)&~c3_1(a606)))&(~hskp6|(ndr1_0&c2_1(a609)&~c0_1(a609)&~c1_1(a609)))&(~hskp7|(ndr1_0&c1_1(a610)&~c2_1(a610)&~c0_1(a610)))&(~hskp8|(ndr1_0&~c2_1(a612)&c3_1(a612)&~c1_1(a612)))&(~hskp9|(ndr1_0&c1_1(a613)&c2_1(a613)&~c3_1(a613)))&(~hskp10|(ndr1_0&c0_1(a615)&c3_1(a615)&~c2_1(a615)))&(~hskp11|(ndr1_0&c0_1(a616)&c1_1(a616)&~c2_1(a616)))&(~hskp12|(ndr1_0&~c0_1(a620)&~c3_1(a620)&~c1_1(a620)))&(~hskp13|(ndr1_0&~c1_1(a622)&~c2_1(a622)&~c0_1(a622)))&(~hskp14|(ndr1_0&c3_1(a624)&~c1_1(a624)&~c2_1(a624)))&(~hskp15|(ndr1_0&~c2_1(a625)&~c1_1(a625)&~c0_1(a625)))&(~hskp16|(ndr1_0&c2_1(a627)&c0_1(a627)&~c3_1(a627)))&(~hskp17|(ndr1_0&c3_1(a628)&~c2_1(a628)&~c1_1(a628)))&(~hskp18|(ndr1_0&c0_1(a632)&c3_1(a632)&~c1_1(a632)))&(~hskp19|(ndr1_0&~c1_1(a634)&~c0_1(a634)&~c3_1(a634)))&(~hskp20|(ndr1_0&~c1_1(a635)&~c2_1(a635)&~c3_1(a635)))&(~hskp21|(ndr1_0&c1_1(a637)&c0_1(a637)&~c3_1(a637)))&(~hskp22|(ndr1_0&c0_1(a641)&~c1_1(a641)&~c2_1(a641)))&(~hskp23|(ndr1_0&c2_1(a642)&c3_1(a642)&~c0_1(a642)))&(~hskp24|(ndr1_0&~c0_1(a643)&c3_1(a643)&~c1_1(a643)))&(~hskp25|(ndr1_0&c3_1(a646)&~c2_1(a646)&~c0_1(a646)))&(~hskp26|(ndr1_0&~c1_1(a652)&c3_1(a652)&~c2_1(a652)))&(~hskp27|(ndr1_0&~c3_1(a654)&~c0_1(a654)&~c1_1(a654)))&(~hskp28|(ndr1_0&~c3_1(a656)&c1_1(a656)&~c0_1(a656)))&(~hskp29|(ndr1_0&~c1_1(a660)&~c3_1(a660)&~c0_1(a660)))&(~hskp30|(ndr1_0&~c2_1(a666)&c0_1(a666)&~c3_1(a666)))&(~hskp31|(ndr1_0&~c2_1(a667)&c1_1(a667)&~c0_1(a667)))&(~hskp32|(ndr1_0&c0_1(a677)&~c3_1(a677)&~c2_1(a677)))&(~hskp33|(ndr1_0&~c2_1(a599)&c0_1(a599)&c3_1(a599)))&(~hskp34|(ndr1_0&~c3_1(a600)&c2_1(a600)&c0_1(a600)))&(~hskp35|(ndr1_0&~c3_1(a602)&~c1_1(a602)&c2_1(a602)))&(~hskp36|(ndr1_0&c1_1(a605)&~c3_1(a605)&c0_1(a605)))&(~hskp37|(ndr1_0&c1_1(a607)&~c2_1(a607)&c0_1(a607)))&(~hskp38|(ndr1_0&c1_1(a608)&c3_1(a608)&c0_1(a608)))&(~hskp39|(ndr1_0&~c1_1(a611)&c3_1(a611)&c2_1(a611)))&(~hskp40|(ndr1_0&c2_1(a614)&c1_1(a614)&c0_1(a614)))&(~hskp41|(ndr1_0&c2_1(a617)&~c1_1(a617)&c3_1(a617)))&(~hskp42|(ndr1_0&~c2_1(a618)&~c3_1(a618)&c1_1(a618)))&(~hskp43|(ndr1_0&~c3_1(a619)&~c1_1(a619)&c0_1(a619)))&(~hskp44|(ndr1_0&c2_1(a621)&~c0_1(a621)&c3_1(a621)))&(~hskp45|(ndr1_0&~c0_1(a623)&c3_1(a623)&c2_1(a623)))&(~hskp46|(ndr1_0&c1_1(a626)&c0_1(a626)&c3_1(a626)))&(~hskp47|(ndr1_0&~c1_1(a636)&~c0_1(a636)&c3_1(a636)))&(~hskp48|(ndr1_0&~c3_1(a638)&c1_1(a638)&c2_1(a638)))&(~hskp49|(ndr1_0&~c2_1(a639)&~c0_1(a639)&c1_1(a639)))&(~hskp50|(ndr1_0&~c3_1(a640)&c1_1(a640)&c0_1(a640)))&(~hskp51|(ndr1_0&c2_1(a644)&~c3_1(a644)&c0_1(a644)))&(~hskp52|(ndr1_0&~c2_1(a647)&~c1_1(a647)&c0_1(a647)))&(~hskp53|(ndr1_0&c3_1(a648)&~c2_1(a648)&c0_1(a648)))&(~hskp54|(ndr1_0&c3_1(a651)&~c0_1(a651)&c2_1(a651)))&(~hskp55|(ndr1_0&~c2_1(a653)&c3_1(a653)&c1_1(a653)))&(~hskp56|(ndr1_0&~c1_1(a658)&c2_1(a658)&c3_1(a658)))&(~hskp57|(ndr1_0&~c0_1(a662)&c1_1(a662)&c2_1(a662)))&(~hskp58|(ndr1_0&~c0_1(a663)&~c1_1(a663)&c3_1(a663)))&(~hskp59|(ndr1_0&~c0_1(a665)&c2_1(a665)&c3_1(a665)))&(~hskp60|(ndr1_0&c0_1(a669)&~c2_1(a669)&c1_1(a669)))&(~hskp61|(ndr1_0&~c1_1(a670)&~c0_1(a670)&c2_1(a670)))&(~hskp62|(ndr1_0&~c1_1(a671)&c3_1(a671)&c0_1(a671)))&(~hskp63|(ndr1_0&~c0_1(a672)&~c2_1(a672)&c3_1(a672)))&(~hskp64|(ndr1_0&c3_1(a673)&~c0_1(a673)&c1_1(a673)))&(~hskp65|(ndr1_0&c2_1(a674)&~c1_1(a674)&c0_1(a674)))&(~hskp66|(ndr1_0&c1_1(a675)&~c2_1(a675)&c3_1(a675)))&(![U]:(ndr1_0=>(c2_1(U)|~c3_1(U)|~c0_1(U)))|![V]:(ndr1_0=>(~c2_1(V)|c0_1(V)|~c3_1(V)))|![W]:(ndr1_0=>(~c1_1(W)|~c2_1(W)|c3_1(W))))&(hskp0|![X]:(ndr1_0=>(c0_1(X)|~c3_1(X)|c1_1(X)))|hskp1)&(hskp33|hskp34|hskp2)&(![Y]:(ndr1_0=>(c2_1(Y)|~c0_1(Y)|c1_1(Y)))|![Z]:(ndr1_0=>(c0_1(Z)|~c3_1(Z)|~c2_1(Z)))|![X1]:(ndr1_0=>(~c0_1(X1)|c1_1(X1)|~c2_1(X1))))&(![X2]:(ndr1_0=>(~c1_1(X2)|c0_1(X2)|~c2_1(X2)))|![X3]:(ndr1_0=>(c0_1(X3)|c3_1(X3)|~c2_1(X3)))|![X4]:(ndr1_0=>(c0_1(X4)|~c1_1(X4)|~c2_1(X4))))&(hskp35|![X5]:(ndr1_0=>(~c0_1(X5)|~c2_1(X5)|~c3_1(X5)))|![X6]:(ndr1_0=>(~c0_1(X6)|c2_1(X6)|~c3_1(X6))))&(hskp3|hskp4|hskp36)&(hskp5|![X7]:(ndr1_0=>(~c0_1(X7)|~c2_1(X7)|~c3_1(X7)))|hskp37)&(![X8]:(ndr1_0=>(~c2_1(X8)|c0_1(X8)|c1_1(X8)))|![X9]:(ndr1_0=>(~c2_1(X9)|c1_1(X9)|c3_1(X9)))|![X10]:(ndr1_0=>(c0_1(X10)|c1_1(X10)|c2_1(X10))))&(hskp38|![X11]:(ndr1_0=>(c2_1(X11)|c1_1(X11)|c0_1(X11)))|![X12]:(ndr1_0=>(~c3_1(X12)|~c1_1(X12)|c0_1(X12))))&(![X13]:(ndr1_0=>(~c1_1(X13)|~c3_1(X13)|~c0_1(X13)))|hskp6|![X14]:(ndr1_0=>(~c1_1(X14)|~c0_1(X14)|~c3_1(X14))))&(![X15]:(ndr1_0=>(c2_1(X15)|~c1_1(X15)|~c0_1(X15)))|hskp7|hskp39)&(hskp8|![X16]:(ndr1_0=>(c2_1(X16)|c1_1(X16)|c3_1(X16)))|hskp9)&(![X17]:(ndr1_0=>(c2_1(X17)|~c3_1(X17)|~c0_1(X17)))|![X18]:(ndr1_0=>(~c3_1(X18)|c1_1(X18)|~c0_1(X18)))|![X19]:(ndr1_0=>(c3_1(X19)|c0_1(X19)|c2_1(X19))))&(![X20]:(ndr1_0=>(c3_1(X20)|~c1_1(X20)|c2_1(X20)))|hskp40|hskp10)&(![X21]:(ndr1_0=>(~c3_1(X21)|~c1_1(X21)|~c2_1(X21)))|hskp11|![X22]:(ndr1_0=>(c2_1(X22)|c1_1(X22)|c3_1(X22))))&(![X23]:(ndr1_0=>(c3_1(X23)|c2_1(X23)|c0_1(X23)))|![X24]:(ndr1_0=>(~c3_1(X24)|c2_1(X24)|~c0_1(X24)))|![X25]:(ndr1_0=>(~c1_1(X25)|~c2_1(X25)|c0_1(X25))))&(![X26]:(ndr1_0=>(~c1_1(X26)|~c0_1(X26)|c2_1(X26)))|hskp41|![X27]:(ndr1_0=>(~c1_1(X27)|~c3_1(X27)|c2_1(X27))))&(hskp42|![X28]:(ndr1_0=>(c0_1(X28)|c1_1(X28)|~c3_1(X28)))|![X29]:(ndr1_0=>(~c0_1(X29)|c2_1(X29)|c1_1(X29))))&(![X30]:(ndr1_0=>(c1_1(X30)|c2_1(X30)|~c3_1(X30)))|![X31]:(ndr1_0=>(~c2_1(X31)|~c0_1(X31)|c1_1(X31)))|![X32]:(ndr1_0=>(c0_1(X32)|~c3_1(X32)|~c2_1(X32))))&(![X33]:(ndr1_0=>(~c2_1(X33)|~c1_1(X33)|c0_1(X33)))|![X34]:(ndr1_0=>(~c2_1(X34)|c1_1(X34)|c0_1(X34)))|![X35]:(ndr1_0=>(~c2_1(X35)|~c3_1(X35)|c1_1(X35))))&(![X36]:(ndr1_0=>(~c2_1(X36)|~c0_1(X36)|~c1_1(X36)))|![X37]:(ndr1_0=>(~c2_1(X37)|c3_1(X37)|~c0_1(X37)))|![X38]:(ndr1_0=>(~c3_1(X38)|~c0_1(X38)|~c2_1(X38))))&(hskp43|hskp12|![X39]:(ndr1_0=>(~c3_1(X39)|~c1_1(X39)|c2_1(X39))))&(hskp44|hskp13|![X40]:(ndr1_0=>(c0_1(X40)|~c2_1(X40)|~c1_1(X40))))&(![X41]:(ndr1_0=>(c0_1(X41)|~c3_1(X41)|~c2_1(X41)))|![X42]:(ndr1_0=>(c2_1(X42)|c3_1(X42)|~c1_1(X42)))|hskp45)&(hskp14|hskp15|![X43]:(ndr1_0=>(~c2_1(X43)|c1_1(X43)|~c0_1(X43))))&(![X44]:(ndr1_0=>(c3_1(X44)|c1_1(X44)|c0_1(X44)))|![X45]:(ndr1_0=>(~c3_1(X45)|c0_1(X45)|c1_1(X45)))|![X46]:(ndr1_0=>(~c3_1(X46)|~c2_1(X46)|c1_1(X46))))&(![X47]:(ndr1_0=>(~c1_1(X47)|c2_1(X47)|c3_1(X47)))|![X48]:(ndr1_0=>(c1_1(X48)|~c0_1(X48)|~c3_1(X48)))|hskp46)&(![X49]:(ndr1_0=>(c2_1(X49)|c1_1(X49)|c3_1(X49)))|![X50]:(ndr1_0=>(c2_1(X50)|c3_1(X50)|c1_1(X50)))|![X51]:(ndr1_0=>(~c2_1(X51)|c3_1(X51)|c0_1(X51))))&(hskp16|hskp17|hskp9)&(hskp36|![X52]:(ndr1_0=>(~c0_1(X52)|c1_1(X52)|c2_1(X52)))|![X53]:(ndr1_0=>(~c0_1(X53)|~c1_1(X53)|~c3_1(X53))))&(hskp16|![X54]:(ndr1_0=>(~c3_1(X54)|c2_1(X54)|c0_1(X54)))|![X55]:(ndr1_0=>(~c2_1(X55)|c3_1(X55)|~c0_1(X55))))&(![X56]:(ndr1_0=>(~c1_1(X56)|~c2_1(X56)|~c3_1(X56)))|![X57]:(ndr1_0=>(~c3_1(X57)|~c2_1(X57)|~c1_1(X57)))|![X58]:(ndr1_0=>(c1_1(X58)|~c2_1(X58)|~c0_1(X58))))&(hskp18|hskp9|hskp19)&(![X59]:(ndr1_0=>(~c2_1(X59)|c1_1(X59)|~c3_1(X59)))|![X60]:(ndr1_0=>(c3_1(X60)|c2_1(X60)|~c0_1(X60)))|hskp20)&(hskp47|![X61]:(ndr1_0=>(c1_1(X61)|c3_1(X61)|~c0_1(X61)))|hskp21)&(![X62]:(ndr1_0=>(c2_1(X62)|c0_1(X62)|c3_1(X62)))|![X63]:(ndr1_0=>(c3_1(X63)|c1_1(X63)|c0_1(X63)))|![X64]:(ndr1_0=>(c3_1(X64)|c0_1(X64)|c2_1(X64))))&(hskp48|![X65]:(ndr1_0=>(c1_1(X65)|c3_1(X65)|~c0_1(X65)))|hskp49)&(![X66]:(ndr1_0=>(c3_1(X66)|c2_1(X66)|c1_1(X66)))|hskp50|hskp22)&(![X67]:(ndr1_0=>(c1_1(X67)|~c2_1(X67)|~c3_1(X67)))|hskp23|hskp24)&(![X68]:(ndr1_0=>(c1_1(X68)|c0_1(X68)|c3_1(X68)))|hskp51|![X69]:(ndr1_0=>(~c1_1(X69)|c0_1(X69)|~c3_1(X69))))&(![X70]:(ndr1_0=>(~c0_1(X70)|~c1_1(X70)|c2_1(X70)))|![X71]:(ndr1_0=>(c2_1(X71)|c1_1(X71)|~c3_1(X71)))|hskp5)&(hskp25|![X72]:(ndr1_0=>(c3_1(X72)|c2_1(X72)|~c0_1(X72)))|hskp52)&(hskp53|hskp17|![X73]:(ndr1_0=>(c0_1(X73)|c1_1(X73)|~c3_1(X73))))&(hskp37|hskp54|![X74]:(ndr1_0=>(c3_1(X74)|~c2_1(X74)|c0_1(X74))))&(hskp26|hskp55|![X75]:(ndr1_0=>(c1_1(X75)|~c0_1(X75)|c2_1(X75))))&(hskp27|hskp40|hskp28)&(hskp55|![X76]:(ndr1_0=>(c2_1(X76)|~c3_1(X76)|c1_1(X76)))|![X77]:(ndr1_0=>(~c2_1(X77)|c3_1(X77)|c0_1(X77))))&(![X78]:(ndr1_0=>(c2_1(X78)|c1_1(X78)|~c3_1(X78)))|hskp56|![X79]:(ndr1_0=>(c2_1(X79)|~c1_1(X79)|c3_1(X79))))&(![X80]:(ndr1_0=>(c0_1(X80)|c2_1(X80)|~c3_1(X80)))|hskp3|hskp29)&(hskp42|![X81]:(ndr1_0=>(~c3_1(X81)|c0_1(X81)|c1_1(X81)))|![X82]:(ndr1_0=>(c3_1(X82)|c0_1(X82)|c1_1(X82))))&(hskp57|![X83]:(ndr1_0=>(c1_1(X83)|~c3_1(X83)|~c0_1(X83)))|![X84]:(ndr1_0=>(~c0_1(X84)|~c1_1(X84)|~c3_1(X84))))&(![X85]:(ndr1_0=>(c2_1(X85)|~c3_1(X85)|~c0_1(X85)))|hskp58|hskp41)&(hskp59|hskp30)&(![X86]:(ndr1_0=>(~c2_1(X86)|~c1_1(X86)|c0_1(X86)))|hskp31|![X87]:(ndr1_0=>(~c2_1(X87)|c1_1(X87)|~c0_1(X87))))&(hskp33|hskp60|hskp61)&(hskp62|hskp63|![X88]:(ndr1_0=>(c1_1(X88)|c3_1(X88)|c2_1(X88))))&(hskp64|hskp65|hskp66)&(![X89]:(ndr1_0=>(~c3_1(X89)|~c0_1(X89)|c1_1(X89)))|hskp55|![X90]:(ndr1_0=>(c1_1(X90)|c0_1(X90)|~c3_1(X90))))&(hskp32|hskp30|![X91]:(ndr1_0=>(c1_1(X91)|~c0_1(X91)|~c2_1(X91))))))			
../../TPTP-v7.3.0/Problems/SYN/SYN677-1.p		Unsatisfiable	UNKNOWN		UNKNOWN		cnf					
../../TPTP-v7.3.0/Problems/SYN/SYN956+1.p		Theorem	YES	DTS/Alligator/AlexHappy/output/SYN956+1_dts.html	UNKNOWN		fof		(?[X]:(a(X)=>b(X))=>(![X]:a(X)=>?[X]:b(X)))			
../../TPTP-v7.3.0/Problems/SYN/SYN625-1.p		Unsatisfiable	UNKNOWN		UNKNOWN		cnf					
../../TPTP-v7.3.0/Problems/SYN/SYN180-1.p		Unsatisfiable	UNKNOWN		UNKNOWN		cnf					
../../TPTP-v7.3.0/Problems/SYN/SYN543-1.p		Satisfiable	UNKNOWN		UNKNOWN		cnf					
../../TPTP-v7.3.0/Problems/SYN/SYN702-1.p		Unsatisfiable	UNKNOWN		UNKNOWN		cnf					
../../TPTP-v7.3.0/Problems/SYN/SYN922+1.p		Theorem	YES	DTS/Alligator/AlexHappy/output/SYN922+1_dts.html	UNKNOWN		fof		(![X]:(p(X)&q(X))<=>(![X]:p(X)&![X]:q(X)))			
../../TPTP-v7.3.0/Problems/SYN/SYN542-1.p		Satisfiable	UNKNOWN		UNKNOWN		cnf					
../../TPTP-v7.3.0/Problems/SYN/SYN436+1.p		Theorem	UNKNOWN		UNKNOWN		fof		(~((~hskp0|(ndr1_0&c3_1(a1)&~c0_1(a1)&~c2_1(a1)))&(~hskp1|(ndr1_0&c2_1(a2)&~c0_1(a2)&~c3_1(a2)))&(~hskp2|(ndr1_0&c1_1(a4)&~c2_1(a4)&~c3_1(a4)))&(~hskp3|(ndr1_0&~c1_1(a5)&~c2_1(a5)&~c3_1(a5)))&(~hskp4|(ndr1_0&c1_1(a6)&c3_1(a6)&~c2_1(a6)))&(~hskp5|(ndr1_0&c1_1(a7)&c3_1(a7)&~c0_1(a7)))&(~hskp6|(ndr1_0&c0_1(a8)&c1_1(a8)&~c2_1(a8)))&(~hskp7|(ndr1_0&c0_1(a14)&c3_1(a14)&~c2_1(a14)))&(~hskp8|(ndr1_0&c0_1(a15)&~c1_1(a15)&~c2_1(a15)))&(~hskp9|(ndr1_0&c0_1(a16)&~c2_1(a16)&~c3_1(a16)))&(~hskp10|(ndr1_0&c0_1(a18)&c2_1(a18)&~c3_1(a18)))&(~hskp11|(ndr1_0&c2_1(a19)&~c1_1(a19)&~c3_1(a19)))&(~hskp12|(ndr1_0&~c0_1(a21)&~c1_1(a21)&~c2_1(a21)))&(~hskp13|(ndr1_0&~c0_1(a22)&~c2_1(a22)&~c3_1(a22)))&(~hskp14|(ndr1_0&c2_1(a24)&~c0_1(a24)&~c1_1(a24)))&(~hskp15|(ndr1_0&c0_1(a25)&c1_1(a25)&~c3_1(a25)))&(~hskp16|(ndr1_0&c1_1(a30)&~c0_1(a30)&~c2_1(a30)))&(~hskp17|(ndr1_0&c0_1(a31)&c2_1(a31)&~c1_1(a31)))&(~hskp18|(ndr1_0&~c0_1(a32)&~c1_1(a32)&~c3_1(a32)))&(~hskp19|(ndr1_0&c2_1(a33)&c3_1(a33)&~c0_1(a33)))&(~hskp20|(ndr1_0&c1_1(a37)&~c0_1(a37)&~c3_1(a37)))&(~hskp21|(ndr1_0&c2_1(a42)&c3_1(a42)&~c1_1(a42)))&(~hskp22|(ndr1_0&c0_1(a45)&~c1_1(a45)&~c3_1(a45)))&(~hskp23|(ndr1_0&c3_1(a53)&~c0_1(a53)&~c1_1(a53)))&(~hskp24|(ndr1_0&c1_1(a3)&c2_1(a3)&c3_1(a3)))&(~hskp25|(ndr1_0&c0_1(a9)&c1_1(a9)&c2_1(a9)))&(~hskp26|(ndr1_0&c0_1(a10)&c2_1(a10)&c3_1(a10)))&(~hskp27|(ndr1_0&c0_1(a11)&c1_1(a11)&c3_1(a11)))&(![U]:(ndr1_0=>(c0_1(U)|c1_1(U)|c2_1(U)))|![V]:(ndr1_0=>(c0_1(V)|c2_1(V)|c3_1(V)))|![W]:(ndr1_0=>(c0_1(W)|c2_1(W)|~c3_1(W))))&(![X]:(ndr1_0=>(c0_1(X)|c1_1(X)|c2_1(X)))|![Y]:(ndr1_0=>(c1_1(Y)|~c0_1(Y)|~c2_1(Y)))|hskp0)&(![Z]:(ndr1_0=>(c0_1(Z)|c1_1(Z)|c3_1(Z)))|![X1]:(ndr1_0=>(c0_1(X1)|~c1_1(X1)|~c2_1(X1))))&(![X2]:(ndr1_0=>(c0_1(X2)|c1_1(X2)|c3_1(X2)))|![X3]:(ndr1_0=>(c1_1(X3)|~c2_1(X3)|~c3_1(X3)))|hskp1)&(![X4]:(ndr1_0=>(c0_1(X4)|c1_1(X4)|c3_1(X4)))|![X5]:(ndr1_0=>(c3_1(X5)|~c0_1(X5)|~c1_1(X5)))|hskp24)&(![X6]:(ndr1_0=>(c0_1(X6)|c1_1(X6)|~c2_1(X6)))|![X7]:(ndr1_0=>(c0_1(X7)|c3_1(X7)|~c1_1(X7)))|![X8]:(ndr1_0=>(c1_1(X8)|~c2_1(X8)|~c3_1(X8))))&(![X9]:(ndr1_0=>(c0_1(X9)|c1_1(X9)|~c2_1(X9)))|![X10]:(ndr1_0=>(c1_1(X10)|c3_1(X10)|~c0_1(X10)))|![X11]:(ndr1_0=>(c2_1(X11)|c3_1(X11)|~c1_1(X11))))&(![X12]:(ndr1_0=>(c0_1(X12)|c1_1(X12)|~c2_1(X12)))|hskp2|hskp3)&(![X13]:(ndr1_0=>(c0_1(X13)|c1_1(X13)|~c3_1(X13)))|![X14]:(ndr1_0=>(c1_1(X14)|c2_1(X14)|~c0_1(X14)))|hskp4)&(![X15]:(ndr1_0=>(c0_1(X15)|c2_1(X15)|c3_1(X15)))|![X16]:(ndr1_0=>(c0_1(X16)|c3_1(X16)|~c2_1(X16)))|![X17]:(ndr1_0=>(c1_1(X17)|c2_1(X17)|c3_1(X17))))&(![X18]:(ndr1_0=>(c0_1(X18)|c2_1(X18)|c3_1(X18)))|![X19]:(ndr1_0=>(c1_1(X19)|c3_1(X19)|~c0_1(X19)))|![X20]:(ndr1_0=>(c2_1(X20)|~c1_1(X20)|~c3_1(X20))))&(![X21]:(ndr1_0=>(c0_1(X21)|c2_1(X21)|~c1_1(X21)))|![X22]:(ndr1_0=>(c3_1(X22)|~c1_1(X22)|~c2_1(X22)))|hskp5)&(![X23]:(ndr1_0=>(c0_1(X23)|c2_1(X23)|~c3_1(X23)))|![X24]:(ndr1_0=>(~c1_1(X24)|~c2_1(X24)|~c3_1(X24)))|hskp6)&(![X25]:(ndr1_0=>(c0_1(X25)|c3_1(X25)|~c2_1(X25)))|![X26]:(ndr1_0=>(c2_1(X26)|c3_1(X26)|~c1_1(X26)))|![X27]:(ndr1_0=>(~c0_1(X27)|~c1_1(X27)|~c2_1(X27))))&(![X28]:(ndr1_0=>(c0_1(X28)|c3_1(X28)|~c2_1(X28)))|hskp25|hskp26)&(![X29]:(ndr1_0=>(c0_1(X29)|~c1_1(X29)|~c2_1(X29)))|hskp27|hskp26)&(![X30]:(ndr1_0=>(c0_1(X30)|~c1_1(X30)|~c2_1(X30)))|hskp27|hskp7)&(![X31]:(ndr1_0=>(c0_1(X31)|~c1_1(X31)|~c2_1(X31)))|hskp8|hskp9)&(![X32]:(ndr1_0=>(c0_1(X32)|~c1_1(X32)|~c3_1(X32)))|![X33]:(ndr1_0=>(c1_1(X33)|c3_1(X33)|~c0_1(X33)))|hskp4)&(![X34]:(ndr1_0=>(c0_1(X34)|~c1_1(X34)|~c3_1(X34)))|![X35]:(ndr1_0=>(c1_1(X35)|~c2_1(X35)|~c3_1(X35)))|hskp10)&(![X36]:(ndr1_0=>(c0_1(X36)|~c2_1(X36)|~c3_1(X36)))|![X37]:(ndr1_0=>(c3_1(X37)|~c0_1(X37)|~c2_1(X37)))|hskp11)&(![X38]:(ndr1_0=>(c0_1(X38)|~c2_1(X38)|~c3_1(X38)))|hskp27|hskp12)&(![X39]:(ndr1_0=>(c1_1(X39)|c2_1(X39)|~c0_1(X39)))|![X40]:(ndr1_0=>(c1_1(X40)|~c0_1(X40)|~c3_1(X40)))|hskp13)&(![X41]:(ndr1_0=>(c1_1(X41)|c2_1(X41)|~c0_1(X41)))|hskp2|hskp14)&(![X42]:(ndr1_0=>(c1_1(X42)|c2_1(X42)|~c3_1(X42)))|![X43]:(ndr1_0=>(c2_1(X43)|~c0_1(X43)|~c3_1(X43)))|hskp15)&(![X44]:(ndr1_0=>(c1_1(X44)|c3_1(X44)|~c2_1(X44)))|![X45]:(ndr1_0=>(~c0_1(X45)|~c2_1(X45)|~c3_1(X45))))&(![X46]:(ndr1_0=>(c1_1(X46)|c3_1(X46)|~c2_1(X46)))|hskp6|hskp26)&(![X47]:(ndr1_0=>(c1_1(X47)|c3_1(X47)|~c2_1(X47)))|hskp7)&(![X48]:(ndr1_0=>(c2_1(X48)|c3_1(X48)|~c0_1(X48)))|![X49]:(ndr1_0=>(c2_1(X49)|c3_1(X49)|~c1_1(X49)))|![X50]:(ndr1_0=>(~c0_1(X50)|~c2_1(X50)|~c3_1(X50))))&(![X51]:(ndr1_0=>(c2_1(X51)|c3_1(X51)|~c0_1(X51)))|hskp26|hskp16)&(![X52]:(ndr1_0=>(c2_1(X52)|~c0_1(X52)|~c3_1(X52)))|hskp17|hskp18)&(![X53]:(ndr1_0=>(c2_1(X53)|~c1_1(X53)|~c3_1(X53)))|![X54]:(ndr1_0=>(~c0_1(X54)|~c1_1(X54)|~c2_1(X54)))|hskp19)&(![X55]:(ndr1_0=>(c2_1(X55)|~c1_1(X55)|~c3_1(X55)))|hskp9|hskp24)&(![X56]:(ndr1_0=>(c3_1(X56)|~c0_1(X56)|~c2_1(X56)))|hskp26|hskp20)&(![X57]:(ndr1_0=>(~c0_1(X57)|~c1_1(X57)|~c2_1(X57)))|hskp6|hskp10)&(hskp25|hskp17|hskp21)&(hskp6|hskp26|hskp22)&(hskp17|hskp8|hskp4)&(hskp7|hskp9|hskp13)&(hskp24|hskp23|hskp0)))			
../../TPTP-v7.3.0/Problems/SYN/SYN082+1.p		Theorem	UNKNOWN		UNKNOWN		fof		(![X]:(big_f(X,f(X))<=>?[Y]:(![Z]:(big_f(Z,Y)=>big_f(Z,f(X)))&big_f(X,Y))))			
../../TPTP-v7.3.0/Problems/SYN/SYN707-1.p		Unsatisfiable	UNKNOWN		UNKNOWN		cnf					
../../TPTP-v7.3.0/Problems/SYN/SYN648-1.p		Unsatisfiable	UNKNOWN		UNKNOWN		cnf					
../../TPTP-v7.3.0/Problems/SYN/SYN838-1.p		Satisfiable	UNKNOWN		UNKNOWN		cnf					
../../TPTP-v7.3.0/Problems/SYN/SYN047-1.p		Unsatisfiable	UNKNOWN		UNKNOWN		cnf					
../../TPTP-v7.3.0/Problems/SYN/SYN045-1.p		Unsatisfiable	UNKNOWN		UNKNOWN		cnf					
../../TPTP-v7.3.0/Problems/SYN/SYN352-1.p		Unsatisfiable	UNKNOWN		UNKNOWN		cnf					
../../TPTP-v7.3.0/Problems/SYN/SYN237-1.p		Unsatisfiable	UNKNOWN		UNKNOWN		cnf					
../../TPTP-v7.3.0/Problems/SYN/SYN213-1.p		Unsatisfiable	UNKNOWN		UNKNOWN		cnf					
../../TPTP-v7.3.0/Problems/SYN/SYN715-1.p		Unsatisfiable	UNKNOWN		UNKNOWN		cnf					
../../TPTP-v7.3.0/Problems/SYN/SYN510-1.p		Unsatisfiable	UNKNOWN		UNKNOWN		cnf					
../../TPTP-v7.3.0/Problems/SYN/SYN944+1.p		Theorem	UNKNOWN		UNKNOWN		fof		(![A,B,C]:((s(A)&s(B)&r(B,C)&![X]:(s(X)=>p(X))&![X,Y]:(r(X,Y)=>q(X,Y)))=>?[X,Y]:(p(X)&q(X,Y))))			
../../TPTP-v7.3.0/Problems/SYN/SYN412+1.p		Theorem	UNKNOWN		UNKNOWN		fof		(~(?[X]:![Y]:(f(X,Y)<=>~f(X,X))))			
../../TPTP-v7.3.0/Problems/SYN/SYN501-1.p		Unsatisfiable	UNKNOWN		UNKNOWN		cnf					
../../TPTP-v7.3.0/Problems/SYN/SYN007+1.014.p		Theorem	UNKNOWN		UNKNOWN		fof		(p_1<=>(p_2<=>(p_3<=>(p_4<=>(p_5<=>(p_6<=>(p_7<=>(p_8<=>(p_9<=>(p_10<=>(p_11<=>(p_12<=>(p_13<=>(p_14<=>(p_1<=>(p_2<=>(p_3<=>(p_4<=>(p_5<=>(p_6<=>(p_7<=>(p_8<=>(p_9<=>(p_10<=>(p_11<=>(p_12<=>(p_13<=>p_14)))))))))))))))))))))))))))			
../../TPTP-v7.3.0/Problems/SYN/SYN602-1.p		Unsatisfiable	UNKNOWN		UNKNOWN		cnf					
../../TPTP-v7.3.0/Problems/SYN/SYN171-1.p		Unsatisfiable	UNKNOWN		UNKNOWN		cnf					
../../TPTP-v7.3.0/Problems/SYN/SYN362+1.p		Theorem	UNKNOWN		UNKNOWN		fof		((![Y]:?[W]:big_r(Y,W)&?[Z]:![X]:(big_p(X)=>~big_r(Z,X)))=>?[X]:~big_p(X))			
../../TPTP-v7.3.0/Problems/SYN/SYN831-1.p		Satisfiable	UNKNOWN		UNKNOWN		cnf					
../../TPTP-v7.3.0/Problems/SYN/SYN394+1.p		Theorem	YES	DTS/Alligator/AlexHappy/output/SYN394+1_dts.html	UNKNOWN		fof		(![X]:(f(X)=>g(X))=>(![Y]:f(Y)=>![Z]:g(Z)))			
../../TPTP-v7.3.0/Problems/SYN/SYN682-1.p		Unsatisfiable	UNKNOWN		UNKNOWN		cnf					
../../TPTP-v7.3.0/Problems/SYN/SYN588-1.p		Unsatisfiable	UNKNOWN		UNKNOWN		cnf					
../../TPTP-v7.3.0/Problems/SYN/SYN327+1.p		Theorem	UNKNOWN		UNKNOWN		fof		(![X]:?[Y]:![Z]:(big_f(Y,X)=>((big_f(X,Z)=>big_f(X,Y))&(big_f(X,Y)=>(~big_f(X,Z)=>(big_f(Y,X)&big_f(Z,Y)))))))			
../../TPTP-v7.3.0/Problems/SYN/SYN623-1.p		Unsatisfiable	UNKNOWN		UNKNOWN		cnf					
../../TPTP-v7.3.0/Problems/SYN/SYN594-1.p		Unsatisfiable	UNKNOWN		UNKNOWN		cnf					
../../TPTP-v7.3.0/Problems/SYN/SYN815-1.p		Satisfiable	UNKNOWN		UNKNOWN		cnf					
../../TPTP-v7.3.0/Problems/SYN/SYN578-1.p		Unsatisfiable	UNKNOWN		UNKNOWN		cnf					
../../TPTP-v7.3.0/Problems/SYN/SYN454+1.p		Theorem	UNKNOWN		UNKNOWN		fof		(~((~hskp0|(ndr1_0&~c1_1(a96)&~c2_1(a96)&~c3_1(a96)))&(~hskp1|(ndr1_0&c2_1(a97)&c3_1(a97)&~c1_1(a97)))&(~hskp2|(ndr1_0&c1_1(a98)&~c0_1(a98)&~c3_1(a98)))&(~hskp3|(ndr1_0&c2_1(a99)&~c1_1(a99)&~c3_1(a99)))&(~hskp4|(ndr1_0&c2_1(a100)&~c0_1(a100)&~c1_1(a100)))&(~hskp5|(ndr1_0&c3_1(a101)&~c1_1(a101)&~c2_1(a101)))&(~hskp6|(ndr1_0&c1_1(a102)&c2_1(a102)&~c3_1(a102)))&(~hskp7|(ndr1_0&c0_1(a103)&~c1_1(a103)&~c3_1(a103)))&(~hskp8|(ndr1_0&~c0_1(a104)&~c2_1(a104)&~c3_1(a104)))&(~hskp9|(ndr1_0&c0_1(a105)&c2_1(a105)&~c1_1(a105)))&(~hskp10|(ndr1_0&c1_1(a106)&c3_1(a106)&~c2_1(a106)))&(~hskp11|(ndr1_0&c2_1(a109)&~c0_1(a109)&~c3_1(a109)))&(~hskp12|(ndr1_0&c2_1(a110)&c3_1(a110)&~c0_1(a110)))&(~hskp13|(ndr1_0&c0_1(a112)&c3_1(a112)&~c1_1(a112)))&(~hskp14|(ndr1_0&c0_1(a115)&~c2_1(a115)&~c3_1(a115)))&(~hskp15|(ndr1_0&c1_1(a116)&c3_1(a116)&~c0_1(a116)))&(~hskp16|(ndr1_0&c1_1(a118)&~c2_1(a118)&~c3_1(a118)))&(~hskp17|(ndr1_0&~c0_1(a124)&~c1_1(a124)&~c3_1(a124)))&(~hskp18|(ndr1_0&c0_1(a125)&c1_1(a125)&~c3_1(a125)))&(~hskp19|(ndr1_0&c0_1(a127)&c2_1(a127)&~c3_1(a127)))&(~hskp20|(ndr1_0&c0_1(a133)&c3_1(a133)&~c2_1(a133)))&(~hskp21|(ndr1_0&c3_1(a145)&~c0_1(a145)&~c2_1(a145)))&(~hskp22|(ndr1_0&c3_1(a149)&~c0_1(a149)&~c1_1(a149)))&(~hskp23|(ndr1_0&c0_1(a152)&c1_1(a152)&~c2_1(a152)))&(~hskp24|(ndr1_0&c1_1(a153)&~c0_1(a153)&~c2_1(a153)))&(~hskp25|(ndr1_0&c0_1(a159)&~c1_1(a159)&~c2_1(a159)))&(~hskp26|(ndr1_0&c0_1(a94)&c1_1(a94)&c2_1(a94)))&(~hskp27|(ndr1_0&c0_1(a95)&c2_1(a95)&c3_1(a95)))&(~hskp28|(ndr1_0&c0_1(a142)&c1_1(a142)&c3_1(a142)))&(~hskp29|(ndr1_0&c1_1(a165)&c2_1(a165)&c3_1(a165)))&(![U]:(ndr1_0=>(c0_1(U)|c1_1(U)|c2_1(U)))|![V]:(ndr1_0=>(c0_1(V)|~c1_1(V)|~c3_1(V)))|![W]:(ndr1_0=>(c1_1(W)|c3_1(W)|~c2_1(W))))&(![X]:(ndr1_0=>(c0_1(X)|c1_1(X)|c2_1(X)))|hskp26|hskp27)&(![Y]:(ndr1_0=>(c0_1(Y)|c1_1(Y)|c3_1(Y)))|![Z]:(ndr1_0=>(c2_1(Z)|~c0_1(Z)|~c1_1(Z)))|hskp0)&(![X1]:(ndr1_0=>(c0_1(X1)|c1_1(X1)|~c2_1(X1)))|![X2]:(ndr1_0=>(~c0_1(X2)|~c2_1(X2)|~c3_1(X2)))|hskp1)&(![X3]:(ndr1_0=>(c0_1(X3)|c1_1(X3)|~c3_1(X3)))|hskp2|hskp3)&(![X4]:(ndr1_0=>(c0_1(X4)|c1_1(X4)|~c3_1(X4)))|hskp4|hskp5)&(![X5]:(ndr1_0=>(c0_1(X5)|c2_1(X5)|c3_1(X5)))|![X6]:(ndr1_0=>(c0_1(X6)|c2_1(X6)|~c1_1(X6)))|hskp6)&(![X7]:(ndr1_0=>(c0_1(X7)|c2_1(X7)|~c1_1(X7)))|![X8]:(ndr1_0=>(c0_1(X8)|~c2_1(X8)|~c3_1(X8)))|hskp7)&(![X9]:(ndr1_0=>(c0_1(X9)|c2_1(X9)|~c3_1(X9)))|![X10]:(ndr1_0=>(c0_1(X10)|~c2_1(X10)|~c3_1(X10)))|![X11]:(ndr1_0=>(c1_1(X11)|c3_1(X11)|~c0_1(X11))))&(![X12]:(ndr1_0=>(c0_1(X12)|c2_1(X12)|~c3_1(X12)))|![X13]:(ndr1_0=>(~c0_1(X13)|~c1_1(X13)|~c3_1(X13)))|hskp8)&(![X14]:(ndr1_0=>(c0_1(X14)|c3_1(X14)|~c1_1(X14)))|![X15]:(ndr1_0=>(c2_1(X15)|c3_1(X15)|~c0_1(X15)))|hskp9)&(![X16]:(ndr1_0=>(c0_1(X16)|c3_1(X16)|~c1_1(X16)))|![X17]:(ndr1_0=>(c2_1(X17)|~c0_1(X17)|~c3_1(X17)))|![X18]:(ndr1_0=>(c2_1(X18)|~c1_1(X18)|~c3_1(X18))))&(![X19]:(ndr1_0=>(c0_1(X19)|c3_1(X19)|~c2_1(X19)))|![X20]:(ndr1_0=>(c0_1(X20)|~c1_1(X20)|~c2_1(X20)))|![X21]:(ndr1_0=>(c0_1(X21)|~c1_1(X21)|~c3_1(X21))))&(![X22]:(ndr1_0=>(c0_1(X22)|c3_1(X22)|~c2_1(X22)))|![X23]:(ndr1_0=>(c1_1(X23)|c2_1(X23)|c3_1(X23)))|![X24]:(ndr1_0=>(c2_1(X24)|c3_1(X24)|~c1_1(X24))))&(![X25]:(ndr1_0=>(c0_1(X25)|c3_1(X25)|~c2_1(X25)))|![X26]:(ndr1_0=>(c1_1(X26)|c3_1(X26)|~c2_1(X26)))|hskp10)&(![X27]:(ndr1_0=>(c0_1(X27)|~c1_1(X27)|~c2_1(X27)))|![X28]:(ndr1_0=>(c2_1(X28)|~c0_1(X28)|~c3_1(X28)))|![X29]:(ndr1_0=>(~c0_1(X29)|~c1_1(X29)|~c2_1(X29))))&(![X30]:(ndr1_0=>(c0_1(X30)|~c1_1(X30)|~c2_1(X30)))|![X31]:(ndr1_0=>(~c0_1(X31)|~c2_1(X31)|~c3_1(X31)))|hskp1)&(![X32]:(ndr1_0=>(c0_1(X32)|~c1_1(X32)|~c2_1(X32)))|hskp26|hskp11)&(![X33]:(ndr1_0=>(c0_1(X33)|~c1_1(X33)|~c3_1(X33)))|![X34]:(ndr1_0=>(c1_1(X34)|c3_1(X34)|~c0_1(X34)))|hskp12)&(![X35]:(ndr1_0=>(c1_1(X35)|c2_1(X35)|c3_1(X35)))|![X36]:(ndr1_0=>(~c0_1(X36)|~c2_1(X36)|~c3_1(X36)))|hskp3)&(![X37]:(ndr1_0=>(c1_1(X37)|c2_1(X37)|c3_1(X37)))|hskp13|hskp3)&(![X38]:(ndr1_0=>(c1_1(X38)|c2_1(X38)|c3_1(X38)))|hskp1)&(![X39]:(ndr1_0=>(c1_1(X39)|c2_1(X39)|~c0_1(X39)))|![X40]:(ndr1_0=>(c1_1(X40)|c2_1(X40)|~c3_1(X40)))|![X41]:(ndr1_0=>(c2_1(X41)|~c1_1(X41)|~c3_1(X41))))&(![X42]:(ndr1_0=>(c1_1(X42)|c2_1(X42)|~c0_1(X42)))|![X43]:(ndr1_0=>(c1_1(X43)|c2_1(X43)|~c3_1(X43)))|hskp14)&(![X44]:(ndr1_0=>(c1_1(X44)|c2_1(X44)|~c0_1(X44)))|![X45]:(ndr1_0=>(c2_1(X45)|~c0_1(X45)|~c3_1(X45)))|hskp15)&(![X46]:(ndr1_0=>(c1_1(X46)|c2_1(X46)|~c3_1(X46)))|![X47]:(ndr1_0=>(c2_1(X47)|~c0_1(X47)|~c1_1(X47)))|![X48]:(ndr1_0=>(~c0_1(X48)|~c1_1(X48)|~c3_1(X48))))&(![X49]:(ndr1_0=>(c1_1(X49)|c3_1(X49)|~c0_1(X49)))|![X50]:(ndr1_0=>(c1_1(X50)|~c0_1(X50)|~c2_1(X50))))&(![X51]:(ndr1_0=>(c1_1(X51)|c3_1(X51)|~c2_1(X51)))|![X52]:(ndr1_0=>(c3_1(X52)|~c0_1(X52)|~c1_1(X52)))|hskp10)&(![X53]:(ndr1_0=>(c1_1(X53)|~c0_1(X53)|~c3_1(X53)))|![X54]:(ndr1_0=>(c3_1(X54)|~c0_1(X54)|~c1_1(X54)))|hskp16)&(![X55]:(ndr1_0=>(c1_1(X55)|~c0_1(X55)|~c3_1(X55)))|hskp14|hskp10)&(![X56]:(ndr1_0=>(c1_1(X56)|~c0_1(X56)|~c3_1(X56)))|hskp16|hskp8)&(![X57]:(ndr1_0=>(c1_1(X57)|~c2_1(X57)|~c3_1(X57)))|hskp26|hskp17)&(![X58]:(ndr1_0=>(c1_1(X58)|~c2_1(X58)|~c3_1(X58)))|hskp18|hskp14)&(![X59]:(ndr1_0=>(c1_1(X59)|~c2_1(X59)|~c3_1(X59)))|hskp19|hskp5)&(![X60]:(ndr1_0=>(c1_1(X60)|~c2_1(X60)|~c3_1(X60)))|hskp13)&(![X61]:(ndr1_0=>(c1_1(X61)|~c2_1(X61)|~c3_1(X61)))|hskp6|hskp4)&(![X62]:(ndr1_0=>(c2_1(X62)|c3_1(X62)|~c0_1(X62)))|![X63]:(ndr1_0=>(~c0_1(X63)|~c2_1(X63)|~c3_1(X63)))|hskp8)&(![X64]:(ndr1_0=>(c2_1(X64)|c3_1(X64)|~c0_1(X64)))|hskp20|hskp10)&(![X65]:(ndr1_0=>(c2_1(X65)|c3_1(X65)|~c0_1(X65)))|hskp12|hskp5)&(![X66]:(ndr1_0=>(c2_1(X66)|c3_1(X66)|~c0_1(X66)))|hskp1|hskp17)&(![X67]:(ndr1_0=>(c2_1(X67)|c3_1(X67)|~c1_1(X67)))|![X68]:(ndr1_0=>(c3_1(X68)|~c1_1(X68)|~c2_1(X68)))|hskp5)&(![X69]:(ndr1_0=>(c2_1(X69)|~c0_1(X69)|~c1_1(X69)))|![X70]:(ndr1_0=>(c2_1(X70)|~c1_1(X70)|~c3_1(X70)))|![X71]:(ndr1_0=>(~c0_1(X71)|~c1_1(X71)|~c3_1(X71))))&(![X72]:(ndr1_0=>(c2_1(X72)|~c0_1(X72)|~c1_1(X72)))|hskp6|hskp3)&(![X73]:(ndr1_0=>(c3_1(X73)|~c1_1(X73)|~c2_1(X73)))|hskp28|hskp18)&(![X74]:(ndr1_0=>(c3_1(X74)|~c1_1(X74)|~c2_1(X74)))|hskp12|hskp21)&(![X75]:(ndr1_0=>(~c0_1(X75)|~c2_1(X75)|~c3_1(X75)))|hskp26|hskp1)&(![X76]:(ndr1_0=>(~c1_1(X76)|~c2_1(X76)|~c3_1(X76)))|hskp9|hskp22)&(![X77]:(ndr1_0=>(~c1_1(X77)|~c2_1(X77)|~c3_1(X77)))|hskp12|hskp8)&(hskp23|hskp24|hskp16)&(hskp18|hskp19|hskp13)&(hskp18|hskp25|hskp17)&(hskp9|hskp14|hskp2)&(hskp20|hskp29|hskp0)&(hskp20|hskp3|hskp8)&(hskp14|hskp16|hskp21)&(hskp14|hskp12|hskp11)&(hskp14|hskp1|hskp3)&(hskp29|hskp24|hskp11)&(hskp6|hskp22|hskp17)&(hskp15|hskp22|hskp17)))			
../../TPTP-v7.3.0/Problems/SYN/SYN923+1.p		Theorem	UNKNOWN		UNKNOWN		fof		((![X]:p(X)|![X]:q(X))=>![X]:(p(X)|q(X)))			
../../TPTP-v7.3.0/Problems/SYN/SYN242-1.p		Unsatisfiable	UNKNOWN		UNKNOWN		cnf					
../../TPTP-v7.3.0/Problems/SYN/SYN287-1.p		Unsatisfiable	UNKNOWN		UNKNOWN		cnf					
../../TPTP-v7.3.0/Problems/SYN/SYN191-1.p		Unsatisfiable	UNKNOWN		UNKNOWN		cnf					
../../TPTP-v7.3.0/Problems/SYN/SYN351+1.p		Theorem	UNKNOWN		UNKNOWN		fof		(![X1,X2]:?[Y1,Y2]:![Z]:(big_f(X1,Y2,X1,Z)=>((big_f(X1,Y1,X1,Y2)<=>big_f(Y1,X2,Y1,Y2))=>(big_f(X1,Y1,X1,Y2)=>((big_f(X1,Y2,Y1,Y2)=>big_f(X1,Z,Y1,Z))&(big_f(X1,Z,Y1,Z)=>(big_f(X1,Y1,X1,Y2)<=>big_f(X1,Y2,Y1,Y2))))))))			
../../TPTP-v7.3.0/Problems/SYN/SYN742-1.p		Satisfiable	UNKNOWN		UNKNOWN		cnf					
../../TPTP-v7.3.0/Problems/SYN/SYN175-1.p		Unsatisfiable	UNKNOWN		UNKNOWN		cnf					
../../TPTP-v7.3.0/Problems/SYN/SYN827-1.p		Satisfiable	UNKNOWN		UNKNOWN		cnf					
../../TPTP-v7.3.0/Problems/SYN/SYN568-1.p		Unsatisfiable	UNKNOWN		UNKNOWN		cnf					
../../TPTP-v7.3.0/Problems/SYN/SYN340+1.p		Theorem	UNKNOWN		UNKNOWN		fof		(?[X]:![Y]:?[Z1,Z2]:(big_f(X,Y,Z1,Z2,Z1)=>big_f(Z1,X,Y,Z1,Z2)))			
../../TPTP-v7.3.0/Problems/SYN/SYN407+1.p		Theorem	UNKNOWN		UNKNOWN		fof		(![X]:(f(X)=>(g(X)|h(X)))=>(![Y]:(f(Y)=>g(Y))|?[Z]:(f(Z)&h(Z))))			
../../TPTP-v7.3.0/Problems/SYN/SYN465+1.p		Theorem	UNKNOWN		UNKNOWN		fof		(~((~hskp0|(ndr1_0&c0_1(a1)&~c1_1(a1)&~c2_1(a1)))&(~hskp1|(ndr1_0&c0_1(a4)&c2_1(a4)&~c1_1(a4)))&(~hskp2|(ndr1_0&c2_1(a5)&~c0_1(a5)&~c1_1(a5)))&(~hskp3|(ndr1_0&c0_1(a6)&c3_1(a6)&~c2_1(a6)))&(~hskp4|(ndr1_0&c1_1(a7)&c3_1(a7)&~c0_1(a7)))&(~hskp5|(ndr1_0&~c0_1(a9)&~c1_1(a9)&~c2_1(a9)))&(~hskp6|(ndr1_0&c2_1(a10)&~c1_1(a10)&~c3_1(a10)))&(~hskp7|(ndr1_0&c0_1(a12)&c1_1(a12)&~c3_1(a12)))&(~hskp8|(ndr1_0&c1_1(a13)&c2_1(a13)&~c0_1(a13)))&(~hskp9|(ndr1_0&~c1_1(a15)&~c2_1(a15)&~c3_1(a15)))&(~hskp10|(ndr1_0&c1_1(a17)&~c0_1(a17)&~c2_1(a17)))&(~hskp11|(ndr1_0&c0_1(a21)&~c2_1(a21)&~c3_1(a21)))&(~hskp12|(ndr1_0&c1_1(a24)&c3_1(a24)&~c2_1(a24)))&(~hskp13|(ndr1_0&c3_1(a26)&~c0_1(a26)&~c1_1(a26)))&(~hskp14|(ndr1_0&c2_1(a28)&c3_1(a28)&~c0_1(a28)))&(~hskp15|(ndr1_0&c1_1(a29)&~c2_1(a29)&~c3_1(a29)))&(~hskp16|(ndr1_0&c2_1(a30)&c3_1(a30)&~c1_1(a30)))&(~hskp17|(ndr1_0&c0_1(a32)&c2_1(a32)&~c3_1(a32)))&(~hskp18|(ndr1_0&c1_1(a33)&c2_1(a33)&~c3_1(a33)))&(~hskp19|(ndr1_0&c1_1(a35)&~c0_1(a35)&~c3_1(a35)))&(~hskp20|(ndr1_0&c0_1(a36)&c1_1(a36)&~c2_1(a36)))&(~hskp21|(ndr1_0&c2_1(a39)&~c0_1(a39)&~c3_1(a39)))&(~hskp22|(ndr1_0&~c0_1(a40)&~c2_1(a40)&~c3_1(a40)))&(~hskp23|(ndr1_0&c0_1(a42)&~c1_1(a42)&~c3_1(a42)))&(~hskp24|(ndr1_0&c3_1(a52)&~c0_1(a52)&~c2_1(a52)))&(~hskp25|(ndr1_0&c0_1(a54)&c3_1(a54)&~c1_1(a54)))&(~hskp26|(ndr1_0&~c0_1(a57)&~c1_1(a57)&~c3_1(a57)))&(~hskp27|(ndr1_0&c3_1(a65)&~c1_1(a65)&~c2_1(a65)))&(~hskp28|(ndr1_0&c0_1(a2)&c1_1(a2)&c2_1(a2)))&(~hskp29|(ndr1_0&c1_1(a8)&c2_1(a8)&c3_1(a8)))&(~hskp30|(ndr1_0&c0_1(a20)&c2_1(a20)&c3_1(a20)))&(~hskp31|(ndr1_0&c0_1(a76)&c1_1(a76)&c3_1(a76)))&(![U]:(ndr1_0=>(c0_1(U)|c1_1(U)|c2_1(U)))|![V]:(ndr1_0=>(c0_1(V)|~c2_1(V)|~c3_1(V)))|![W]:(ndr1_0=>(c2_1(W)|~c1_1(W)|~c3_1(W))))&(![X]:(ndr1_0=>(c0_1(X)|c1_1(X)|c2_1(X)))|![Y]:(ndr1_0=>(c1_1(Y)|~c0_1(Y)|~c2_1(Y)))|hskp0)&(![Z]:(ndr1_0=>(c0_1(Z)|c1_1(Z)|c2_1(Z)))|hskp28|hskp0)&(![X1]:(ndr1_0=>(c0_1(X1)|c1_1(X1)|c3_1(X1)))|![X2]:(ndr1_0=>(c0_1(X2)|c2_1(X2)|~c3_1(X2)))|hskp1)&(![X3]:(ndr1_0=>(c0_1(X3)|c1_1(X3)|c3_1(X3)))|![X4]:(ndr1_0=>(c2_1(X4)|c3_1(X4)|~c1_1(X4)))|hskp2)&(![X5]:(ndr1_0=>(c0_1(X5)|c1_1(X5)|~c2_1(X5)))|![X6]:(ndr1_0=>(c0_1(X6)|c2_1(X6)|~c1_1(X6)))|![X7]:(ndr1_0=>(c0_1(X7)|c3_1(X7)|~c2_1(X7))))&(![X8]:(ndr1_0=>(c0_1(X8)|c1_1(X8)|~c3_1(X8)))|![X9]:(ndr1_0=>(c2_1(X9)|~c0_1(X9)|~c1_1(X9)))|hskp3)&(![X10]:(ndr1_0=>(c0_1(X10)|c2_1(X10)|c3_1(X10)))|![X11]:(ndr1_0=>(c0_1(X11)|c2_1(X11)|~c3_1(X11)))|hskp4)&(![X12]:(ndr1_0=>(c0_1(X12)|c2_1(X12)|c3_1(X12)))|hskp29|hskp5)&(![X13]:(ndr1_0=>(c0_1(X13)|c2_1(X13)|~c1_1(X13)))|![X14]:(ndr1_0=>(c0_1(X14)|c3_1(X14)|~c1_1(X14)))|hskp6)&(![X15]:(ndr1_0=>(c0_1(X15)|c2_1(X15)|~c1_1(X15)))|![X16]:(ndr1_0=>(c3_1(X16)|~c0_1(X16)|~c1_1(X16)))|![X17]:(ndr1_0=>(~c0_1(X17)|~c1_1(X17)|~c3_1(X17))))&(![X18]:(ndr1_0=>(c0_1(X18)|c2_1(X18)|~c1_1(X18)))|![X19]:(ndr1_0=>(~c0_1(X19)|~c2_1(X19)|~c3_1(X19)))|hskp28)&(![X20]:(ndr1_0=>(c0_1(X20)|c2_1(X20)|~c1_1(X20)))|hskp7|hskp8)&(![X21]:(ndr1_0=>(c0_1(X21)|c2_1(X21)|~c1_1(X21)))|hskp0|hskp9)&(![X22]:(ndr1_0=>(c0_1(X22)|c2_1(X22)|~c3_1(X22)))|![X23]:(ndr1_0=>(c0_1(X23)|~c1_1(X23)|~c2_1(X23)))|![X24]:(ndr1_0=>(~c1_1(X24)|~c2_1(X24)|~c3_1(X24))))&(![X25]:(ndr1_0=>(c0_1(X25)|c2_1(X25)|~c3_1(X25)))|![X26]:(ndr1_0=>(c1_1(X26)|c3_1(X26)|~c0_1(X26)))|hskp7)&(![X27]:(ndr1_0=>(c0_1(X27)|c2_1(X27)|~c3_1(X27)))|![X28]:(ndr1_0=>(c1_1(X28)|c3_1(X28)|~c0_1(X28)))|hskp10)&(![X29]:(ndr1_0=>(c0_1(X29)|c2_1(X29)|~c3_1(X29)))|![X30]:(ndr1_0=>(c3_1(X30)|~c0_1(X30)|~c1_1(X30)))|hskp5)&(![X31]:(ndr1_0=>(c0_1(X31)|c2_1(X31)|~c3_1(X31)))|![X32]:(ndr1_0=>(~c0_1(X32)|~c1_1(X32)|~c3_1(X32)))|hskp5)&(![X33]:(ndr1_0=>(c0_1(X33)|c2_1(X33)|~c3_1(X33)))|hskp30|hskp11)&(![X34]:(ndr1_0=>(c0_1(X34)|c3_1(X34)|~c1_1(X34)))|hskp30|hskp8)&(![X35]:(ndr1_0=>(c0_1(X35)|c3_1(X35)|~c1_1(X35)))|hskp12)&(![X36]:(ndr1_0=>(c0_1(X36)|c3_1(X36)|~c2_1(X36)))|![X37]:(ndr1_0=>(c1_1(X37)|~c2_1(X37)|~c3_1(X37)))|hskp8)&(![X38]:(ndr1_0=>(c0_1(X38)|c3_1(X38)|~c2_1(X38)))|![X39]:(ndr1_0=>(c2_1(X39)|c3_1(X39)|~c0_1(X39)))|![X40]:(ndr1_0=>(c3_1(X40)|~c0_1(X40)|~c1_1(X40))))&(![X41]:(ndr1_0=>(c0_1(X41)|c3_1(X41)|~c2_1(X41)))|![X42]:(ndr1_0=>(c2_1(X42)|c3_1(X42)|~c1_1(X42)))|hskp13)&(![X43]:(ndr1_0=>(c0_1(X43)|c3_1(X43)|~c2_1(X43)))|hskp3|hskp14)&(![X44]:(ndr1_0=>(c0_1(X44)|c3_1(X44)|~c2_1(X44)))|hskp15|hskp16)&(![X45]:(ndr1_0=>(c0_1(X45)|~c1_1(X45)|~c2_1(X45)))|![X46]:(ndr1_0=>(c0_1(X46)|~c1_1(X46)|~c3_1(X46)))|![X47]:(ndr1_0=>(c1_1(X47)|c3_1(X47)|~c0_1(X47))))&(![X48]:(ndr1_0=>(c0_1(X48)|~c1_1(X48)|~c2_1(X48)))|![X49]:(ndr1_0=>(c3_1(X49)|~c0_1(X49)|~c1_1(X49)))|hskp30)&(![X50]:(ndr1_0=>(c0_1(X50)|~c1_1(X50)|~c2_1(X50)))|hskp17|hskp18)&(![X51]:(ndr1_0=>(c0_1(X51)|~c1_1(X51)|~c3_1(X51)))|hskp11|hskp19)&(![X52]:(ndr1_0=>(c0_1(X52)|~c2_1(X52)|~c3_1(X52)))|hskp20|hskp4)&(![X53]:(ndr1_0=>(c1_1(X53)|c2_1(X53)|c3_1(X53)))|![X54]:(ndr1_0=>(c1_1(X54)|~c0_1(X54)|~c2_1(X54)))|![X55]:(ndr1_0=>(~c0_1(X55)|~c2_1(X55)|~c3_1(X55))))&(![X56]:(ndr1_0=>(c1_1(X56)|c2_1(X56)|c3_1(X56)))|![X57]:(ndr1_0=>(c1_1(X57)|~c2_1(X57)|~c3_1(X57)))|hskp8)&(![X58]:(ndr1_0=>(c1_1(X58)|c2_1(X58)|c3_1(X58)))|![X59]:(ndr1_0=>(c3_1(X59)|~c0_1(X59)|~c1_1(X59)))|hskp21)&(![X60]:(ndr1_0=>(c1_1(X60)|c2_1(X60)|~c0_1(X60)))|![X61]:(ndr1_0=>(~c0_1(X61)|~c1_1(X61)|~c3_1(X61)))|hskp22)&(![X62]:(ndr1_0=>(c1_1(X62)|c2_1(X62)|~c0_1(X62)))|hskp30|hskp23)&(![X63]:(ndr1_0=>(c1_1(X63)|c2_1(X63)|~c3_1(X63)))|hskp17|hskp6)&(![X64]:(ndr1_0=>(c1_1(X64)|c3_1(X64)|~c0_1(X64)))|![X65]:(ndr1_0=>(c1_1(X65)|~c0_1(X65)|~c3_1(X65)))|hskp2)&(![X66]:(ndr1_0=>(c1_1(X66)|c3_1(X66)|~c2_1(X66)))|![X67]:(ndr1_0=>(c2_1(X67)|c3_1(X67)|~c1_1(X67)))|hskp9)&(![X68]:(ndr1_0=>(c1_1(X68)|c3_1(X68)|~c2_1(X68)))|![X69]:(ndr1_0=>(~c1_1(X69)|~c2_1(X69)|~c3_1(X69)))|hskp3)&(![X70]:(ndr1_0=>(c1_1(X70)|~c0_1(X70)|~c3_1(X70)))|![X71]:(ndr1_0=>(~c0_1(X71)|~c1_1(X71)|~c3_1(X71)))|![X72]:(ndr1_0=>(~c0_1(X72)|~c2_1(X72)|~c3_1(X72))))&(![X73]:(ndr1_0=>(c1_1(X73)|~c0_1(X73)|~c3_1(X73)))|hskp8|hskp21)&(![X74]:(ndr1_0=>(c1_1(X74)|~c2_1(X74)|~c3_1(X74)))|![X75]:(ndr1_0=>(c2_1(X75)|~c0_1(X75)|~c1_1(X75)))|hskp15)&(![X76]:(ndr1_0=>(c2_1(X76)|c3_1(X76)|~c0_1(X76)))|hskp3|hskp24)&(![X77]:(ndr1_0=>(c2_1(X77)|c3_1(X77)|~c1_1(X77)))|![X78]:(ndr1_0=>(~c0_1(X78)|~c2_1(X78)|~c3_1(X78)))|hskp12)&(![X79]:(ndr1_0=>(c2_1(X79)|c3_1(X79)|~c1_1(X79)))|hskp25|hskp3)&(![X80]:(ndr1_0=>(c2_1(X80)|~c0_1(X80)|~c1_1(X80)))|hskp28|hskp26)&(![X81]:(ndr1_0=>(c2_1(X81)|~c0_1(X81)|~c3_1(X81)))|![X82]:(ndr1_0=>(c3_1(X82)|~c1_1(X82)|~c2_1(X82)))|hskp17)&(![X83]:(ndr1_0=>(c2_1(X83)|~c1_1(X83)|~c3_1(X83)))|hskp28|hskp7)&(![X84]:(ndr1_0=>(c2_1(X84)|~c1_1(X84)|~c3_1(X84)))|hskp16)&(![X85]:(ndr1_0=>(~c0_1(X85)|~c1_1(X85)|~c2_1(X85)))|hskp28|hskp9)&(![X86]:(ndr1_0=>(~c0_1(X86)|~c1_1(X86)|~c2_1(X86)))|hskp18|hskp27)&(![X87]:(ndr1_0=>(~c0_1(X87)|~c1_1(X87)|~c3_1(X87)))|![X88]:(ndr1_0=>(~c0_1(X88)|~c2_1(X88)|~c3_1(X88)))|hskp21)&(![X89]:(ndr1_0=>(~c0_1(X89)|~c1_1(X89)|~c3_1(X89)))|hskp0|hskp2)&(![X90]:(ndr1_0=>(~c0_1(X90)|~c1_1(X90)|~c3_1(X90)))|hskp29|hskp19)&(![X91]:(ndr1_0=>(~c0_1(X91)|~c1_1(X91)|~c3_1(X91)))|hskp12|hskp26)&(![X92]:(ndr1_0=>(~c0_1(X92)|~c1_1(X92)|~c3_1(X92)))|hskp14|hskp24)&(![X93]:(ndr1_0=>(~c0_1(X93)|~c2_1(X93)|~c3_1(X93)))|hskp28|hskp31)&(![X94]:(ndr1_0=>(~c0_1(X94)|~c2_1(X94)|~c3_1(X94)))|hskp15|hskp13)&(![X95]:(ndr1_0=>(~c1_1(X95)|~c2_1(X95)|~c3_1(X95)))|hskp25|hskp9)&(![X96]:(ndr1_0=>(~c1_1(X96)|~c2_1(X96)|~c3_1(X96)))|hskp12|hskp2)&(hskp31|hskp12|hskp24)&(hskp7|hskp30|hskp26)&(hskp3|hskp2|hskp13)&(hskp3|hskp27|hskp26)&(hskp12|hskp6|hskp27)&(hskp21|hskp24|hskp5)))			
../../TPTP-v7.3.0/Problems/SYN/SYN389+1.p		Theorem	UNKNOWN		UNKNOWN		fof		(((p=>q)=>p)=>p)			
../../TPTP-v7.3.0/Problems/SYN/SYN767-1.p		Satisfiable	UNKNOWN		UNKNOWN		cnf					
../../TPTP-v7.3.0/Problems/SYN/SYN517+1.p		CounterSatisfiable	UNKNOWN		UNKNOWN		fof		(~((c1_0|(ndr1_0&ndr1_1(a50)&~c1_2(a50,a51)&~c4_2(a50,a51)&c3_2(a50,a51)&![U]:(ndr1_1(a50)=>(~c2_2(a50,U)|c4_2(a50,U)|c3_2(a50,U)))&c3_1(a50))|![V]:(ndr1_0=>(c5_1(V)|c3_1(V)|![W]:(ndr1_1(V)=>(~c3_2(V,W)|c4_2(V,W))))))&(![X]:(ndr1_0=>(![Y]:(ndr1_1(X)=>(c3_2(X,Y)|~c4_2(X,Y)|~c2_2(X,Y)))|c4_1(X)|(ndr1_1(X)&~c3_2(X,a52)&~c2_2(X,a52)&c1_2(X,a52))))|~c5_0|~c1_0)&(c4_0|c5_0)&(~c2_0|~c3_0|c5_0)&(c1_0|(ndr1_0&c5_1(a53)&ndr1_1(a53)&~c1_2(a53,a54)&c3_2(a53,a54)&c2_2(a53,a54)&c1_1(a53))|c2_0)&(~c2_0|(ndr1_0&ndr1_1(a55)&c4_2(a55,a56)&~c3_2(a55,a56)&c1_2(a55,a56)&c5_1(a55)&![Z]:(ndr1_1(a55)=>(c3_2(a55,Z)|c5_2(a55,Z)|c1_2(a55,Z))))|~c4_0)&(c3_0|(ndr1_0&ndr1_1(a57)&c4_2(a57,a58)&~c1_2(a57,a58)&c2_2(a57,a58)&![X1]:(ndr1_1(a57)=>(~c3_2(a57,X1)|c5_2(a57,X1)|c2_2(a57,X1)))&~c5_1(a57))|(ndr1_0&~c4_1(a59)&c2_1(a59)&c5_1(a59)))&(~c5_0|~c3_0|(ndr1_0&ndr1_1(a60)&~c4_2(a60,a61)&~c1_2(a60,a61)&~c5_2(a60,a61)&c5_1(a60)&![X2]:(ndr1_1(a60)=>(c5_2(a60,X2)|c4_2(a60,X2)))))&((ndr1_0&c1_1(a62)&![X3]:(ndr1_1(a62)=>(c2_2(a62,X3)|~c5_2(a62,X3)|c1_2(a62,X3)))&ndr1_1(a62)&c3_2(a62,a63)&~c5_2(a62,a63)&~c2_2(a62,a63))|(ndr1_0&~c5_1(a64)&c2_1(a64))|~c5_0)&((ndr1_0&![X4]:(ndr1_1(a65)=>(~c1_2(a65,X4)|~c3_2(a65,X4)))&ndr1_1(a65)&~c3_2(a65,a66)&c5_2(a65,a66)&c4_2(a65,a66))|c2_0)&(c3_0|(ndr1_0&![X5]:(ndr1_1(a67)=>(~c2_2(a67,X5)|c1_2(a67,X5)|~c3_2(a67,X5)))&~c1_1(a67))|(ndr1_0&![X6]:(ndr1_1(a68)=>(~c4_2(a68,X6)|~c5_2(a68,X6)|c3_2(a68,X6)))&~c3_1(a68)))&(![X7]:(ndr1_0=>((ndr1_1(X7)&c5_2(X7,a69)&~c1_2(X7,a69)&c4_2(X7,a69))|c4_1(X7)|c3_1(X7)))|![X8]:(ndr1_0=>(~c5_1(X8)|c3_1(X8)|![X9]:(ndr1_1(X8)=>(c2_2(X8,X9)|c4_2(X8,X9)|c3_2(X8,X9)))))|c4_0)))			
../../TPTP-v7.3.0/Problems/SYN/SYN068-1.p		Unsatisfiable	UNKNOWN		UNKNOWN		cnf	(~big_f(X)|big_g(f(X))),(~big_f(X)|big_h(X,f(X))),(~big_f(X)|big_g(g(X))),(~big_f(X)|~big_h(X,g(X))),(big_j(a)),(~big_g(X)|big_h(a,X)),(~big_f(X)|big_g(f(X))),(~big_f(X)|big_h(X,f(X))),(~big_f(X)|big_g(g(X))),(~big_f(X)|~big_h(X,g(X))),(big_j(a)),(~big_g(X)|big_h(a,X))				
../../TPTP-v7.3.0/Problems/SYN/SYN259-1.p		Unsatisfiable	UNKNOWN		UNKNOWN		cnf					
../../TPTP-v7.3.0/Problems/SYN/SYN310-1.p		Unsatisfiable	UNKNOWN		UNKNOWN		cnf					
../../TPTP-v7.3.0/Problems/SYN/SYN010-1.005.005.p		Unsatisfiable	UNKNOWN		UNKNOWN		cnf					
../../TPTP-v7.3.0/Problems/SYN/SYN874-1.p		Unsatisfiable	UNKNOWN		UNKNOWN		cnf					
../../TPTP-v7.3.0/Problems/SYN/SYN528+1.p		CounterSatisfiable	UNKNOWN		UNKNOWN		fof		(~(((ndr1_0&~c4_1(a277)&c2_1(a277))|c5_0|~c1_0)&(~c2_0|![U]:(ndr1_0=>(![V]:(ndr1_1(U)=>(~c4_2(U,V)|~c5_2(U,V)))|(ndr1_1(U)&~c2_2(U,a278)&~c5_2(U,a278)&~c4_2(U,a278))|![W]:(ndr1_1(U)=>(~c1_2(U,W)|c2_2(U,W)))))|![X]:(ndr1_0=>(~c2_1(X)|(ndr1_1(X)&~c3_2(X,a279)&c4_2(X,a279)))))&(c5_0|![Y]:(ndr1_0=>((ndr1_1(Y)&c4_2(Y,a280)&c5_2(Y,a280))|![Z]:(ndr1_1(Y)=>(c3_2(Y,Z)|c5_2(Y,Z)|~c1_2(Y,Z)))|~c5_1(Y)))|~c3_0)&(![X1]:(ndr1_0=>(~c1_1(X1)|![X2]:(ndr1_1(X1)=>(~c4_2(X1,X2)|~c2_2(X1,X2)))|~c4_1(X1)))|(ndr1_0&ndr1_1(a281)&~c2_2(a281,a282)&~c5_2(a281,a282)&c3_2(a281,a282)&c5_1(a281)&~c4_1(a281)))&(c5_0|![X3]:(ndr1_0=>((ndr1_1(X3)&~c2_2(X3,a283)&~c4_2(X3,a283))|(ndr1_1(X3)&~c3_2(X3,a284)&~c1_2(X3,a284)&c4_2(X3,a284))|(ndr1_1(X3)&c1_2(X3,a285)&c3_2(X3,a285)&~c2_2(X3,a285))))|(ndr1_0&~c2_1(a286)&ndr1_1(a286)&~c1_2(a286,a287)&~c4_2(a286,a287)&![X4]:(ndr1_1(a286)=>(c5_2(a286,X4)|c2_2(a286,X4)))))&(c3_0|~c5_0|(ndr1_0&~c1_1(a288)&![X5]:(ndr1_1(a288)=>(c1_2(a288,X5)|c4_2(a288,X5)|c2_2(a288,X5)))))&(![X6]:(ndr1_0=>((ndr1_1(X6)&~c2_2(X6,a289)&c4_2(X6,a289)&~c5_2(X6,a289))|(ndr1_1(X6)&~c4_2(X6,a290)&~c5_2(X6,a290))))|c1_0)&(![X7]:(ndr1_0=>(![X8]:(ndr1_1(X7)=>(~c4_2(X7,X8)|c5_2(X7,X8)))|~c5_1(X7)|~c2_1(X7)))|~c1_0|![X9]:(ndr1_0=>(~c2_1(X9)|(ndr1_1(X9)&c1_2(X9,a291)&~c2_2(X9,a291)&~c5_2(X9,a291)))))&(~c3_0|(ndr1_0&~c3_1(a292)&![X10]:(ndr1_1(a292)=>(c2_2(a292,X10)|~c5_2(a292,X10)|~c3_2(a292,X10)))&![X11]:(ndr1_1(a292)=>(c3_2(a292,X11)|~c2_2(a292,X11)|c4_2(a292,X11))))|![X12]:(ndr1_0=>(c1_1(X12)|~c4_1(X12)|c3_1(X12))))&(c3_0|c4_0|c1_0)&(c4_0|(ndr1_0&c2_1(a293)&c5_1(a293))|~c2_0)&((ndr1_0&~c1_1(a294)&~c4_1(a294)&c3_1(a294))|(ndr1_0&~c2_1(a295)&![X13]:(ndr1_1(a295)=>(c4_2(a295,X13)|c5_2(a295,X13)))&~c1_1(a295))|(ndr1_0&c4_1(a296)&c3_1(a296)))&(c3_0|(ndr1_0&ndr1_1(a297)&~c1_2(a297,a298)&c2_2(a297,a298)&c3_2(a297,a298)&ndr1_1(a297)&~c2_2(a297,a299)&~c3_2(a297,a299)&~c4_2(a297,a299)&c2_1(a297))|~c1_0)&(![X14]:(ndr1_0=>(c4_1(X14)|c1_1(X14)|![X15]:(ndr1_1(X14)=>(~c1_2(X14,X15)|~c2_2(X14,X15)))))|~c4_0|(ndr1_0&c5_1(a300)&ndr1_1(a300)&~c1_2(a300,a301)&~c3_2(a300,a301)&~c4_2(a300,a301)))&(~c4_0|(ndr1_0&c5_1(a302)&![X16]:(ndr1_1(a302)=>(~c2_2(a302,X16)|~c5_2(a302,X16)))&c2_1(a302))|c1_0)&(![X17]:(ndr1_0=>(~c5_1(X17)|~c2_1(X17)|(ndr1_1(X17)&c4_2(X17,a303)&c2_2(X17,a303)&~c5_2(X17,a303))))|(ndr1_0&![X18]:(ndr1_1(a304)=>(~c5_2(a304,X18)|~c4_2(a304,X18)|c1_2(a304,X18)))&c5_1(a304))|~c5_0)&(![X19]:(ndr1_0=>((ndr1_1(X19)&c5_2(X19,a305)&c3_2(X19,a305)&c4_2(X19,a305))|~c4_1(X19)|(ndr1_1(X19)&c4_2(X19,a306)&~c2_2(X19,a306))))|~c3_0)&(c4_0|(ndr1_0&~c3_1(a307)&ndr1_1(a307)&c5_2(a307,a308)&c3_2(a307,a308)&c4_2(a307,a308)&~c5_1(a307))|(ndr1_0&ndr1_1(a309)&c3_2(a309,a310)&~c2_2(a309,a310)&c2_1(a309)&c3_1(a309)))&((ndr1_0&![X20]:(ndr1_1(a311)=>(c5_2(a311,X20)|~c2_2(a311,X20)))&c2_1(a311)&~c3_1(a311))|c4_0|~c5_0)&(c4_0|(ndr1_0&c4_1(a312)&~c3_1(a312))|(ndr1_0&c3_1(a313)&c5_1(a313)))))			
../../TPTP-v7.3.0/Problems/SYN/SYN839-1.p		Satisfiable	UNKNOWN		UNKNOWN		cnf					
../../TPTP-v7.3.0/Problems/SYN/SYN263-1.p		Unsatisfiable	UNKNOWN		UNKNOWN		cnf					
../../TPTP-v7.3.0/Problems/SYN/SYN729-1.p		Unsatisfiable	UNKNOWN		UNKNOWN		cnf					
../../TPTP-v7.3.0/Problems/SYN/SYN461+1.p		Theorem	UNKNOWN		UNKNOWN		fof		(~((~hskp0|(ndr1_0&c0_1(a1168)&c1_1(a1168)&~c2_1(a1168)))&(~hskp1|(ndr1_0&c1_1(a1169)&~c2_1(a1169)&~c3_1(a1169)))&(~hskp2|(ndr1_0&c2_1(a1172)&c3_1(a1172)&~c0_1(a1172)))&(~hskp3|(ndr1_0&c0_1(a1174)&c1_1(a1174)&~c3_1(a1174)))&(~hskp4|(ndr1_0&c1_1(a1175)&c2_1(a1175)&~c0_1(a1175)))&(~hskp5|(ndr1_0&c0_1(a1176)&c2_1(a1176)&~c3_1(a1176)))&(~hskp6|(ndr1_0&c1_1(a1178)&c2_1(a1178)&~c3_1(a1178)))&(~hskp7|(ndr1_0&~c1_1(a1179)&~c2_1(a1179)&~c3_1(a1179)))&(~hskp8|(ndr1_0&c1_1(a1180)&~c0_1(a1180)&~c3_1(a1180)))&(~hskp9|(ndr1_0&c0_1(a1181)&c3_1(a1181)&~c2_1(a1181)))&(~hskp10|(ndr1_0&~c0_1(a1184)&~c1_1(a1184)&~c2_1(a1184)))&(~hskp11|(ndr1_0&c0_1(a1186)&~c2_1(a1186)&~c3_1(a1186)))&(~hskp12|(ndr1_0&~c0_1(a1187)&~c2_1(a1187)&~c3_1(a1187)))&(~hskp13|(ndr1_0&c1_1(a1192)&~c0_1(a1192)&~c2_1(a1192)))&(~hskp14|(ndr1_0&c2_1(a1194)&~c0_1(a1194)&~c1_1(a1194)))&(~hskp15|(ndr1_0&c2_1(a1195)&~c1_1(a1195)&~c3_1(a1195)))&(~hskp16|(ndr1_0&c2_1(a1199)&~c0_1(a1199)&~c3_1(a1199)))&(~hskp17|(ndr1_0&c0_1(a1200)&~c1_1(a1200)&~c2_1(a1200)))&(~hskp18|(ndr1_0&c1_1(a1202)&c3_1(a1202)&~c0_1(a1202)))&(~hskp19|(ndr1_0&c3_1(a1204)&~c1_1(a1204)&~c2_1(a1204)))&(~hskp20|(ndr1_0&c1_1(a1205)&c3_1(a1205)&~c2_1(a1205)))&(~hskp21|(ndr1_0&c2_1(a1207)&c3_1(a1207)&~c1_1(a1207)))&(~hskp22|(ndr1_0&c0_1(a1211)&c3_1(a1211)&~c1_1(a1211)))&(~hskp23|(ndr1_0&~c0_1(a1218)&~c1_1(a1218)&~c3_1(a1218)))&(~hskp24|(ndr1_0&c3_1(a1232)&~c0_1(a1232)&~c1_1(a1232)))&(~hskp25|(ndr1_0&c1_1(a1182)&c2_1(a1182)&c3_1(a1182)))&(~hskp26|(ndr1_0&c0_1(a1190)&c1_1(a1190)&c3_1(a1190)))&(~hskp27|(ndr1_0&c0_1(a1201)&c1_1(a1201)&c2_1(a1201)))&(~hskp28|(ndr1_0&c0_1(a1236)&c2_1(a1236)&c3_1(a1236)))&(![U]:(ndr1_0=>(c0_1(U)|c1_1(U)|c2_1(U)))|![V]:(ndr1_0=>(c0_1(V)|c2_1(V)|~c3_1(V)))|![W]:(ndr1_0=>(c3_1(W)|~c1_1(W)|~c2_1(W))))&(![X]:(ndr1_0=>(c0_1(X)|c1_1(X)|c2_1(X)))|![Y]:(ndr1_0=>(c1_1(Y)|c2_1(Y)|~c3_1(Y)))|hskp0)&(![Z]:(ndr1_0=>(c0_1(Z)|c1_1(Z)|c2_1(Z)))|![X1]:(ndr1_0=>(c2_1(X1)|~c0_1(X1)|~c3_1(X1)))|hskp1)&(![X2]:(ndr1_0=>(c0_1(X2)|c1_1(X2)|c2_1(X2)))|![X3]:(ndr1_0=>(c3_1(X3)|~c0_1(X3)|~c2_1(X3)))|hskp0)&(![X4]:(ndr1_0=>(c0_1(X4)|c1_1(X4)|c3_1(X4)))|![X5]:(ndr1_0=>(c0_1(X5)|c1_1(X5)|~c2_1(X5)))|hskp0)&(![X6]:(ndr1_0=>(c0_1(X6)|c1_1(X6)|c3_1(X6)))|![X7]:(ndr1_0=>(c0_1(X7)|c3_1(X7)|~c2_1(X7)))|![X8]:(ndr1_0=>(c0_1(X8)|~c2_1(X8)|~c3_1(X8))))&(![X9]:(ndr1_0=>(c0_1(X9)|c1_1(X9)|c3_1(X9)))|![X10]:(ndr1_0=>(c1_1(X10)|c3_1(X10)|~c0_1(X10)))|hskp2)&(![X11]:(ndr1_0=>(c0_1(X11)|c1_1(X11)|c3_1(X11)))|hskp0|hskp3)&(![X12]:(ndr1_0=>(c0_1(X12)|c1_1(X12)|~c2_1(X12)))|![X13]:(ndr1_0=>(c0_1(X13)|c1_1(X13)|~c3_1(X13)))|![X14]:(ndr1_0=>(c3_1(X14)|~c1_1(X14)|~c2_1(X14))))&(![X15]:(ndr1_0=>(c0_1(X15)|c1_1(X15)|~c2_1(X15)))|![X16]:(ndr1_0=>(c0_1(X16)|c1_1(X16)|~c3_1(X16)))|hskp4)&(![X17]:(ndr1_0=>(c0_1(X17)|c1_1(X17)|~c2_1(X17)))|![X18]:(ndr1_0=>(c1_1(X18)|c2_1(X18)|c3_1(X18)))|hskp5)&(![X19]:(ndr1_0=>(c0_1(X19)|c2_1(X19)|c3_1(X19)))|![X20]:(ndr1_0=>(c1_1(X20)|~c0_1(X20)|~c2_1(X20)))|![X21]:(ndr1_0=>(c1_1(X21)|~c0_1(X21)|~c3_1(X21))))&(![X22]:(ndr1_0=>(c0_1(X22)|c2_1(X22)|c3_1(X22)))|hskp3|hskp6)&(![X23]:(ndr1_0=>(c0_1(X23)|c2_1(X23)|~c1_1(X23)))|![X24]:(ndr1_0=>(c1_1(X24)|c2_1(X24)|~c0_1(X24)))|hskp7)&(![X25]:(ndr1_0=>(c0_1(X25)|c2_1(X25)|~c1_1(X25)))|![X26]:(ndr1_0=>(c3_1(X26)|~c0_1(X26)|~c2_1(X26)))|hskp8)&(![X27]:(ndr1_0=>(c0_1(X27)|c2_1(X27)|~c1_1(X27)))|hskp9|hskp25)&(![X28]:(ndr1_0=>(c0_1(X28)|c2_1(X28)|~c3_1(X28)))|![X29]:(ndr1_0=>(c1_1(X29)|~c2_1(X29)|~c3_1(X29)))|hskp1)&(![X30]:(ndr1_0=>(c0_1(X30)|c2_1(X30)|~c3_1(X30)))|![X31]:(ndr1_0=>(c3_1(X31)|~c0_1(X31)|~c1_1(X31)))|hskp10)&(![X32]:(ndr1_0=>(c0_1(X32)|c3_1(X32)|~c1_1(X32)))|![X33]:(ndr1_0=>(c2_1(X33)|~c1_1(X33)|~c3_1(X33)))|hskp3)&(![X34]:(ndr1_0=>(c0_1(X34)|c3_1(X34)|~c2_1(X34)))|![X35]:(ndr1_0=>(c2_1(X35)|c3_1(X35)|~c0_1(X35)))|![X36]:(ndr1_0=>(~c0_1(X36)|~c1_1(X36)|~c2_1(X36))))&(![X37]:(ndr1_0=>(c0_1(X37)|~c1_1(X37)|~c2_1(X37)))|![X38]:(ndr1_0=>(c3_1(X38)|~c0_1(X38)|~c2_1(X38)))|![X39]:(ndr1_0=>(~c0_1(X39)|~c2_1(X39)|~c3_1(X39))))&(![X40]:(ndr1_0=>(c0_1(X40)|~c1_1(X40)|~c3_1(X40)))|![X41]:(ndr1_0=>(c1_1(X41)|c2_1(X41)|~c3_1(X41)))|hskp11)&(![X42]:(ndr1_0=>(c0_1(X42)|~c1_1(X42)|~c3_1(X42)))|![X43]:(ndr1_0=>(c1_1(X43)|~c0_1(X43)|~c2_1(X43)))|hskp12)&(![X44]:(ndr1_0=>(c0_1(X44)|~c1_1(X44)|~c3_1(X44)))|![X45]:(ndr1_0=>(c3_1(X45)|~c0_1(X45)|~c2_1(X45)))|![X46]:(ndr1_0=>(c3_1(X46)|~c1_1(X46)|~c2_1(X46))))&(![X47]:(ndr1_0=>(c0_1(X47)|~c1_1(X47)|~c3_1(X47)))|hskp5|hskp4)&(![X48]:(ndr1_0=>(c1_1(X48)|c2_1(X48)|c3_1(X48)))|![X49]:(ndr1_0=>(c1_1(X49)|c3_1(X49)|~c2_1(X49)))|hskp26)&(![X50]:(ndr1_0=>(c1_1(X50)|c2_1(X50)|c3_1(X50)))|![X51]:(ndr1_0=>(c2_1(X51)|~c0_1(X51)|~c1_1(X51)))|hskp6)&(![X52]:(ndr1_0=>(c1_1(X52)|c2_1(X52)|c3_1(X52)))|![X53]:(ndr1_0=>(c2_1(X53)|~c1_1(X53)|~c3_1(X53)))|hskp13)&(![X54]:(ndr1_0=>(c1_1(X54)|c2_1(X54)|c3_1(X54)))|![X55]:(ndr1_0=>(~c0_1(X55)|~c2_1(X55)|~c3_1(X55)))|hskp3)&(![X56]:(ndr1_0=>(c1_1(X56)|c2_1(X56)|c3_1(X56)))|hskp14|hskp15)&(![X57]:(ndr1_0=>(c1_1(X57)|c2_1(X57)|~c0_1(X57)))|![X58]:(ndr1_0=>(c1_1(X58)|~c0_1(X58)|~c3_1(X58)))|![X59]:(ndr1_0=>(c2_1(X59)|~c0_1(X59)|~c1_1(X59))))&(![X60]:(ndr1_0=>(c1_1(X60)|c2_1(X60)|~c0_1(X60)))|![X61]:(ndr1_0=>(~c0_1(X61)|~c1_1(X61)|~c3_1(X61))))&(![X62]:(ndr1_0=>(c1_1(X62)|c2_1(X62)|~c0_1(X62)))|hskp0)&(![X63]:(ndr1_0=>(c1_1(X63)|c2_1(X63)|~c3_1(X63)))|![X64]:(ndr1_0=>(c3_1(X64)|~c0_1(X64)|~c1_1(X64)))|hskp11)&(![X65]:(ndr1_0=>(c1_1(X65)|c2_1(X65)|~c3_1(X65)))|hskp0|hskp16)&(![X66]:(ndr1_0=>(c1_1(X66)|~c0_1(X66)|~c2_1(X66)))|![X67]:(ndr1_0=>(c2_1(X67)|c3_1(X67)|~c0_1(X67)))|hskp17)&(![X68]:(ndr1_0=>(c1_1(X68)|~c0_1(X68)|~c2_1(X68)))|hskp27|hskp18)&(![X69]:(ndr1_0=>(c1_1(X69)|~c0_1(X69)|~c3_1(X69)))|![X70]:(ndr1_0=>(c2_1(X70)|c3_1(X70)|~c1_1(X70)))|![X71]:(ndr1_0=>(~c0_1(X71)|~c1_1(X71)|~c2_1(X71))))&(![X72]:(ndr1_0=>(c1_1(X72)|~c0_1(X72)|~c3_1(X72)))|hskp13|hskp19)&(![X73]:(ndr1_0=>(c1_1(X73)|~c2_1(X73)|~c3_1(X73)))|hskp20|hskp12)&(![X74]:(ndr1_0=>(c1_1(X74)|~c2_1(X74)|~c3_1(X74)))|hskp21|hskp12)&(![X75]:(ndr1_0=>(c2_1(X75)|c3_1(X75)|~c0_1(X75)))|![X76]:(ndr1_0=>(~c0_1(X76)|~c1_1(X76)|~c3_1(X76)))|hskp11)&(![X77]:(ndr1_0=>(c2_1(X77)|c3_1(X77)|~c0_1(X77)))|![X78]:(ndr1_0=>(~c0_1(X78)|~c1_1(X78)|~c3_1(X78)))|hskp13)&(![X79]:(ndr1_0=>(c2_1(X79)|c3_1(X79)|~c0_1(X79)))|hskp22|hskp17)&(![X80]:(ndr1_0=>(c2_1(X80)|c3_1(X80)|~c0_1(X80)))|hskp22|hskp14)&(![X81]:(ndr1_0=>(c2_1(X81)|c3_1(X81)|~c0_1(X81)))|hskp9|hskp18)&(![X82]:(ndr1_0=>(c2_1(X82)|c3_1(X82)|~c1_1(X82)))|hskp19|hskp23)&(![X83]:(ndr1_0=>(c2_1(X83)|~c0_1(X83)|~c1_1(X83)))|![X84]:(ndr1_0=>(c3_1(X84)|~c0_1(X84)|~c1_1(X84)))|hskp25)&(![X85]:(ndr1_0=>(c2_1(X85)|~c1_1(X85)|~c3_1(X85)))|hskp26|hskp8)&(![X86]:(ndr1_0=>(c3_1(X86)|~c0_1(X86)|~c2_1(X86)))|hskp22|hskp14)&(![X87]:(ndr1_0=>(c3_1(X87)|~c0_1(X87)|~c2_1(X87)))|hskp11|hskp15)&(![X88]:(ndr1_0=>(~c0_1(X88)|~c2_1(X88)|~c3_1(X88)))|hskp22|hskp2)&(![X89]:(ndr1_0=>(~c0_1(X89)|~c2_1(X89)|~c3_1(X89)))|hskp13|hskp10)&(hskp26|hskp17|hskp24)&(hskp0|hskp1|hskp14)&(hskp28|hskp8)&(hskp17|hskp13|hskp2)&(hskp17|hskp1|hskp16)&(hskp6|hskp21|hskp14)&(hskp8|hskp21|hskp19)))			
../../TPTP-v7.3.0/Problems/SYN/SYN350+1.p		Theorem	UNKNOWN		UNKNOWN		fof		(![X]:?[Y1,Y2]:![Z]:((big_f(X,Z)<=>big_f(Z,X))=>(big_f(X,Z)<=>(big_f(Y2,Z)&(big_f(Y1,Z)=>big_f(Y1,Y2))))))			
../../TPTP-v7.3.0/Problems/SYN/SYN537+1.p		CounterSatisfiable	UNKNOWN		UNKNOWN		fof		(~((![U]:(ndr1_0=>(c1_1(U)|(ndr1_1(U)&c2_2(U,a640)&~c5_2(U,a640)&c3_2(U,a640))|![V]:(ndr1_1(U)=>(~c2_2(U,V)|~c1_2(U,V)|c3_2(U,V)))))|![W]:(ndr1_0=>(~c1_1(W)|~c5_1(W)|c3_1(W)))|~c5_0)&(~c3_0|~c4_0|(ndr1_0&ndr1_1(a641)&~c1_2(a641,a642)&~c3_2(a641,a642)&![X]:(ndr1_1(a641)=>(~c4_2(a641,X)|~c5_2(a641,X)|c3_2(a641,X)))))&(~c4_0|~c1_0|~c2_0)&((ndr1_0&ndr1_1(a643)&~c2_2(a643,a644)&c5_2(a643,a644)&~c1_1(a643)&c4_1(a643))|(ndr1_0&~c1_1(a645)&ndr1_1(a645)&c3_2(a645,a646)&c2_2(a645,a646)&~c5_2(a645,a646)&~c2_1(a645))|~c3_0)&(![Y]:(ndr1_0=>(~c3_1(Y)|~c1_1(Y)|~c4_1(Y)))|~c2_0|c1_0)&(![Z]:(ndr1_0=>(![X1]:(ndr1_1(Z)=>(~c4_2(Z,X1)|~c1_2(Z,X1)|~c3_2(Z,X1)))|c1_1(Z)|c2_1(Z)))|~c3_0|c1_0)&(c5_0|~c4_0)&(c3_0|c5_0|![X2]:(ndr1_0=>((ndr1_1(X2)&c5_2(X2,a647)&~c2_2(X2,a647)&~c1_2(X2,a647))|c1_1(X2)|~c2_1(X2))))&(c4_0|![X3]:(ndr1_0=>(![X4]:(ndr1_1(X3)=>(~c1_2(X3,X4)|c4_2(X3,X4)))|c1_1(X3)|![X5]:(ndr1_1(X3)=>(c3_2(X3,X5)|~c1_2(X3,X5)|c5_2(X3,X5)))))|(ndr1_0&~c3_1(a648)&![X6]:(ndr1_1(a648)=>(~c1_2(a648,X6)|~c3_2(a648,X6)))&![X7]:(ndr1_1(a648)=>(~c5_2(a648,X7)|c4_2(a648,X7)|~c2_2(a648,X7)))))&(![X8]:(ndr1_0=>(~c4_1(X8)|(ndr1_1(X8)&c4_2(X8,a649)&c1_2(X8,a649)&~c5_2(X8,a649))|(ndr1_1(X8)&c5_2(X8,a650)&~c3_2(X8,a650)&c4_2(X8,a650))))|c3_0)&((ndr1_0&ndr1_1(a651)&~c5_2(a651,a652)&c1_2(a651,a652)&~c2_2(a651,a652)&![X9]:(ndr1_1(a651)=>(~c1_2(a651,X9)|c5_2(a651,X9)|c3_2(a651,X9))))|~c5_0|~c1_0)&(![X10]:(ndr1_0=>(c5_1(X10)|c1_1(X10)))|(ndr1_0&![X11]:(ndr1_1(a653)=>(c3_2(a653,X11)|c1_2(a653,X11)))&~c4_1(a653)&~c1_1(a653))|~c4_0)&((ndr1_0&ndr1_1(a654)&c5_2(a654,a655)&~c4_2(a654,a655)&c3_2(a654,a655)&~c1_1(a654)&~c5_1(a654))|![X12]:(ndr1_0=>![X13]:(ndr1_1(X12)=>(c5_2(X12,X13)|~c4_2(X12,X13)|c1_2(X12,X13))))|~c2_0)&(~c1_0|![X14]:(ndr1_0=>(~c3_1(X14)|![X15]:(ndr1_1(X14)=>(~c4_2(X14,X15)|~c1_2(X14,X15)|c3_2(X14,X15)))))|~c4_0)&(c5_0|![X16]:(ndr1_0=>(c5_1(X16)|~c2_1(X16)|(ndr1_1(X16)&~c2_2(X16,a656)&~c1_2(X16,a656)&~c3_2(X16,a656)))))&(![X17]:(ndr1_0=>(c2_1(X17)|(ndr1_1(X17)&~c4_2(X17,a657)&~c1_2(X17,a657)&~c5_2(X17,a657))))|![X18]:(ndr1_0=>(c4_1(X18)|(ndr1_1(X18)&c4_2(X18,a658)&c5_2(X18,a658))|![X19]:(ndr1_1(X18)=>(c5_2(X18,X19)|~c2_2(X18,X19)|c1_2(X18,X19)))))|c3_0)&((ndr1_0&![X20]:(ndr1_1(a659)=>(c5_2(a659,X20)|~c1_2(a659,X20)|~c3_2(a659,X20)))&~c1_1(a659)&c2_1(a659))|c5_0)&((ndr1_0&~c4_1(a660)&ndr1_1(a660)&~c4_2(a660,a661)&c2_2(a660,a661)&~c3_2(a660,a661)&ndr1_1(a660)&~c4_2(a660,a662)&~c5_2(a660,a662)&~c2_2(a660,a662))|c4_0|c2_0)&(c5_0|(ndr1_0&![X21]:(ndr1_1(a663)=>(c4_2(a663,X21)|c1_2(a663,X21)|c2_2(a663,X21)))&c4_1(a663)&ndr1_1(a663)&~c5_2(a663,a664)&c1_2(a663,a664))|~c3_0)&((ndr1_0&~c5_1(a665)&c3_1(a665)&![X22]:(ndr1_1(a665)=>(c5_2(a665,X22)|~c1_2(a665,X22))))|c2_0|c4_0)&(c2_0|(ndr1_0&~c1_1(a666)&c3_1(a666)&![X23]:(ndr1_1(a666)=>(c3_2(a666,X23)|~c5_2(a666,X23))))|(ndr1_0&~c4_1(a667)&ndr1_1(a667)&~c4_2(a667,a668)&~c1_2(a667,a668)))&((ndr1_0&![X24]:(ndr1_1(a669)=>(c3_2(a669,X24)|~c4_2(a669,X24)|c2_2(a669,X24)))&~c1_1(a669)&ndr1_1(a669)&~c5_2(a669,a670)&c1_2(a669,a670)&~c2_2(a669,a670))|~c5_0)&~c3_0&(c5_0|c1_0|(ndr1_0&![X25]:(ndr1_1(a671)=>(c5_2(a671,X25)|~c2_2(a671,X25)))&~c5_1(a671)&![X26]:(ndr1_1(a671)=>(~c4_2(a671,X26)|c5_2(a671,X26)|~c1_2(a671,X26)))))&(c4_0|(ndr1_0&~c5_1(a672)&![X27]:(ndr1_1(a672)=>(c1_2(a672,X27)|c4_2(a672,X27)|~c5_2(a672,X27)))&~c1_1(a672))|![X28]:(ndr1_0=>(c2_1(X28)|(ndr1_1(X28)&~c5_2(X28,a673)&~c4_2(X28,a673)&~c1_2(X28,a673))|~c3_1(X28))))&(~c2_0|(ndr1_0&c4_1(a674)&c2_1(a674)))&c1_0&((ndr1_0&c3_1(a675)&c5_1(a675))|![X29]:(ndr1_0=>(c5_1(X29)|![X30]:(ndr1_1(X29)=>(~c2_2(X29,X30)|c1_2(X29,X30)|~c4_2(X29,X30)))|~c1_1(X29)))|~c5_0)&(~c2_0|~c5_0|(ndr1_0&ndr1_1(a676)&~c4_2(a676,a677)&~c2_2(a676,a677)&~c3_2(a676,a677)&c3_1(a676)&c4_1(a676)))&((ndr1_0&~c2_1(a678)&~c4_1(a678))|(ndr1_0&~c4_1(a679)&![X31]:(ndr1_1(a679)=>(c1_2(a679,X31)|c5_2(a679,X31)|c3_2(a679,X31)))&~c5_1(a679))|(ndr1_0&![X32]:(ndr1_1(a680)=>(~c1_2(a680,X32)|c2_2(a680,X32)))&~c3_1(a680)))))			
../../TPTP-v7.3.0/Problems/SYN/SYN507-1.p		Unsatisfiable	UNKNOWN		UNKNOWN		cnf					
../../TPTP-v7.3.0/Problems/SYN/SYN351-1.p		Satisfiable	UNKNOWN		UNKNOWN		cnf					
../../TPTP-v7.3.0/Problems/SYN/SYN299-1.p		Unsatisfiable	UNKNOWN		UNKNOWN		cnf					
../../TPTP-v7.3.0/Problems/SYN/SYN066-1.p		Unsatisfiable	UNKNOWN		UNKNOWN		cnf	(~big_p(Y,X)|big_p(f(X,Y),g(X))),(big_p(f(X,Y),X)),(~big_p(f(X,Y),g(X))|big_q(h(X,Y),g(X))),(big_p(X,Y)|big_q(i(X,Y),X)),(~big_q(X,Y)|big_r(Z,Z)),(~big_p(Y,X)|big_p(f(X,Y),g(X))),(big_p(f(X,Y),X)),(~big_p(f(X,Y),g(X))|big_q(h(X,Y),g(X))),(big_p(X,Y)|big_q(i(X,Y),X)),(~big_q(X,Y)|big_r(Z,Z))				
../../TPTP-v7.3.0/Problems/SYN/SYN443-1.p		Unsatisfiable	UNKNOWN		UNKNOWN		cnf					
../../TPTP-v7.3.0/Problems/SYN/SYN325+1.p		Theorem	UNKNOWN		UNKNOWN		fof		(?[X]:![Y]:(((big_f(X,X)=>big_f(Y,Y))=>(big_f(X,Y)&big_g(X)))=>big_g(Y)))			
../../TPTP-v7.3.0/Problems/SYN/SYN829-1.p		Satisfiable	UNKNOWN		UNKNOWN		cnf					
../../TPTP-v7.3.0/Problems/SYN/SYN986+1.006.p		Theorem	UNKNOWN		UNKNOWN		fof		(?[Z6,Z5,Z4,Z3,Z2,Z1,Z0]:(r(zero,zero,Z6)&r(zero,Z6,Z5)&r(zero,Z5,Z4)&r(zero,Z4,Z3)&r(zero,Z3,Z2)&r(zero,Z2,Z1)&r(zero,Z1,Z0)))			
../../TPTP-v7.3.0/Problems/SYN/SYN402+1.p		Theorem	YES	DTS/Alligator/AlexHappy/output/SYN402+1_dts.html	UNKNOWN		fof		(![X]:(f(X)=>?[Y]:f(Y)))			
../../TPTP-v7.3.0/Problems/SYN/SYN435-1.p		Satisfiable	UNKNOWN		UNKNOWN		cnf					
../../TPTP-v7.3.0/Problems/SYN/SYN900-1.p		Unsatisfiable	UNKNOWN		UNKNOWN		cnf					
../../TPTP-v7.3.0/Problems/SYN/SYN690-1.p		Unsatisfiable	UNKNOWN		UNKNOWN		cnf					
../../TPTP-v7.3.0/Problems/SYN/SYN685-1.p		Unsatisfiable	UNKNOWN		UNKNOWN		cnf					
../../TPTP-v7.3.0/Problems/SYN/SYN317-1.p		Satisfiable	UNKNOWN		UNKNOWN		cnf					
../../TPTP-v7.3.0/Problems/SYN/SYN038-1.p		Unsatisfiable	UNKNOWN		UNKNOWN		cnf					
../../TPTP-v7.3.0/Problems/SYN/SYN049+1.p		Theorem	UNKNOWN		UNKNOWN		fof		(?[X]:![Y,Z]:((big_p(Y)=>big_q(Z))=>(big_p(X)=>big_q(X))))			
../../TPTP-v7.3.0/Problems/SYN/SYN601-1.p		Unsatisfiable	UNKNOWN		UNKNOWN		cnf					
../../TPTP-v7.3.0/Problems/SYN/SYN005-1.010.p		Unsatisfiable	UNKNOWN		UNKNOWN		cnf					
../../TPTP-v7.3.0/Problems/SYN/SYN063-2.p		Unsatisfiable	UNKNOWN		UNKNOWN		cnf					
../../TPTP-v7.3.0/Problems/SYN/SYN469-1.p		Unsatisfiable	UNKNOWN		UNKNOWN		cnf					
../../TPTP-v7.3.0/Problems/SYN/SYN036-2.p		Satisfiable	UNKNOWN		UNKNOWN		cnf					
../../TPTP-v7.3.0/Problems/SYN/SYN115-1.p		Unsatisfiable	UNKNOWN		UNKNOWN		cnf					
../../TPTP-v7.3.0/Problems/SYN/SYN542+1.p		CounterSatisfiable	UNKNOWN		UNKNOWN		fof		(~((~hskp0|(ndr1_0&c2_1(a1)&c4_1(a1)&~c0_1(a1)))&(~hskp1|(ndr1_0&~c0_1(a3)&~c3_1(a3)&~c5_1(a3)))&(~hskp2|(ndr1_0&c1_1(a5)&~c0_1(a5)&~c2_1(a5)))&(~hskp3|(ndr1_0&c0_1(a6)&c3_1(a6)&~c5_1(a6)))&(~hskp4|(ndr1_0&c2_1(a7)&~c3_1(a7)&~c4_1(a7)))&(~hskp5|(ndr1_0&c1_1(a8)&c4_1(a8)&~c0_1(a8)))&(~hskp6|(ndr1_0&c1_1(a9)&~c2_1(a9)&~c3_1(a9)))&(~hskp7|(ndr1_0&~c2_1(a10)&~c3_1(a10)&~c4_1(a10)))&(~hskp8|(ndr1_0&c1_1(a11)&c3_1(a11)&~c4_1(a11)))&(~hskp9|(ndr1_0&c2_1(a12)&~c1_1(a12)&~c3_1(a12)))&(~hskp10|(ndr1_0&c0_1(a14)&c2_1(a14)&~c4_1(a14)))&(~hskp11|(ndr1_0&c3_1(a15)&c4_1(a15)&~c1_1(a15)))&(~hskp12|(ndr1_0&~c0_1(a17)&~c1_1(a17)&~c2_1(a17)))&(~hskp13|(ndr1_0&c5_1(a19)&~c0_1(a19)&~c3_1(a19)))&(~hskp14|(ndr1_0&c0_1(a20)&~c2_1(a20)&~c5_1(a20)))&(~hskp15|(ndr1_0&c4_1(a21)&~c2_1(a21)&~c5_1(a21)))&(~hskp16|(ndr1_0&~c0_1(a22)&~c4_1(a22)&~c5_1(a22)))&(~hskp17|(ndr1_0&c2_1(a23)&c3_1(a23)&~c1_1(a23)))&(~hskp18|(ndr1_0&c3_1(a24)&c4_1(a24)&~c0_1(a24)))&(~hskp19|(ndr1_0&c2_1(a25)&~c1_1(a25)&~c4_1(a25)))&(~hskp20|(ndr1_0&c2_1(a26)&c5_1(a26)&~c0_1(a26)))&(~hskp21|(ndr1_0&~c0_1(a27)&~c1_1(a27)&~c4_1(a27)))&(~hskp22|(ndr1_0&c0_1(a28)&~c1_1(a28)&~c5_1(a28)))&(~hskp23|(ndr1_0&c1_1(a29)&~c4_1(a29)&~c5_1(a29)))&(~hskp24|(ndr1_0&~c0_1(a30)&~c2_1(a30)&~c4_1(a30)))&(~hskp25|(ndr1_0&c0_1(a31)&c1_1(a31)&~c4_1(a31)))&(~hskp26|(ndr1_0&c1_1(a32)&c3_1(a32)&~c0_1(a32)))&(~hskp27|(ndr1_0&c1_1(a33)&c2_1(a33)&~c0_1(a33)))&(~hskp28|(ndr1_0&c5_1(a34)&~c0_1(a34)&~c4_1(a34)))&(~hskp29|(ndr1_0&c2_1(a35)&c5_1(a35)&~c3_1(a35)))&(~hskp30|(ndr1_0&c4_1(a36)&c5_1(a36)&~c2_1(a36)))&(~hskp31|(ndr1_0&~c1_1(a37)&~c2_1(a37)&~c3_1(a37)))&(~hskp32|(ndr1_0&~c1_1(a41)&~c3_1(a41)&~c5_1(a41)))&(~hskp33|(ndr1_0&c0_1(a45)&~c2_1(a45)&~c3_1(a45)))&(~hskp34|(ndr1_0&c3_1(a46)&c4_1(a46)&~c2_1(a46)))&(~hskp35|(ndr1_0&c2_1(a49)&~c0_1(a49)&~c4_1(a49)))&(~hskp36|(ndr1_0&~c1_1(a50)&~c3_1(a50)&~c4_1(a50)))&(~hskp37|(ndr1_0&c1_1(a51)&c3_1(a51)&~c5_1(a51)))&(~hskp38|(ndr1_0&c3_1(a54)&~c0_1(a54)&~c1_1(a54)))&(~hskp39|(ndr1_0&~c0_1(a59)&~c2_1(a59)&~c5_1(a59)))&(~hskp40|(ndr1_0&c0_1(a61)&~c4_1(a61)&~c5_1(a61)))&(~hskp41|(ndr1_0&c1_1(a62)&c5_1(a62)&~c4_1(a62)))&(~hskp42|(ndr1_0&c0_1(a66)&c5_1(a66)&~c1_1(a66)))&(~hskp43|(ndr1_0&c3_1(a67)&~c2_1(a67)&~c5_1(a67)))&(~hskp44|(ndr1_0&~c3_1(a68)&~c4_1(a68)&~c5_1(a68)))&(~hskp45|(ndr1_0&c3_1(a71)&c5_1(a71)&~c0_1(a71)))&(~hskp46|(ndr1_0&c2_1(a73)&~c0_1(a73)&~c1_1(a73)))&(~hskp47|(ndr1_0&c3_1(a75)&c5_1(a75)&~c1_1(a75)))&(~hskp48|(ndr1_0&c5_1(a76)&~c1_1(a76)&~c3_1(a76)))&(~hskp49|(ndr1_0&c0_1(a2)&c1_1(a2)&c4_1(a2)))&(~hskp50|(ndr1_0&c2_1(a4)&c4_1(a4)&c5_1(a4)))&(~hskp51|(ndr1_0&c0_1(a40)&c2_1(a40)&c4_1(a40)))&(~hskp52|(ndr1_0&c1_1(a42)&c2_1(a42)&c5_1(a42)))&(~hskp53|(ndr1_0&c0_1(a44)&c3_1(a44)&c4_1(a44)))&(~hskp54|(ndr1_0&c1_1(a47)&c2_1(a47)&c4_1(a47)))&(~hskp55|(ndr1_0&c2_1(a56)&c3_1(a56)&c4_1(a56)))&(~hskp56|(ndr1_0&c0_1(a60)&c1_1(a60)&c2_1(a60)))&(~hskp57|(ndr1_0&c0_1(a63)&c2_1(a63)&c3_1(a63)))&(~hskp58|(ndr1_0&c1_1(a64)&c2_1(a64)&c3_1(a64)))&(![U]:(ndr1_0=>(c0_1(U)|c1_1(U)|c2_1(U)))|![V]:(ndr1_0=>(c3_1(V)|~c2_1(V)|~c4_1(V)))|![W]:(ndr1_0=>(~c0_1(W)|~c4_1(W)|~c5_1(W))))&(![X]:(ndr1_0=>(c0_1(X)|c1_1(X)|~c4_1(X)))|![Y]:(ndr1_0=>(c0_1(Y)|c2_1(Y)|c3_1(Y)))|hskp0)&(![Z]:(ndr1_0=>(c0_1(Z)|c2_1(Z)|c3_1(Z)))|![X1]:(ndr1_0=>(~c0_1(X1)|~c1_1(X1)|~c5_1(X1)))|hskp49)&(![X2]:(ndr1_0=>(c0_1(X2)|c2_1(X2)|c4_1(X2)))|![X3]:(ndr1_0=>(c1_1(X3)|c3_1(X3)|c4_1(X3)))|![X4]:(ndr1_0=>(c1_1(X4)|c5_1(X4)|~c3_1(X4))))&(![X5]:(ndr1_0=>(c0_1(X5)|c2_1(X5)|c5_1(X5)))|![X6]:(ndr1_0=>(c0_1(X6)|c4_1(X6)|~c1_1(X6)))|![X7]:(ndr1_0=>(c1_1(X7)|c4_1(X7)|~c0_1(X7))))&(![X8]:(ndr1_0=>(c0_1(X8)|c2_1(X8)|~c5_1(X8)))|![X9]:(ndr1_0=>(~c0_1(X9)|~c2_1(X9)|~c5_1(X9)))|hskp1)&(![X10]:(ndr1_0=>(c0_1(X10)|c3_1(X10)|c5_1(X10)))|![X11]:(ndr1_0=>(c0_1(X11)|~c1_1(X11)|~c4_1(X11)))|hskp50)&(![X12]:(ndr1_0=>(c0_1(X12)|c3_1(X12)|~c2_1(X12)))|![X13]:(ndr1_0=>(~c2_1(X13)|~c3_1(X13)|~c4_1(X13)))|hskp2)&(![X14]:(ndr1_0=>(c0_1(X14)|c4_1(X14)|c5_1(X14)))|hskp3|hskp4)&(![X15]:(ndr1_0=>(c0_1(X15)|c4_1(X15)|~c2_1(X15)))|![X16]:(ndr1_0=>(c1_1(X16)|c2_1(X16)|~c0_1(X16)))|hskp5)&(![X17]:(ndr1_0=>(c0_1(X17)|c5_1(X17)|~c2_1(X17)))|![X18]:(ndr1_0=>(c0_1(X18)|~c2_1(X18)|~c4_1(X18)))|![X19]:(ndr1_0=>(c3_1(X19)|~c0_1(X19)|~c1_1(X19))))&(![X20]:(ndr1_0=>(c0_1(X20)|~c1_1(X20)|~c2_1(X20)))|![X21]:(ndr1_0=>(c4_1(X21)|c5_1(X21)|~c0_1(X21)))|![X22]:(ndr1_0=>(c5_1(X22)|~c0_1(X22)|~c3_1(X22))))&(![X23]:(ndr1_0=>(c0_1(X23)|~c1_1(X23)|~c3_1(X23)))|hskp6|hskp7)&(![X24]:(ndr1_0=>(c0_1(X24)|~c2_1(X24)|~c3_1(X24)))|hskp8|hskp9)&(![X25]:(ndr1_0=>(c0_1(X25)|~c2_1(X25)|~c5_1(X25)))|![X26]:(ndr1_0=>(c1_1(X26)|~c0_1(X26)|~c2_1(X26)))|hskp4)&(![X27]:(ndr1_0=>(c0_1(X27)|~c3_1(X27)|~c5_1(X27)))|hskp10|hskp11)&(![X28]:(ndr1_0=>(c1_1(X28)|c2_1(X28)|c4_1(X28)))|![X29]:(ndr1_0=>(c5_1(X29)|~c0_1(X29)|~c1_1(X29)))|hskp0)&(![X30]:(ndr1_0=>(c1_1(X30)|c2_1(X30)|~c4_1(X30)))|![X31]:(ndr1_0=>(~c1_1(X31)|~c2_1(X31)|~c4_1(X31)))|hskp12)&(![X32]:(ndr1_0=>(c1_1(X32)|c2_1(X32)|~c5_1(X32)))|hskp4|hskp13)&(![X33]:(ndr1_0=>(c1_1(X33)|c3_1(X33)|c4_1(X33)))|hskp14|hskp15)&(![X34]:(ndr1_0=>(c1_1(X34)|c3_1(X34)|~c4_1(X34)))|![X35]:(ndr1_0=>(c1_1(X35)|c5_1(X35)|~c0_1(X35)))|hskp16)&(![X36]:(ndr1_0=>(c1_1(X36)|c4_1(X36)|~c0_1(X36)))|hskp17|hskp18)&(![X37]:(ndr1_0=>(c1_1(X37)|c4_1(X37)|~c2_1(X37)))|![X38]:(ndr1_0=>(~c1_1(X38)|~c4_1(X38)|~c5_1(X38)))|hskp19)&(![X39]:(ndr1_0=>(c1_1(X39)|c5_1(X39)|~c0_1(X39)))|![X40]:(ndr1_0=>(c2_1(X40)|~c1_1(X40)|~c5_1(X40)))|hskp20)&(![X41]:(ndr1_0=>(c1_1(X41)|c5_1(X41)|~c4_1(X41)))|![X42]:(ndr1_0=>(c2_1(X42)|~c1_1(X42)|~c5_1(X42)))|![X43]:(ndr1_0=>(c3_1(X43)|~c1_1(X43)|~c5_1(X43))))&(![X44]:(ndr1_0=>(c1_1(X44)|~c0_1(X44)|~c2_1(X44)))|![X45]:(ndr1_0=>(~c1_1(X45)|~c2_1(X45)|~c5_1(X45)))|hskp21)&(![X46]:(ndr1_0=>(c1_1(X46)|~c0_1(X46)|~c4_1(X46)))|![X47]:(ndr1_0=>(~c1_1(X47)|~c2_1(X47)|~c3_1(X47)))|hskp22)&(![X48]:(ndr1_0=>(c1_1(X48)|~c2_1(X48)|~c3_1(X48)))|![X49]:(ndr1_0=>(c4_1(X49)|~c0_1(X49)|~c1_1(X49)))|hskp23)&(![X50]:(ndr1_0=>(c1_1(X50)|~c2_1(X50)|~c4_1(X50)))|![X51]:(ndr1_0=>(c3_1(X51)|c4_1(X51)|~c2_1(X51)))|hskp24)&(![X52]:(ndr1_0=>(c2_1(X52)|c3_1(X52)|~c5_1(X52)))|![X53]:(ndr1_0=>(c2_1(X53)|c4_1(X53)|~c3_1(X53)))|hskp25)&(![X54]:(ndr1_0=>(c2_1(X54)|c3_1(X54)|~c5_1(X54)))|![X55]:(ndr1_0=>(c2_1(X55)|~c1_1(X55)|~c4_1(X55)))|hskp26)&(![X56]:(ndr1_0=>(c2_1(X56)|c4_1(X56)|~c0_1(X56)))|![X57]:(ndr1_0=>(c4_1(X57)|c5_1(X57)|~c1_1(X57)))|![X58]:(ndr1_0=>(c4_1(X58)|~c0_1(X58)|~c5_1(X58))))&(![X59]:(ndr1_0=>(c2_1(X59)|c4_1(X59)|~c0_1(X59)))|hskp27|hskp28)&(![X60]:(ndr1_0=>(c2_1(X60)|~c0_1(X60)|~c1_1(X60)))|hskp29|hskp30)&(![X61]:(ndr1_0=>(c2_1(X61)|~c0_1(X61)|~c4_1(X61)))|![X62]:(ndr1_0=>(c3_1(X62)|c5_1(X62)|~c4_1(X62)))|hskp31)&(![X63]:(ndr1_0=>(c3_1(X63)|c4_1(X63)|~c0_1(X63)))|hskp27|hskp0)&(![X64]:(ndr1_0=>(c3_1(X64)|c4_1(X64)|~c2_1(X64)))|hskp51|hskp32)&(![X65]:(ndr1_0=>(c3_1(X65)|~c1_1(X65)|~c4_1(X65)))|hskp52|hskp24)&(![X66]:(ndr1_0=>(c4_1(X66)|c5_1(X66)|~c3_1(X66)))|![X67]:(ndr1_0=>(c4_1(X67)|~c1_1(X67)|~c2_1(X67)))|hskp53)&(![X68]:(ndr1_0=>(c4_1(X68)|c5_1(X68)|~c3_1(X68)))|hskp33|hskp34)&(![X69]:(ndr1_0=>(c4_1(X69)|~c0_1(X69)|~c2_1(X69)))|hskp54|hskp8)&(![X70]:(ndr1_0=>(c4_1(X70)|~c0_1(X70)|~c2_1(X70)))|hskp35|hskp36)&(![X71]:(ndr1_0=>(c4_1(X71)|~c1_1(X71)|~c3_1(X71)))|![X72]:(ndr1_0=>(c5_1(X72)|~c2_1(X72)|~c4_1(X72)))|hskp37)&(![X73]:(ndr1_0=>(c5_1(X73)|~c0_1(X73)|~c1_1(X73)))|![X74]:(ndr1_0=>(c5_1(X74)|~c1_1(X74)|~c4_1(X74)))|hskp22)&(![X75]:(ndr1_0=>(c5_1(X75)|~c2_1(X75)|~c4_1(X75)))|hskp34|hskp38)&(![X76]:(ndr1_0=>(~c1_1(X76)|~c2_1(X76)|~c3_1(X76)))|hskp37|hskp55)&(![X77]:(ndr1_0=>(~c1_1(X77)|~c4_1(X77)|~c5_1(X77)))|![X78]:(ndr1_0=>(~c2_1(X78)|~c4_1(X78)|~c5_1(X78)))|hskp8)&(![X79]:(ndr1_0=>(~c2_1(X79)|~c3_1(X79)|~c4_1(X79)))|hskp20|hskp39)&(hskp56|hskp40|hskp41)&(hskp57|hskp58|hskp7)&(hskp42|hskp43|hskp44)&(hskp33|hskp34|hskp45)&(hskp17|hskp46|hskp9)&(hskp47|hskp48|hskp44)))			
../../TPTP-v7.3.0/Problems/SYN/SYN680-1.p		Unsatisfiable	UNKNOWN		UNKNOWN		cnf					
../../TPTP-v7.3.0/Problems/SYN/SYN584-1.p		Unsatisfiable	UNKNOWN		UNKNOWN		cnf					
../../TPTP-v7.3.0/Problems/SYN/SYN255-1.p		Unsatisfiable	UNKNOWN		UNKNOWN		cnf					
../../TPTP-v7.3.0/Problems/SYN/SYN314-1.002.001.p		Unsatisfiable	UNKNOWN		UNKNOWN		cnf					
../../TPTP-v7.3.0/Problems/SYN/SYN067-2.p		Unsatisfiable	UNKNOWN		UNKNOWN		cnf					
../../TPTP-v7.3.0/Problems/SYN/SYN497+1.p		CounterSatisfiable	UNKNOWN		UNKNOWN		fof		(~((~hskp0|(ndr1_0&~c2_1(a93)&c3_1(a93)&~c1_1(a93)))&(~hskp1|(ndr1_0&c2_1(a94)&c1_1(a94)&~c0_1(a94)))&(~hskp2|(ndr1_0&c1_1(a96)&c3_1(a96)&~c2_1(a96)))&(~hskp3|(ndr1_0&~c1_1(a97)&c3_1(a97)&~c0_1(a97)))&(~hskp4|(ndr1_0&c0_1(a102)&~c3_1(a102)&~c1_1(a102)))&(~hskp5|(ndr1_0&c1_1(a104)&c0_1(a104)&~c2_1(a104)))&(~hskp6|(ndr1_0&~c2_1(a91)&~c3_1(a91)&c1_1(a91)))&(~hskp7|(ndr1_0&c0_1(a92)&c1_1(a92)&c2_1(a92)))&(~hskp8|(ndr1_0&~c3_1(a95)&c0_1(a95)&c2_1(a95)))&(~hskp9|(ndr1_0&~c0_1(a98)&~c2_1(a98)&c1_1(a98)))&(~hskp10|(ndr1_0&c1_1(a99)&c0_1(a99)&c3_1(a99)))&(~hskp11|(ndr1_0&~c0_1(a100)&c3_1(a100)&c2_1(a100)))&(~hskp12|(ndr1_0&~c3_1(a101)&c1_1(a101)&c0_1(a101)))&(~hskp13|(ndr1_0&c2_1(a103)&c1_1(a103)&c3_1(a103)))&(![U]:(ndr1_0=>(c2_1(U)|c3_1(U)|~c0_1(U)))|hskp6|hskp7)&(![V]:(ndr1_0=>(~c0_1(V)|c3_1(V)|~c2_1(V)))|hskp0|![W]:(ndr1_0=>(~c1_1(W)|~c0_1(W)|c3_1(W))))&(hskp1|hskp8|hskp2)&(hskp3|![X]:(ndr1_0=>(~c1_1(X)|~c3_1(X)|c2_1(X)))|hskp9)&(![Y]:(ndr1_0=>(c3_1(Y)|~c0_1(Y)|~c2_1(Y)))|hskp10|![Z]:(ndr1_0=>(~c2_1(Z)|~c0_1(Z)|~c1_1(Z))))&(![X1]:(ndr1_0=>(~c2_1(X1)|c1_1(X1)|c0_1(X1)))|![X2]:(ndr1_0=>(~c1_1(X2)|c2_1(X2)|~c0_1(X2)))|![X3]:(ndr1_0=>(~c2_1(X3)|c3_1(X3)|~c0_1(X3))))&(![X4]:(ndr1_0=>(c0_1(X4)|~c1_1(X4)|c2_1(X4)))|hskp11|hskp12)&(hskp4|hskp13|hskp5)))			
../../TPTP-v7.3.0/Problems/SYN/SYN547+1.p		CounterSatisfiable	UNKNOWN		UNKNOWN		fof		(~((![U]:(ndr1_0=>(~c4_1(U)|(ndr1_1(U)&~c4_2(U,a456)&c6_2(U,a456)&c8_2(U,a456))|(ndr1_1(U)&~c6_2(U,a457)&c7_2(U,a457)&c5_2(U,a457))))|c2_0|~c7_0)&(c2_0|~c1_0)&(~c8_0|(ndr1_0&~c6_1(a458)&c4_1(a458)&~c2_1(a458))|![V]:(ndr1_0=>(~c6_1(V)|c2_1(V)|![W]:(ndr1_1(V)=>(c3_2(V,W)|~c7_2(V,W))))))&(![X]:(ndr1_0=>(~c3_1(X)|~c8_1(X)|(ndr1_1(X)&~c6_2(X,a459)&~c3_2(X,a459)&c7_2(X,a459))))|~c6_0|![Y]:(ndr1_0=>(ndr1_1(Y)&c8_2(Y,a460)&c5_2(Y,a460)&c1_2(Y,a460))))&(![Z]:(ndr1_0=>(![X1]:(ndr1_1(Z)=>(~c7_2(Z,X1)|~c8_2(Z,X1)))|(ndr1_1(Z)&~c7_2(Z,a461)&~c2_2(Z,a461)&~c4_2(Z,a461))|~c8_1(Z)))|c2_0|c6_0)&(![X2]:(ndr1_0=>(![X3]:(ndr1_1(X2)=>(~c2_2(X2,X3)|c6_2(X2,X3)|~c4_2(X2,X3)))|(ndr1_1(X2)&~c1_2(X2,a462)&~c7_2(X2,a462)&~c6_2(X2,a462))|~c8_1(X2)))|~c5_0|(ndr1_0&c7_1(a463)&~c1_1(a463)&~c5_1(a463)))&(c6_0|(ndr1_0&c2_1(a464)&c8_1(a464)&~c7_1(a464))|~c1_0)&(![X4]:(ndr1_0=>(![X5]:(ndr1_1(X4)=>(~c6_2(X4,X5)|c5_2(X4,X5)|~c7_2(X4,X5)))|(ndr1_1(X4)&~c1_2(X4,a465)&~c5_2(X4,a465)&~c7_2(X4,a465))|c8_1(X4)))|![X6]:(ndr1_0=>(c8_1(X6)|![X7]:(ndr1_1(X6)=>(~c6_2(X6,X7)|c1_2(X6,X7)|~c2_2(X6,X7)))|~c1_1(X6)))|![X8]:(ndr1_0=>(c1_1(X8)|c2_1(X8)|![X9]:(ndr1_1(X8)=>(c1_2(X8,X9)|c7_2(X8,X9)|c3_2(X8,X9))))))&((ndr1_0&c1_1(a466)&~c8_1(a466))|~c2_0)&(c8_0|~c5_0)&(![X10]:(ndr1_0=>(![X11]:(ndr1_1(X10)=>(c8_2(X10,X11)|~c4_2(X10,X11)|~c7_2(X10,X11)))|c8_1(X10)|~c2_1(X10)))|![X12]:(ndr1_0=>((ndr1_1(X12)&c8_2(X12,a467)&c2_2(X12,a467)&c3_2(X12,a467))|~c6_1(X12)|~c8_1(X12))))&(~c4_0|(ndr1_0&c6_1(a468)&~c4_1(a468)&~c3_1(a468)))&(![X13]:(ndr1_0=>((ndr1_1(X13)&c2_2(X13,a469)&~c8_2(X13,a469)&~c6_2(X13,a469))|![X14]:(ndr1_1(X13)=>(c3_2(X13,X14)|~c6_2(X13,X14)|~c2_2(X13,X14)))|c8_1(X13)))|c6_0|c2_0)&((ndr1_0&![X15]:(ndr1_1(a470)=>(~c1_2(a470,X15)|c7_2(a470,X15)|~c4_2(a470,X15)))&c7_1(a470)&![X16]:(ndr1_1(a470)=>(~c8_2(a470,X16)|c7_2(a470,X16))))|c8_0|(ndr1_0&c3_1(a471)&ndr1_1(a471)&c7_2(a471,a472)&~c5_2(a471,a472)&![X17]:(ndr1_1(a471)=>(c3_2(a471,X17)|c1_2(a471,X17)|c6_2(a471,X17)))))&c3_0&(~c7_0|![X18]:(ndr1_0=>((ndr1_1(X18)&c8_2(X18,a473)&c4_2(X18,a473)&~c3_2(X18,a473))|~c3_1(X18)))|![X19]:(ndr1_0=>![X20]:(ndr1_1(X19)=>(~c8_2(X19,X20)|~c4_2(X19,X20)|~c1_2(X19,X20)))))&(![X21]:(ndr1_0=>((ndr1_1(X21)&c6_2(X21,a474)&c7_2(X21,a474)&c1_2(X21,a474))|~c5_1(X21)))|![X22]:(ndr1_0=>(c6_1(X22)|~c7_1(X22)|![X23]:(ndr1_1(X22)=>(c1_2(X22,X23)|c4_2(X22,X23)|~c6_2(X22,X23)))))|![X24]:(ndr1_0=>(![X25]:(ndr1_1(X24)=>(c4_2(X24,X25)|~c6_2(X24,X25)|~c3_2(X24,X25)))|c8_1(X24)|~c3_1(X24))))&((ndr1_0&![X26]:(ndr1_1(a475)=>(~c8_2(a475,X26)|c4_2(a475,X26)|c5_2(a475,X26)))&ndr1_1(a475)&c5_2(a475,a476)&~c3_2(a475,a476)&c7_2(a475,a476)&ndr1_1(a475)&c4_2(a475,a477)&c6_2(a475,a477)&c7_2(a475,a477))|c7_0|~c2_0)&(![X27]:(ndr1_0=>((ndr1_1(X27)&~c4_2(X27,a478)&c7_2(X27,a478)&~c5_2(X27,a478))|~c3_1(X27)|![X28]:(ndr1_1(X27)=>(~c6_2(X27,X28)|~c1_2(X27,X28)))))|c2_0|~c1_0)&(~c6_0|![X29]:(ndr1_0=>(![X30]:(ndr1_1(X29)=>(c3_2(X29,X30)|c1_2(X29,X30)|~c8_2(X29,X30)))|~c8_1(X29)|(ndr1_1(X29)&c6_2(X29,a479)&~c7_2(X29,a479))))|![X31]:(ndr1_0=>((ndr1_1(X31)&c3_2(X31,a480)&c4_2(X31,a480)&~c6_2(X31,a480))|c3_1(X31)|~c2_1(X31))))&(c5_0|![X32]:(ndr1_0=>(![X33]:(ndr1_1(X32)=>(c4_2(X32,X33)|~c6_2(X32,X33)|~c3_2(X32,X33)))|c8_1(X32)|(ndr1_1(X32)&c2_2(X32,a481)&c8_2(X32,a481))))|(ndr1_0&ndr1_1(a482)&c3_2(a482,a483)&c2_2(a482,a483)&c8_2(a482,a483)&![X34]:(ndr1_1(a482)=>(c2_2(a482,X34)|~c6_2(a482,X34)|~c8_2(a482,X34)))&ndr1_1(a482)&c5_2(a482,a484)&~c6_2(a482,a484)&~c4_2(a482,a484)))&(![X35]:(ndr1_0=>(~c8_1(X35)|(ndr1_1(X35)&~c2_2(X35,a485)&~c3_2(X35,a485)&~c1_2(X35,a485))|(ndr1_1(X35)&c6_2(X35,a486)&c1_2(X35,a486)&c5_2(X35,a486))))|~c5_0|c7_0)&(![X36]:(ndr1_0=>(~c2_1(X36)|c5_1(X36)|(ndr1_1(X36)&c1_2(X36,a487)&c4_2(X36,a487))))|(ndr1_0&~c3_1(a488)&c4_1(a488)&![X37]:(ndr1_1(a488)=>(~c6_2(a488,X37)|c2_2(a488,X37)|c5_2(a488,X37))))|c1_0)&(![X38]:(ndr1_0=>(c4_1(X38)|(ndr1_1(X38)&c4_2(X38,a489)&~c8_2(X38,a489)&~c3_2(X38,a489))|![X39]:(ndr1_1(X38)=>(c1_2(X38,X39)|c5_2(X38,X39)|~c8_2(X38,X39)))))|c8_0|~c7_0)&(c5_0|![X40]:(ndr1_0=>(~c8_1(X40)|~c7_1(X40)|(ndr1_1(X40)&c4_2(X40,a490)&~c6_2(X40,a490)&c7_2(X40,a490))))|c6_0)&((ndr1_0&~c4_1(a491)&![X41]:(ndr1_1(a491)=>(c6_2(a491,X41)|c4_2(a491,X41)|c3_2(a491,X41)))&~c5_1(a491))|![X42]:(ndr1_0=>(![X43]:(ndr1_1(X42)=>(c3_2(X42,X43)|~c5_2(X42,X43)|~c8_2(X42,X43)))|(ndr1_1(X42)&c4_2(X42,a492)&~c6_2(X42,a492)&~c7_2(X42,a492))|(ndr1_1(X42)&~c6_2(X42,a493)&c1_2(X42,a493)&~c2_2(X42,a493))))|(ndr1_0&c1_1(a494)&ndr1_1(a494)&~c3_2(a494,a495)&c8_2(a494,a495)&c4_1(a494)))&(c7_0|c2_0|c8_0)&(~c4_0|~c6_0|(ndr1_0&![X44]:(ndr1_1(a496)=>(c3_2(a496,X44)|~c8_2(a496,X44)|~c2_2(a496,X44)))&ndr1_1(a496)&~c4_2(a496,a497)&c3_2(a496,a497)&c6_2(a496,a497)&~c2_1(a496)))&(c2_0|![X45]:(ndr1_0=>(~c5_1(X45)|![X46]:(ndr1_1(X45)=>(~c7_2(X45,X46)|c2_2(X45,X46)|~c1_2(X45,X46)))|![X47]:(ndr1_1(X45)=>(c1_2(X45,X47)|~c5_2(X45,X47)|c2_2(X45,X47)))))|![X48]:(ndr1_0=>(c1_1(X48)|c2_1(X48)|~c4_1(X48))))&(c1_0|c2_0|(ndr1_0&ndr1_1(a498)&c3_2(a498,a499)&c7_2(a498,a499)&~c8_2(a498,a499)&c7_1(a498)&ndr1_1(a498)&c8_2(a498,a500)&c4_2(a498,a500)&~c7_2(a498,a500)))&((ndr1_0&c5_1(a501)&~c6_1(a501)&~c8_1(a501))|c7_0|![X49]:(ndr1_0=>(![X50]:(ndr1_1(X49)=>(c7_2(X49,X50)|c6_2(X49,X50)|c1_2(X49,X50)))|c1_1(X49)|~c2_1(X49))))&(![X51]:(ndr1_0=>((ndr1_1(X51)&~c1_2(X51,a502)&~c7_2(X51,a502)&~c8_2(X51,a502))|(ndr1_1(X51)&~c3_2(X51,a503)&~c4_2(X51,a503)&c1_2(X51,a503))|(ndr1_1(X51)&~c5_2(X51,a504)&c8_2(X51,a504)&~c3_2(X51,a504))))|(ndr1_0&~c2_1(a505)&ndr1_1(a505)&~c8_2(a505,a506)&c6_2(a505,a506)&~c1_2(a505,a506))|~c4_0)&(![X52]:(ndr1_0=>(~c6_1(X52)|(ndr1_1(X52)&~c2_2(X52,a507)&c5_2(X52,a507))))|![X53]:(ndr1_0=>(~c8_1(X53)|~c1_1(X53)|~c5_1(X53)))|c6_0)&(~c6_0|![X54]:(ndr1_0=>(~c4_1(X54)|![X55]:(ndr1_1(X54)=>(~c4_2(X54,X55)|~c3_2(X54,X55)|~c7_2(X54,X55)))))|(ndr1_0&~c2_1(a508)&c1_1(a508)))&(~c4_0|c7_0|(ndr1_0&ndr1_1(a509)&c4_2(a509,a510)&~c8_2(a509,a510)&~c1_2(a509,a510)&ndr1_1(a509)&~c5_2(a509,a511)&~c6_2(a509,a511)&c3_2(a509,a511)))&(~c5_0|~c1_0|~c8_0)&((ndr1_0&c6_1(a512)&ndr1_1(a512)&~c1_2(a512,a513)&~c2_2(a512,a513)&c3_2(a512,a513))|(ndr1_0&![X56]:(ndr1_1(a514)=>(c6_2(a514,X56)|~c4_2(a514,X56)|~c8_2(a514,X56)))&c5_1(a514)&~c1_1(a514))|![X57]:(ndr1_0=>((ndr1_1(X57)&~c2_2(X57,a515)&c7_2(X57,a515)&~c3_2(X57,a515))|(ndr1_1(X57)&~c6_2(X57,a516)&~c2_2(X57,a516))|![X58]:(ndr1_1(X57)=>(c5_2(X57,X58)|~c4_2(X57,X58))))))&((ndr1_0&c6_1(a517)&c4_1(a517)&c2_1(a517))|c8_0|(ndr1_0&ndr1_1(a518)&c7_2(a518,a519)&c5_2(a518,a519)&~c4_2(a518,a519)&c5_1(a518)))&(![X59]:(ndr1_0=>(~c1_1(X59)|c7_1(X59)|~c3_1(X59)))|~c5_0)&(c5_0|(ndr1_0&~c5_1(a520)&~c2_1(a520)&ndr1_1(a520)&~c4_2(a520,a521)&c2_2(a520,a521)&~c1_2(a520,a521))|c1_0)&((ndr1_0&ndr1_1(a522)&~c8_2(a522,a523)&c4_2(a522,a523)&c1_2(a522,a523)&ndr1_1(a522)&~c1_2(a522,a524)&c6_2(a522,a524)&~c8_2(a522,a524)&c6_1(a522))|~c5_0|c6_0)&(![X60]:(ndr1_0=>(c8_1(X60)|~c4_1(X60)|![X61]:(ndr1_1(X60)=>(c3_2(X60,X61)|~c6_2(X60,X61)|~c4_2(X60,X61)))))|~c2_0|![X62]:(ndr1_0=>(~c3_1(X62)|(ndr1_1(X62)&c7_2(X62,a525)&~c6_2(X62,a525)&~c2_2(X62,a525))|c6_1(X62))))&(![X63]:(ndr1_0=>((ndr1_1(X63)&c7_2(X63,a526)&~c3_2(X63,a526)&c8_2(X63,a526))|(ndr1_1(X63)&~c2_2(X63,a527)&~c1_2(X63,a527)&c4_2(X63,a527))|![X64]:(ndr1_1(X63)=>(~c1_2(X63,X64)|c3_2(X63,X64)|c2_2(X63,X64)))))|~c4_0|![X65]:(ndr1_0=>(![X66]:(ndr1_1(X65)=>(c3_2(X65,X66)|~c7_2(X65,X66)|c8_2(X65,X66)))|(ndr1_1(X65)&c6_2(X65,a528)&c2_2(X65,a528)&~c5_2(X65,a528))|c2_1(X65))))&(c2_0|![X67]:(ndr1_0=>(~c8_1(X67)|(ndr1_1(X67)&~c8_2(X67,a529)&~c1_2(X67,a529)&~c5_2(X67,a529))|![X68]:(ndr1_1(X67)=>(c7_2(X67,X68)|c5_2(X67,X68)))))|~c5_0)&(~c2_0|(ndr1_0&![X69]:(ndr1_1(a530)=>(~c6_2(a530,X69)|c7_2(a530,X69)|~c4_2(a530,X69)))&![X70]:(ndr1_1(a530)=>(~c6_2(a530,X70)|~c8_2(a530,X70)|~c3_2(a530,X70)))&![X71]:(ndr1_1(a530)=>(c8_2(a530,X71)|c4_2(a530,X71)|c7_2(a530,X71))))|![X72]:(ndr1_0=>(c8_1(X72)|~c6_1(X72)|c1_1(X72))))&((ndr1_0&c4_1(a531)&~c5_1(a531)&~c6_1(a531))|![X73]:(ndr1_0=>(![X74]:(ndr1_1(X73)=>(c3_2(X73,X74)|~c8_2(X73,X74)|~c1_2(X73,X74)))|c5_1(X73)|![X75]:(ndr1_1(X73)=>(c3_2(X73,X75)|c6_2(X73,X75)|~c7_2(X73,X75))))))&(![X76]:(ndr1_0=>(c2_1(X76)|![X77]:(ndr1_1(X76)=>(~c6_2(X76,X77)|c7_2(X76,X77)|~c2_2(X76,X77)))|c4_1(X76)))|(ndr1_0&![X78]:(ndr1_1(a532)=>(c7_2(a532,X78)|~c4_2(a532,X78)|~c8_2(a532,X78)))&c3_1(a532)&c1_1(a532))|(ndr1_0&~c3_1(a533)))&((ndr1_0&c8_1(a534)&ndr1_1(a534)&~c6_2(a534,a535)&c4_2(a534,a535)&c8_2(a534,a535)&~c2_1(a534))|![X79]:(ndr1_0=>(![X80]:(ndr1_1(X79)=>(~c1_2(X79,X80)|~c3_2(X79,X80)|~c6_2(X79,X80)))|![X81]:(ndr1_1(X79)=>(c1_2(X79,X81)|c7_2(X79,X81)|~c2_2(X79,X81)))|c6_1(X79)))|~c8_0)&(c1_0|~c2_0|c8_0)&((ndr1_0&![X82]:(ndr1_1(a536)=>(c3_2(a536,X82)|c5_2(a536,X82)|~c7_2(a536,X82)))&~c7_1(a536)&c5_1(a536))|(ndr1_0&![X83]:(ndr1_1(a537)=>(~c3_2(a537,X83)|~c7_2(a537,X83)|~c2_2(a537,X83)))&~c5_1(a537)&c4_1(a537))|(ndr1_0&![X84]:(ndr1_1(a538)=>(~c7_2(a538,X84)|c2_2(a538,X84)|c3_2(a538,X84)))&![X85]:(ndr1_1(a538)=>(c8_2(a538,X85)|c7_2(a538,X85)|~c1_2(a538,X85)))&c1_1(a538)))&(~c7_0|![X86]:(ndr1_0=>(c1_1(X86)|c6_1(X86)|c5_1(X86)))|(ndr1_0&ndr1_1(a539)&c8_2(a539,a540)&~c5_2(a539,a540)&c3_2(a539,a540)&c6_1(a539)&ndr1_1(a539)&~c2_2(a539,a541)&~c5_2(a539,a541)&c8_2(a539,a541)))&(~c5_0|~c7_0|![X87]:(ndr1_0=>(c5_1(X87)|~c2_1(X87)|c7_1(X87))))&(![X88]:(ndr1_0=>(~c8_1(X88)|~c2_1(X88)))|(ndr1_0&![X89]:(ndr1_1(a542)=>(c7_2(a542,X89)|~c4_2(a542,X89)))&c2_1(a542)&ndr1_1(a542)&c8_2(a542,a543)&~c4_2(a542,a543))|(ndr1_0&![X90]:(ndr1_1(a544)=>(c1_2(a544,X90)|c4_2(a544,X90)))&ndr1_1(a544)&~c7_2(a544,a545)&~c4_2(a544,a545)&~c3_2(a544,a545)))&((ndr1_0&~c4_1(a546)&![X91]:(ndr1_1(a546)=>(c8_2(a546,X91)|~c1_2(a546,X91)|~c4_2(a546,X91)))&ndr1_1(a546)&~c2_2(a546,a547)&c7_2(a546,a547)&~c8_2(a546,a547))|![X92]:(ndr1_0=>(![X93]:(ndr1_1(X92)=>(~c6_2(X92,X93)|~c8_2(X92,X93)|c3_2(X92,X93)))|(ndr1_1(X92)&c2_2(X92,a548)&~c4_2(X92,a548)&~c7_2(X92,a548))|~c1_1(X92))))&((ndr1_0&ndr1_1(a549)&c4_2(a549,a550)&~c1_2(a549,a550)&c6_2(a549,a550)&ndr1_1(a549)&c2_2(a549,a551)&c8_2(a549,a551)&c5_2(a549,a551)&~c2_1(a549))|~c4_0|~c8_0)&(c7_0|(ndr1_0&![X94]:(ndr1_1(a552)=>(c6_2(a552,X94)|c8_2(a552,X94)|c2_2(a552,X94)))&~c8_1(a552)&c6_1(a552))|![X95]:(ndr1_0=>(~c4_1(X95)|~c5_1(X95)|(ndr1_1(X95)&~c2_2(X95,a553)&c7_2(X95,a553)&~c3_2(X95,a553)))))&(~c8_0|~c5_0)&(~c5_0|![X96]:(ndr1_0=>(~c5_1(X96)|(ndr1_1(X96)&~c6_2(X96,a554)&~c3_2(X96,a554))|(ndr1_1(X96)&c5_2(X96,a555)&c1_2(X96,a555)&~c4_2(X96,a555)))))&(c8_0|![X97]:(ndr1_0=>(![X98]:(ndr1_1(X97)=>(c2_2(X97,X98)|c7_2(X97,X98)))|c6_1(X97)))|~c2_0)&(c5_0|~c2_0|c8_0)&(![X99]:(ndr1_0=>(c7_1(X99)|~c6_1(X99)|(ndr1_1(X99)&~c4_2(X99,a556)&c8_2(X99,a556)&c7_2(X99,a556))))|~c7_0|c8_0)&(![X100]:(ndr1_0=>((ndr1_1(X100)&~c6_2(X100,a557)&~c2_2(X100,a557)&c1_2(X100,a557))|![X101]:(ndr1_1(X100)=>(c8_2(X100,X101)|c2_2(X100,X101)))|c7_1(X100)))|![X102]:(ndr1_0=>(~c6_1(X102)|~c3_1(X102)|c5_1(X102)))|c5_0)&((ndr1_0&c1_1(a558)&c6_1(a558))|~c7_0)&(c8_0|~c1_0|c7_0)&((ndr1_0&c7_1(a559)&ndr1_1(a559)&c4_2(a559,a560)&c7_2(a559,a560)&~c6_1(a559))|~c8_0|![X103]:(ndr1_0=>(~c8_1(X103)|![X104]:(ndr1_1(X103)=>(c7_2(X103,X104)|c2_2(X103,X104)|c8_2(X103,X104)))|![X105]:(ndr1_1(X103)=>(c3_2(X103,X105)|~c6_2(X103,X105)|~c2_2(X103,X105))))))&(c5_0|~c1_0)&(~c4_0|(ndr1_0&![X106]:(ndr1_1(a561)=>(c8_2(a561,X106)|c4_2(a561,X106)))&~c5_1(a561)&~c2_1(a561)))&((ndr1_0&ndr1_1(a562)&~c1_2(a562,a563)&c8_2(a562,a563)&c2_2(a562,a563)&~c7_1(a562))|~c2_0|c6_0)&((ndr1_0&c7_1(a564)&![X107]:(ndr1_1(a564)=>(c3_2(a564,X107)|c8_2(a564,X107)|~c1_2(a564,X107)))&c5_1(a564))|(ndr1_0&c6_1(a565)&c3_1(a565)&c2_1(a565))|(ndr1_0&ndr1_1(a566)&~c8_2(a566,a567)&c6_2(a566,a567)&~c1_2(a566,a567)&c1_1(a566)&![X108]:(ndr1_1(a566)=>(~c2_2(a566,X108)|c5_2(a566,X108)|~c1_2(a566,X108)))))&(~c7_0|(ndr1_0&![X109]:(ndr1_1(a568)=>(c6_2(a568,X109)|c4_2(a568,X109)))&~c4_1(a568))|(ndr1_0&c4_1(a569)&![X110]:(ndr1_1(a569)=>(c6_2(a569,X110)|c3_2(a569,X110)|~c4_2(a569,X110)))&c3_1(a569)))&((ndr1_0&c4_1(a570)&c5_1(a570)&ndr1_1(a570)&c2_2(a570,a571)&c1_2(a570,a571)&c3_2(a570,a571))|c5_0)&(c1_0|c5_0|![X111]:(ndr1_0=>(![X112]:(ndr1_1(X111)=>(c2_2(X111,X112)|c5_2(X111,X112)))|(ndr1_1(X111)&~c6_2(X111,a572)&~c5_2(X111,a572)&c2_2(X111,a572))|~c4_1(X111))))&((ndr1_0&c1_1(a573)&c3_1(a573)&![X113]:(ndr1_1(a573)=>(~c6_2(a573,X113)|~c2_2(a573,X113)|c5_2(a573,X113))))|![X114]:(ndr1_0=>(c8_1(X114)|![X115]:(ndr1_1(X114)=>(c5_2(X114,X115)|c4_2(X114,X115)|~c7_2(X114,X115)))|![X116]:(ndr1_1(X114)=>(c2_2(X114,X116)|~c3_2(X114,X116)|c1_2(X114,X116)))))|c1_0)&((ndr1_0&ndr1_1(a574)&~c6_2(a574,a575)&~c1_2(a574,a575)&c4_2(a574,a575)&![X117]:(ndr1_1(a574)=>(~c4_2(a574,X117)|~c2_2(a574,X117)|~c3_2(a574,X117)))&~c3_1(a574))|~c2_0|![X118]:(ndr1_0=>(~c6_1(X118)|c5_1(X118)|![X119]:(ndr1_1(X118)=>(c8_2(X118,X119)|c7_2(X118,X119)|c6_2(X118,X119))))))&(![X120]:(ndr1_0=>(![X121]:(ndr1_1(X120)=>(c3_2(X120,X121)|~c2_2(X120,X121)|c8_2(X120,X121)))|![X122]:(ndr1_1(X120)=>(~c1_2(X120,X122)|c5_2(X120,X122)|c3_2(X120,X122)))|![X123]:(ndr1_1(X120)=>(c6_2(X120,X123)|c2_2(X120,X123)))))|![X124]:(ndr1_0=>(c7_1(X124)|~c1_1(X124)|(ndr1_1(X124)&c4_2(X124,a576)&~c8_2(X124,a576))))|(ndr1_0&~c7_1(a577)&ndr1_1(a577)&c8_2(a577,a578)&c1_2(a577,a578)&c6_2(a577,a578)&ndr1_1(a577)&~c6_2(a577,a579)&~c8_2(a577,a579)))&(![X125]:(ndr1_0=>((ndr1_1(X125)&c7_2(X125,a580)&~c5_2(X125,a580)&~c2_2(X125,a580))|c4_1(X125)|c8_1(X125)))|c8_0|![X126]:(ndr1_0=>(c5_1(X126)|c6_1(X126)|![X127]:(ndr1_1(X126)=>(c4_2(X126,X127)|c7_2(X126,X127)|c8_2(X126,X127))))))&(~c2_0|(ndr1_0&![X128]:(ndr1_1(a581)=>(c7_2(a581,X128)|c8_2(a581,X128)|c2_2(a581,X128)))&~c6_1(a581)&c8_1(a581)))&(![X129]:(ndr1_0=>(c3_1(X129)|c1_1(X129)|(ndr1_1(X129)&~c5_2(X129,a582)&c3_2(X129,a582)&c2_2(X129,a582))))|~c4_0|~c8_0)&(~c7_0|~c4_0)&(![X130]:(ndr1_0=>(c4_1(X130)|![X131]:(ndr1_1(X130)=>(c7_2(X130,X131)|~c2_2(X130,X131)|~c6_2(X130,X131)))|c7_1(X130)))|![X132]:(ndr1_0=>((ndr1_1(X132)&c7_2(X132,a583)&~c4_2(X132,a583)&c2_2(X132,a583))|c5_1(X132)|c7_1(X132))))&((ndr1_0&~c6_1(a584)&~c2_1(a584)&c3_1(a584))|c8_0)&(![X133]:(ndr1_0=>(~c5_1(X133)|~c6_1(X133)))|(ndr1_0&![X134]:(ndr1_1(a585)=>(~c4_2(a585,X134)|c3_2(a585,X134)))&~c8_1(a585)&ndr1_1(a585)&c2_2(a585,a586)&~c3_2(a585,a586)&c1_2(a585,a586))|~c5_0)&((ndr1_0&c3_1(a587)&![X135]:(ndr1_1(a587)=>(~c5_2(a587,X135)|~c8_2(a587,X135)|c1_2(a587,X135))))|![X136]:(ndr1_0=>(![X137]:(ndr1_1(X136)=>(~c2_2(X136,X137)|c5_2(X136,X137)))|(ndr1_1(X136)&~c1_2(X136,a588)&c5_2(X136,a588))|(ndr1_1(X136)&c8_2(X136,a589)&~c7_2(X136,a589)&~c5_2(X136,a589))))|![X138]:(ndr1_0=>(![X139]:(ndr1_1(X138)=>(~c4_2(X138,X139)|c8_2(X138,X139)|~c2_2(X138,X139)))|c6_1(X138)|![X140]:(ndr1_1(X138)=>(c2_2(X138,X140)|c6_2(X138,X140)|~c8_2(X138,X140))))))&(~c5_0|~c4_0|~c6_0)&(c5_0|c6_0|(ndr1_0&~c3_1(a590)&c7_1(a590)&ndr1_1(a590)&~c3_2(a590,a591)&~c2_2(a590,a591)))&((ndr1_0&![X141]:(ndr1_1(a592)=>(c5_2(a592,X141)|c6_2(a592,X141)|~c1_2(a592,X141)))&~c6_1(a592)&![X142]:(ndr1_1(a592)=>(c3_2(a592,X142)|~c5_2(a592,X142))))|![X143]:(ndr1_0=>(![X144]:(ndr1_1(X143)=>(~c7_2(X143,X144)|c6_2(X143,X144)|c2_2(X143,X144)))|~c6_1(X143)|(ndr1_1(X143)&c8_2(X143,a593)&~c7_2(X143,a593)&~c4_2(X143,a593))))|c7_0)&((ndr1_0&~c1_1(a594)&~c6_1(a594)&ndr1_1(a594)&c1_2(a594,a595)&~c6_2(a594,a595)&~c4_2(a594,a595))|~c1_0)&(~c7_0|c2_0|![X145]:(ndr1_0=>(![X146]:(ndr1_1(X145)=>(c1_2(X145,X146)|c7_2(X145,X146)|c4_2(X145,X146)))|c3_1(X145)|c6_1(X145))))&((ndr1_0&~c6_1(a596)&c7_1(a596)&![X147]:(ndr1_1(a596)=>(~c4_2(a596,X147)|~c1_2(a596,X147))))|(ndr1_0&ndr1_1(a597)&c4_2(a597,a598)&c3_2(a597,a598)&c7_2(a597,a598)&~c1_1(a597)&ndr1_1(a597)&c3_2(a597,a599)&c5_2(a597,a599)&~c1_2(a597,a599))|c6_0)&(c1_0|c6_0)&((ndr1_0&c3_1(a600)&![X148]:(ndr1_1(a600)=>(~c1_2(a600,X148)|c7_2(a600,X148))))|(ndr1_0&c7_1(a601)&~c1_1(a601)&c5_1(a601)))&(~c1_0|c5_0|~c8_0)&(![X149]:(ndr1_0=>(![X150]:(ndr1_1(X149)=>(~c8_2(X149,X150)|c1_2(X149,X150)|c3_2(X149,X150)))|c8_1(X149)|c4_1(X149)))|c1_0|![X151]:(ndr1_0=>(c3_1(X151)|~c1_1(X151)|c8_1(X151))))&(![X152]:(ndr1_0=>(~c3_1(X152)|c1_1(X152)|c6_1(X152)))|~c1_0|c5_0)&(c2_0|~c7_0|~c8_0)&(c1_0|![X153]:(ndr1_0=>(c2_1(X153)|(ndr1_1(X153)&c3_2(X153,a602)&c4_2(X153,a602)&~c7_2(X153,a602))|c7_1(X153)))|~c7_0)&((ndr1_0&c5_1(a603)&![X154]:(ndr1_1(a603)=>(~c3_2(a603,X154)|c7_2(a603,X154)|~c5_2(a603,X154)))&~c4_1(a603))|~c5_0|~c8_0)&(c8_0|~c7_0|c5_0)))			
../../TPTP-v7.3.0/Problems/SYN/SYN458+1.p		Theorem	UNKNOWN		UNKNOWN		fof		(~((~hskp0|(ndr1_0&c1_1(a1080)&~c0_1(a1080)&~c2_1(a1080)))&(~hskp1|(ndr1_0&c3_1(a1081)&~c0_1(a1081)&~c1_1(a1081)))&(~hskp2|(ndr1_0&~c0_1(a1082)&~c2_1(a1082)&~c3_1(a1082)))&(~hskp3|(ndr1_0&c1_1(a1083)&~c2_1(a1083)&~c3_1(a1083)))&(~hskp4|(ndr1_0&c0_1(a1084)&~c1_1(a1084)&~c3_1(a1084)))&(~hskp5|(ndr1_0&c2_1(a1085)&~c0_1(a1085)&~c1_1(a1085)))&(~hskp6|(ndr1_0&c0_1(a1086)&c2_1(a1086)&~c1_1(a1086)))&(~hskp7|(ndr1_0&~c0_1(a1087)&~c1_1(a1087)&~c2_1(a1087)))&(~hskp8|(ndr1_0&c0_1(a1088)&c3_1(a1088)&~c2_1(a1088)))&(~hskp9|(ndr1_0&c2_1(a1089)&c3_1(a1089)&~c1_1(a1089)))&(~hskp10|(ndr1_0&~c0_1(a1090)&~c1_1(a1090)&~c3_1(a1090)))&(~hskp11|(ndr1_0&c2_1(a1091)&~c0_1(a1091)&~c3_1(a1091)))&(~hskp12|(ndr1_0&c0_1(a1094)&c1_1(a1094)&~c3_1(a1094)))&(~hskp13|(ndr1_0&c3_1(a1095)&~c1_1(a1095)&~c2_1(a1095)))&(~hskp14|(ndr1_0&c1_1(a1097)&c3_1(a1097)&~c2_1(a1097)))&(~hskp15|(ndr1_0&c2_1(a1098)&~c1_1(a1098)&~c3_1(a1098)))&(~hskp16|(ndr1_0&c1_1(a1100)&~c0_1(a1100)&~c3_1(a1100)))&(~hskp17|(ndr1_0&c3_1(a1102)&~c0_1(a1102)&~c2_1(a1102)))&(~hskp18|(ndr1_0&c0_1(a1103)&c3_1(a1103)&~c1_1(a1103)))&(~hskp19|(ndr1_0&c0_1(a1113)&c1_1(a1113)&~c2_1(a1113)))&(~hskp20|(ndr1_0&c0_1(a1114)&~c1_1(a1114)&~c2_1(a1114)))&(~hskp21|(ndr1_0&c1_1(a1120)&c2_1(a1120)&~c3_1(a1120)))&(~hskp22|(ndr1_0&c1_1(a1121)&c3_1(a1121)&~c0_1(a1121)))&(~hskp23|(ndr1_0&c0_1(a1122)&c2_1(a1122)&~c3_1(a1122)))&(~hskp24|(ndr1_0&c1_1(a1124)&c2_1(a1124)&~c0_1(a1124)))&(~hskp25|(ndr1_0&~c1_1(a1125)&~c2_1(a1125)&~c3_1(a1125)))&(~hskp26|(ndr1_0&c2_1(a1146)&c3_1(a1146)&~c0_1(a1146)))&(~hskp27|(ndr1_0&c0_1(a1164)&~c2_1(a1164)&~c3_1(a1164)))&(~hskp28|(ndr1_0&c0_1(a1092)&c2_1(a1092)&c3_1(a1092)))&(~hskp29|(ndr1_0&c1_1(a1101)&c2_1(a1101)&c3_1(a1101)))&(~hskp30|(ndr1_0&c0_1(a1109)&c1_1(a1109)&c3_1(a1109)))&(~hskp31|(ndr1_0&c0_1(a1148)&c1_1(a1148)&c2_1(a1148)))&(![U]:(ndr1_0=>(c0_1(U)|c1_1(U)|c2_1(U)))|![V]:(ndr1_0=>(c0_1(V)|c2_1(V)|c3_1(V)))|![W]:(ndr1_0=>(c1_1(W)|~c2_1(W)|~c3_1(W))))&(![X]:(ndr1_0=>(c0_1(X)|c1_1(X)|c2_1(X)))|![Y]:(ndr1_0=>(c0_1(Y)|c2_1(Y)|~c3_1(Y)))|![Z]:(ndr1_0=>(c3_1(Z)|~c0_1(Z)|~c1_1(Z))))&(![X1]:(ndr1_0=>(c0_1(X1)|c1_1(X1)|c2_1(X1)))|![X2]:(ndr1_0=>(c0_1(X2)|c2_1(X2)|~c3_1(X2)))|hskp0)&(![X3]:(ndr1_0=>(c0_1(X3)|c1_1(X3)|c2_1(X3)))|![X4]:(ndr1_0=>(~c0_1(X4)|~c1_1(X4)|~c3_1(X4)))|![X5]:(ndr1_0=>(~c0_1(X5)|~c2_1(X5)|~c3_1(X5))))&(![X6]:(ndr1_0=>(c0_1(X6)|c1_1(X6)|c2_1(X6)))|hskp1|hskp2)&(![X7]:(ndr1_0=>(c0_1(X7)|c1_1(X7)|c3_1(X7)))|![X8]:(ndr1_0=>(c2_1(X8)|c3_1(X8)|~c1_1(X8)))|![X9]:(ndr1_0=>(c2_1(X9)|~c1_1(X9)|~c3_1(X9))))&(![X10]:(ndr1_0=>(c0_1(X10)|c1_1(X10)|~c2_1(X10)))|![X11]:(ndr1_0=>(c0_1(X11)|c2_1(X11)|~c1_1(X11)))|hskp3)&(![X12]:(ndr1_0=>(c0_1(X12)|c1_1(X12)|~c2_1(X12)))|![X13]:(ndr1_0=>(c0_1(X13)|c3_1(X13)|~c1_1(X13)))|hskp4)&(![X14]:(ndr1_0=>(c0_1(X14)|c1_1(X14)|~c2_1(X14)))|![X15]:(ndr1_0=>(c0_1(X15)|~c1_1(X15)|~c2_1(X15)))|![X16]:(ndr1_0=>(~c0_1(X16)|~c1_1(X16)|~c2_1(X16))))&(![X17]:(ndr1_0=>(c0_1(X17)|c1_1(X17)|~c2_1(X17)))|![X18]:(ndr1_0=>(c1_1(X18)|~c2_1(X18)|~c3_1(X18)))|hskp5)&(![X19]:(ndr1_0=>(c0_1(X19)|c1_1(X19)|~c2_1(X19)))|![X20]:(ndr1_0=>(c2_1(X20)|c3_1(X20)|~c0_1(X20)))|![X21]:(ndr1_0=>(c2_1(X21)|~c0_1(X21)|~c1_1(X21))))&(![X22]:(ndr1_0=>(c0_1(X22)|c1_1(X22)|~c2_1(X22)))|hskp6|hskp7)&(![X23]:(ndr1_0=>(c0_1(X23)|c1_1(X23)|~c2_1(X23)))|hskp8|hskp9)&(![X24]:(ndr1_0=>(c0_1(X24)|c1_1(X24)|~c3_1(X24)))|![X25]:(ndr1_0=>(~c0_1(X25)|~c1_1(X25)|~c2_1(X25)))|hskp10)&(![X26]:(ndr1_0=>(c0_1(X26)|c1_1(X26)|~c3_1(X26)))|![X27]:(ndr1_0=>(~c0_1(X27)|~c2_1(X27)|~c3_1(X27)))|hskp11)&(![X28]:(ndr1_0=>(c0_1(X28)|c1_1(X28)|~c3_1(X28)))|hskp28|hskp1)&(![X29]:(ndr1_0=>(c0_1(X29)|c2_1(X29)|c3_1(X29)))|hskp12|hskp13)&(![X30]:(ndr1_0=>(c0_1(X30)|c2_1(X30)|~c1_1(X30)))|![X31]:(ndr1_0=>(c1_1(X31)|~c0_1(X31)|~c3_1(X31)))|hskp5)&(![X32]:(ndr1_0=>(c0_1(X32)|c2_1(X32)|~c1_1(X32)))|hskp14|hskp15)&(![X33]:(ndr1_0=>(c0_1(X33)|c2_1(X33)|~c1_1(X33)))|hskp0|hskp16)&(![X34]:(ndr1_0=>(c0_1(X34)|c3_1(X34)|~c1_1(X34)))|![X35]:(ndr1_0=>(c1_1(X35)|~c2_1(X35)|~c3_1(X35)))|hskp29)&(![X36]:(ndr1_0=>(c0_1(X36)|c3_1(X36)|~c2_1(X36)))|![X37]:(ndr1_0=>(~c0_1(X37)|~c1_1(X37)|~c3_1(X37)))|hskp17)&(![X38]:(ndr1_0=>(c0_1(X38)|c3_1(X38)|~c2_1(X38)))|hskp18)&(![X39]:(ndr1_0=>(c0_1(X39)|c3_1(X39)|~c2_1(X39)))|hskp4|hskp16)&(![X40]:(ndr1_0=>(c0_1(X40)|~c1_1(X40)|~c2_1(X40)))|![X41]:(ndr1_0=>(c1_1(X41)|c3_1(X41)|~c2_1(X41)))|hskp9)&(![X42]:(ndr1_0=>(c0_1(X42)|~c1_1(X42)|~c2_1(X42)))|hskp15|hskp17)&(![X43]:(ndr1_0=>(c0_1(X43)|~c1_1(X43)|~c3_1(X43)))|hskp30|hskp18)&(![X44]:(ndr1_0=>(c0_1(X44)|~c1_1(X44)|~c3_1(X44)))|hskp9|hskp2)&(![X45]:(ndr1_0=>(c0_1(X45)|~c2_1(X45)|~c3_1(X45)))|hskp19)&(![X46]:(ndr1_0=>(c0_1(X46)|~c2_1(X46)|~c3_1(X46)))|hskp20|hskp3)&(![X47]:(ndr1_0=>(c1_1(X47)|c2_1(X47)|c3_1(X47)))|![X48]:(ndr1_0=>(c3_1(X48)|~c0_1(X48)|~c1_1(X48)))|hskp9)&(![X49]:(ndr1_0=>(c1_1(X49)|c2_1(X49)|c3_1(X49)))|![X50]:(ndr1_0=>(~c1_1(X50)|~c2_1(X50)|~c3_1(X50)))|hskp20)&(![X51]:(ndr1_0=>(c1_1(X51)|c2_1(X51)|c3_1(X51)))|hskp6|hskp8)&(![X52]:(ndr1_0=>(c1_1(X52)|c2_1(X52)|~c0_1(X52)))|hskp21|hskp22)&(![X53]:(ndr1_0=>(c1_1(X53)|c2_1(X53)|~c3_1(X53)))|![X54]:(ndr1_0=>(c2_1(X54)|c3_1(X54)|~c1_1(X54)))|hskp23)&(![X55]:(ndr1_0=>(c1_1(X55)|c2_1(X55)|~c3_1(X55)))|![X56]:(ndr1_0=>(c2_1(X56)|~c0_1(X56)|~c1_1(X56)))|hskp1)&(![X57]:(ndr1_0=>(c1_1(X57)|c2_1(X57)|~c3_1(X57)))|hskp24|hskp25)&(![X58]:(ndr1_0=>(c1_1(X58)|c3_1(X58)|~c0_1(X58)))|hskp14|hskp13)&(![X59]:(ndr1_0=>(c1_1(X59)|c3_1(X59)|~c2_1(X59)))|![X60]:(ndr1_0=>(c1_1(X60)|~c0_1(X60)|~c2_1(X60)))|hskp17)&(![X61]:(ndr1_0=>(c1_1(X61)|~c0_1(X61)|~c2_1(X61)))|![X62]:(ndr1_0=>(~c0_1(X62)|~c1_1(X62)|~c2_1(X62)))|hskp25)&(![X63]:(ndr1_0=>(c1_1(X63)|~c0_1(X63)|~c2_1(X63)))|hskp14)&(![X64]:(ndr1_0=>(c1_1(X64)|~c0_1(X64)|~c2_1(X64)))|hskp0|hskp2)&(![X65]:(ndr1_0=>(c1_1(X65)|~c2_1(X65)|~c3_1(X65)))|hskp21)&(![X66]:(ndr1_0=>(c1_1(X66)|~c2_1(X66)|~c3_1(X66)))|hskp14|hskp11)&(![X67]:(ndr1_0=>(c1_1(X67)|~c2_1(X67)|~c3_1(X67)))|hskp9|hskp11)&(![X68]:(ndr1_0=>(c2_1(X68)|c3_1(X68)|~c0_1(X68)))|hskp22|hskp5)&(![X69]:(ndr1_0=>(c2_1(X69)|~c0_1(X69)|~c1_1(X69)))|hskp30|hskp9)&(![X70]:(ndr1_0=>(c2_1(X70)|~c0_1(X70)|~c1_1(X70)))|hskp4|hskp1)&(![X71]:(ndr1_0=>(c2_1(X71)|~c0_1(X71)|~c3_1(X71)))|hskp28|hskp9)&(![X72]:(ndr1_0=>(c2_1(X72)|~c1_1(X72)|~c3_1(X72)))|![X73]:(ndr1_0=>(~c0_1(X73)|~c2_1(X73)|~c3_1(X73)))|hskp26)&(![X74]:(ndr1_0=>(c3_1(X74)|~c0_1(X74)|~c1_1(X74)))|![X75]:(ndr1_0=>(c3_1(X75)|~c0_1(X75)|~c2_1(X75)))|hskp5)&(![X76]:(ndr1_0=>(c3_1(X76)|~c0_1(X76)|~c2_1(X76)))|![X77]:(ndr1_0=>(c3_1(X77)|~c1_1(X77)|~c2_1(X77)))|hskp31)&(![X78]:(ndr1_0=>(~c0_1(X78)|~c1_1(X78)|~c2_1(X78)))|hskp5|hskp13)&(![X79]:(ndr1_0=>(~c0_1(X79)|~c1_1(X79)|~c3_1(X79)))|hskp19|hskp2)&(![X80]:(ndr1_0=>(~c1_1(X80)|~c2_1(X80)|~c3_1(X80)))|hskp31|hskp3)&(![X81]:(ndr1_0=>(~c1_1(X81)|~c2_1(X81)|~c3_1(X81)))|hskp20|hskp24)&(hskp31|hskp12|hskp13)&(hskp28|hskp6|hskp18)&(hskp20|hskp27|hskp13)&(hskp0|hskp5)))			
../../TPTP-v7.3.0/Problems/SYN/SYN422-1.p		Satisfiable	UNKNOWN		UNKNOWN		cnf					
../../TPTP-v7.3.0/Problems/SYN/SYN459+1.p		Theorem	UNKNOWN		UNKNOWN		fof		(~((~hskp0|(ndr1_0&~c0_1(a188)&~c1_1(a188)&~c3_1(a188)))&(~hskp1|(ndr1_0&c0_1(a190)&c2_1(a190)&~c3_1(a190)))&(~hskp2|(ndr1_0&~c1_1(a191)&~c2_1(a191)&~c3_1(a191)))&(~hskp3|(ndr1_0&c0_1(a192)&c1_1(a192)&~c3_1(a192)))&(~hskp4|(ndr1_0&c1_1(a193)&~c0_1(a193)&~c3_1(a193)))&(~hskp5|(ndr1_0&c0_1(a194)&~c1_1(a194)&~c2_1(a194)))&(~hskp6|(ndr1_0&c0_1(a195)&~c1_1(a195)&~c3_1(a195)))&(~hskp7|(ndr1_0&c1_1(a197)&~c0_1(a197)&~c2_1(a197)))&(~hskp8|(ndr1_0&c1_1(a198)&c3_1(a198)&~c2_1(a198)))&(~hskp9|(ndr1_0&c2_1(a199)&~c0_1(a199)&~c1_1(a199)))&(~hskp10|(ndr1_0&c0_1(a200)&c3_1(a200)&~c1_1(a200)))&(~hskp11|(ndr1_0&c0_1(a202)&~c2_1(a202)&~c3_1(a202)))&(~hskp12|(ndr1_0&~c0_1(a206)&~c2_1(a206)&~c3_1(a206)))&(~hskp13|(ndr1_0&c1_1(a209)&c3_1(a209)&~c0_1(a209)))&(~hskp14|(ndr1_0&c2_1(a210)&c3_1(a210)&~c1_1(a210)))&(~hskp15|(ndr1_0&c2_1(a214)&~c0_1(a214)&~c3_1(a214)))&(~hskp16|(ndr1_0&~c0_1(a221)&~c1_1(a221)&~c2_1(a221)))&(~hskp17|(ndr1_0&c1_1(a222)&c2_1(a222)&~c3_1(a222)))&(~hskp18|(ndr1_0&c3_1(a223)&~c1_1(a223)&~c2_1(a223)))&(~hskp19|(ndr1_0&c3_1(a225)&~c0_1(a225)&~c1_1(a225)))&(~hskp20|(ndr1_0&c2_1(a233)&c3_1(a233)&~c0_1(a233)))&(~hskp21|(ndr1_0&c2_1(a257)&~c1_1(a257)&~c3_1(a257)))&(~hskp22|(ndr1_0&c3_1(a259)&~c0_1(a259)&~c2_1(a259)))&(~hskp23|(ndr1_0&c0_1(a189)&c1_1(a189)&c3_1(a189)))&(~hskp24|(ndr1_0&c1_1(a215)&c2_1(a215)&c3_1(a215)))&(~hskp25|(ndr1_0&c0_1(a230)&c1_1(a230)&c2_1(a230)))&(![U]:(ndr1_0=>(c0_1(U)|c1_1(U)|c2_1(U)))|![V]:(ndr1_0=>(c0_1(V)|c2_1(V)|~c3_1(V)))|![W]:(ndr1_0=>(c1_1(W)|c2_1(W)|c3_1(W))))&(![X]:(ndr1_0=>(c0_1(X)|c1_1(X)|c2_1(X)))|![Y]:(ndr1_0=>(c2_1(Y)|~c0_1(Y)|~c3_1(Y)))|hskp0)&(![Z]:(ndr1_0=>(c0_1(Z)|c1_1(Z)|c3_1(Z)))|![X1]:(ndr1_0=>(c0_1(X1)|c2_1(X1)|~c1_1(X1)))|hskp23)&(![X2]:(ndr1_0=>(c0_1(X2)|c1_1(X2)|c3_1(X2)))|hskp1)&(![X3]:(ndr1_0=>(c0_1(X3)|c1_1(X3)|~c2_1(X3)))|![X4]:(ndr1_0=>(c0_1(X4)|~c1_1(X4)|~c2_1(X4)))|![X5]:(ndr1_0=>(c1_1(X5)|c2_1(X5)|~c3_1(X5))))&(![X6]:(ndr1_0=>(c0_1(X6)|c1_1(X6)|~c2_1(X6)))|![X7]:(ndr1_0=>(c0_1(X7)|~c1_1(X7)|~c3_1(X7)))|![X8]:(ndr1_0=>(c1_1(X8)|c2_1(X8)|~c0_1(X8))))&(![X9]:(ndr1_0=>(c0_1(X9)|c1_1(X9)|~c3_1(X9)))|![X10]:(ndr1_0=>(c3_1(X10)|~c0_1(X10)|~c1_1(X10)))|hskp2)&(![X11]:(ndr1_0=>(c0_1(X11)|c1_1(X11)|~c3_1(X11)))|hskp3|hskp4)&(![X12]:(ndr1_0=>(c0_1(X12)|c2_1(X12)|c3_1(X12)))|hskp5|hskp6)&(![X13]:(ndr1_0=>(c0_1(X13)|c2_1(X13)|c3_1(X13)))|hskp6)&(![X14]:(ndr1_0=>(c0_1(X14)|c2_1(X14)|~c1_1(X14)))|![X15]:(ndr1_0=>(~c1_1(X15)|~c2_1(X15)|~c3_1(X15)))|hskp7)&(![X16]:(ndr1_0=>(c0_1(X16)|c2_1(X16)|~c1_1(X16)))|hskp8|hskp9)&(![X17]:(ndr1_0=>(c0_1(X17)|c2_1(X17)|~c3_1(X17)))|![X18]:(ndr1_0=>(c0_1(X18)|~c1_1(X18)|~c2_1(X18)))|![X19]:(ndr1_0=>(c1_1(X19)|~c0_1(X19)|~c3_1(X19))))&(![X20]:(ndr1_0=>(c0_1(X20)|c2_1(X20)|~c3_1(X20)))|![X21]:(ndr1_0=>(c1_1(X21)|c3_1(X21)|~c2_1(X21)))|![X22]:(ndr1_0=>(c3_1(X22)|~c0_1(X22)|~c2_1(X22))))&(![X23]:(ndr1_0=>(c0_1(X23)|c2_1(X23)|~c3_1(X23)))|![X24]:(ndr1_0=>(c2_1(X24)|c3_1(X24)|~c0_1(X24)))|hskp10)&(![X25]:(ndr1_0=>(c0_1(X25)|c3_1(X25)|~c1_1(X25)))|![X26]:(ndr1_0=>(c0_1(X26)|c3_1(X26)|~c2_1(X26)))|hskp5)&(![X27]:(ndr1_0=>(c0_1(X27)|c3_1(X27)|~c2_1(X27)))|![X28]:(ndr1_0=>(c2_1(X28)|c3_1(X28)|~c0_1(X28)))|![X29]:(ndr1_0=>(~c0_1(X29)|~c1_1(X29)|~c2_1(X29))))&(![X30]:(ndr1_0=>(c0_1(X30)|c3_1(X30)|~c2_1(X30)))|hskp11|hskp9)&(![X31]:(ndr1_0=>(c0_1(X31)|~c1_1(X31)|~c2_1(X31)))|![X32]:(ndr1_0=>(c1_1(X32)|c2_1(X32)|~c0_1(X32)))|hskp2)&(![X33]:(ndr1_0=>(c0_1(X33)|~c1_1(X33)|~c2_1(X33)))|![X34]:(ndr1_0=>(c2_1(X34)|~c1_1(X34)|~c3_1(X34)))|hskp0)&(![X35]:(ndr1_0=>(c0_1(X35)|~c1_1(X35)|~c2_1(X35)))|![X36]:(ndr1_0=>(c3_1(X36)|~c0_1(X36)|~c1_1(X36)))|hskp12)&(![X37]:(ndr1_0=>(c0_1(X37)|~c1_1(X37)|~c2_1(X37)))|![X38]:(ndr1_0=>(~c0_1(X38)|~c2_1(X38)|~c3_1(X38)))|hskp6)&(![X39]:(ndr1_0=>(c0_1(X39)|~c1_1(X39)|~c3_1(X39)))|![X40]:(ndr1_0=>(c1_1(X40)|c2_1(X40)|c3_1(X40)))|hskp10)&(![X41]:(ndr1_0=>(c0_1(X41)|~c2_1(X41)|~c3_1(X41)))|![X42]:(ndr1_0=>(c1_1(X42)|c2_1(X42)|c3_1(X42)))|hskp13)&(![X43]:(ndr1_0=>(c0_1(X43)|~c2_1(X43)|~c3_1(X43)))|![X44]:(ndr1_0=>(c1_1(X44)|~c2_1(X44)|~c3_1(X44)))|hskp14)&(![X45]:(ndr1_0=>(c0_1(X45)|~c2_1(X45)|~c3_1(X45)))|![X46]:(ndr1_0=>(~c0_1(X46)|~c1_1(X46)|~c2_1(X46)))|hskp7)&(![X47]:(ndr1_0=>(c0_1(X47)|~c2_1(X47)|~c3_1(X47)))|hskp8|hskp4)&(![X48]:(ndr1_0=>(c1_1(X48)|c2_1(X48)|c3_1(X48)))|![X49]:(ndr1_0=>(c2_1(X49)|c3_1(X49)|~c1_1(X49)))|hskp15)&(![X50]:(ndr1_0=>(c1_1(X50)|c2_1(X50)|~c0_1(X50)))|![X51]:(ndr1_0=>(c1_1(X51)|~c0_1(X51)|~c3_1(X51)))|hskp24)&(![X52]:(ndr1_0=>(c1_1(X52)|c2_1(X52)|~c0_1(X52)))|![X53]:(ndr1_0=>(c2_1(X53)|c3_1(X53)|~c0_1(X53)))|![X54]:(ndr1_0=>(~c0_1(X54)|~c1_1(X54)|~c2_1(X54))))&(![X55]:(ndr1_0=>(c1_1(X55)|c2_1(X55)|~c0_1(X55)))|![X56]:(ndr1_0=>(c3_1(X56)|~c0_1(X56)|~c2_1(X56)))|hskp1)&(![X57]:(ndr1_0=>(c1_1(X57)|c2_1(X57)|~c0_1(X57)))|![X58]:(ndr1_0=>(~c0_1(X58)|~c1_1(X58)|~c3_1(X58)))|hskp9)&(![X59]:(ndr1_0=>(c1_1(X59)|c2_1(X59)|~c3_1(X59)))|![X60]:(ndr1_0=>(c2_1(X60)|c3_1(X60)|~c0_1(X60)))|hskp1)&(![X61]:(ndr1_0=>(c1_1(X61)|c2_1(X61)|~c3_1(X61)))|![X62]:(ndr1_0=>(c3_1(X62)|~c0_1(X62)|~c1_1(X62)))|hskp13)&(![X63]:(ndr1_0=>(c1_1(X63)|c3_1(X63)|~c0_1(X63)))|![X64]:(ndr1_0=>(~c0_1(X64)|~c1_1(X64)|~c3_1(X64)))|![X65]:(ndr1_0=>(~c0_1(X65)|~c2_1(X65)|~c3_1(X65))))&(![X66]:(ndr1_0=>(c1_1(X66)|c3_1(X66)|~c0_1(X66)))|hskp23|hskp16)&(![X67]:(ndr1_0=>(c1_1(X67)|c3_1(X67)|~c0_1(X67)))|hskp17|hskp18)&(![X68]:(ndr1_0=>(c1_1(X68)|c3_1(X68)|~c2_1(X68)))|![X69]:(ndr1_0=>(c2_1(X69)|~c0_1(X69)|~c1_1(X69)))|hskp24)&(![X70]:(ndr1_0=>(c1_1(X70)|c3_1(X70)|~c2_1(X70)))|![X71]:(ndr1_0=>(c3_1(X71)|~c0_1(X71)|~c2_1(X71)))|hskp19)&(![X72]:(ndr1_0=>(c1_1(X72)|~c0_1(X72)|~c2_1(X72)))|![X73]:(ndr1_0=>(c2_1(X73)|c3_1(X73)|~c0_1(X73)))|![X74]:(ndr1_0=>(~c0_1(X74)|~c1_1(X74)|~c2_1(X74))))&(![X75]:(ndr1_0=>(c1_1(X75)|~c2_1(X75)|~c3_1(X75)))|![X76]:(ndr1_0=>(c2_1(X76)|~c0_1(X76)|~c3_1(X76)))|![X77]:(ndr1_0=>(c3_1(X77)|~c0_1(X77)|~c1_1(X77))))&(![X78]:(ndr1_0=>(c2_1(X78)|c3_1(X78)|~c0_1(X78)))|![X79]:(ndr1_0=>(c3_1(X79)|~c1_1(X79)|~c2_1(X79)))|![X80]:(ndr1_0=>(~c0_1(X80)|~c1_1(X80)|~c3_1(X80))))&(![X81]:(ndr1_0=>(c2_1(X81)|c3_1(X81)|~c0_1(X81)))|![X82]:(ndr1_0=>(~c1_1(X82)|~c2_1(X82)|~c3_1(X82)))|hskp13)&(![X83]:(ndr1_0=>(c2_1(X83)|c3_1(X83)|~c1_1(X83)))|hskp3|hskp12)&(![X84]:(ndr1_0=>(c2_1(X84)|~c0_1(X84)|~c1_1(X84)))|![X85]:(ndr1_0=>(c3_1(X85)|~c1_1(X85)|~c2_1(X85)))|hskp12)&(![X86]:(ndr1_0=>(c2_1(X86)|~c0_1(X86)|~c1_1(X86)))|hskp25|hskp16)&(![X87]:(ndr1_0=>(c2_1(X87)|~c0_1(X87)|~c3_1(X87)))|hskp4|hskp20)&(![X88]:(ndr1_0=>(c3_1(X88)|~c0_1(X88)|~c1_1(X88)))|hskp7|hskp4)&(![X89]:(ndr1_0=>(c3_1(X89)|~c0_1(X89)|~c1_1(X89)))|hskp7|hskp9)&(![X90]:(ndr1_0=>(c3_1(X90)|~c0_1(X90)|~c2_1(X90)))|hskp10|hskp24)&(![X91]:(ndr1_0=>(~c0_1(X91)|~c1_1(X91)|~c3_1(X91)))|hskp1|hskp2)&(![X92]:(ndr1_0=>(~c0_1(X92)|~c2_1(X92)|~c3_1(X92)))|hskp23|hskp5)&(![X93]:(ndr1_0=>(~c0_1(X93)|~c2_1(X93)|~c3_1(X93)))|hskp16|hskp12)&(hskp25|hskp15|hskp2)&(hskp23|hskp9|hskp2)&(hskp1|hskp9|hskp0)&(hskp5|hskp15|hskp21)&(hskp24|hskp22|hskp2)&(hskp7|hskp14|hskp9)&(hskp14|hskp15|hskp12)))			
../../TPTP-v7.3.0/Problems/SYN/SYN614-1.p		Unsatisfiable	UNKNOWN		UNKNOWN		cnf					
../../TPTP-v7.3.0/Problems/SYN/SYN758-1.p		Unsatisfiable	UNKNOWN		UNKNOWN		cnf					
../../TPTP-v7.3.0/Problems/SYN/SYN653-1.p		Unsatisfiable	UNKNOWN		UNKNOWN		cnf					
../../TPTP-v7.3.0/Problems/SYN/SYN899-1.p		Unsatisfiable	UNKNOWN		UNKNOWN		cnf					
../../TPTP-v7.3.0/Problems/SYN/SYN966+1.p		Theorem	UNKNOWN		UNKNOWN		fof		(![X,Y]:(eq(X,Y)<=>![Z]:(a_member_of(Z,X)<=>a_member_of(Z,Y)))=>![A,B]:(eq(A,B)=>eq(B,A)))			
../../TPTP-v7.3.0/Problems/SYN/SYN765-1.p		Satisfiable	UNKNOWN		UNKNOWN		cnf					
../../TPTP-v7.3.0/Problems/SYN/SYN635-1.p		Unsatisfiable	UNKNOWN		UNKNOWN		cnf					
../../TPTP-v7.3.0/Problems/SYN/SYN790-1.p		Satisfiable	UNKNOWN		UNKNOWN		cnf					
../../TPTP-v7.3.0/Problems/SYN/SYN810-1.p		Satisfiable	UNKNOWN		UNKNOWN		cnf					
../../TPTP-v7.3.0/Problems/SYN/SYN326+1.p		Theorem	UNKNOWN		UNKNOWN		fof		(?[X]:![Y,Z]:(((big_f(Y,Z)=>(big_g(Y)=>big_h(X)))=>big_f(X,X))=>(((big_f(Z,X)=>big_g(X))=>big_h(Z))=>(big_f(X,Y)=>big_f(Z,Z)))))			
../../TPTP-v7.3.0/Problems/SYN/SYN293-1.p		Unsatisfiable	UNKNOWN		UNKNOWN		cnf					
../../TPTP-v7.3.0/Problems/SYN/SYN729+1.p		Theorem	UNKNOWN		UNKNOWN		fof		((![X]:?[Y]:(p(X)=>(l(X,g(h(Y)))&p(Y)))&![W]:(p(W)=>(p(g(W))&p(h(W)))))=>![X]:(p(X)=>?[Y]:(l(X,Y)&p(Y))))			
../../TPTP-v7.3.0/Problems/SYN/SYN683-1.p		Unsatisfiable	UNKNOWN		UNKNOWN		cnf					
../../TPTP-v7.3.0/Problems/SYN/SYN123-1.p		Unsatisfiable	UNKNOWN		UNKNOWN		cnf					
../../TPTP-v7.3.0/Problems/SYN/SYN430-1.p		Satisfiable	UNKNOWN		UNKNOWN		cnf					
../../TPTP-v7.3.0/Problems/SYN/SYN463+1.p		CounterSatisfiable	UNKNOWN		UNKNOWN		fof		(~((~hskp0|(ndr1_0&c0_1(a1252)&c2_1(a1252)&~c3_1(a1252)))&(~hskp1|(ndr1_0&c1_1(a1254)&~c2_1(a1254)&~c3_1(a1254)))&(~hskp2|(ndr1_0&c0_1(a1255)&c2_1(a1255)&~c1_1(a1255)))&(~hskp3|(ndr1_0&c3_1(a1256)&~c0_1(a1256)&~c1_1(a1256)))&(~hskp4|(ndr1_0&c2_1(a1257)&c3_1(a1257)&~c1_1(a1257)))&(~hskp5|(ndr1_0&c3_1(a1258)&~c1_1(a1258)&~c2_1(a1258)))&(~hskp6|(ndr1_0&c1_1(a1260)&c2_1(a1260)&~c3_1(a1260)))&(~hskp7|(ndr1_0&c3_1(a1261)&~c0_1(a1261)&~c2_1(a1261)))&(~hskp8|(ndr1_0&c0_1(a1262)&~c2_1(a1262)&~c3_1(a1262)))&(~hskp9|(ndr1_0&c0_1(a1263)&c3_1(a1263)&~c1_1(a1263)))&(~hskp10|(ndr1_0&c1_1(a1264)&c2_1(a1264)&~c0_1(a1264)))&(~hskp11|(ndr1_0&c0_1(a1265)&c1_1(a1265)&~c3_1(a1265)))&(~hskp12|(ndr1_0&c2_1(a1266)&~c0_1(a1266)&~c1_1(a1266)))&(~hskp13|(ndr1_0&c1_1(a1268)&~c0_1(a1268)&~c2_1(a1268)))&(~hskp14|(ndr1_0&c2_1(a1270)&c3_1(a1270)&~c0_1(a1270)))&(~hskp15|(ndr1_0&~c0_1(a1272)&~c2_1(a1272)&~c3_1(a1272)))&(~hskp16|(ndr1_0&c0_1(a1274)&~c1_1(a1274)&~c3_1(a1274)))&(~hskp17|(ndr1_0&c1_1(a1277)&c3_1(a1277)&~c2_1(a1277)))&(~hskp18|(ndr1_0&~c0_1(a1279)&~c1_1(a1279)&~c2_1(a1279)))&(~hskp19|(ndr1_0&c2_1(a1283)&~c1_1(a1283)&~c3_1(a1283)))&(~hskp20|(ndr1_0&c0_1(a1287)&~c1_1(a1287)&~c2_1(a1287)))&(~hskp21|(ndr1_0&c1_1(a1288)&c3_1(a1288)&~c0_1(a1288)))&(~hskp22|(ndr1_0&c0_1(a1291)&c1_1(a1291)&~c2_1(a1291)))&(~hskp23|(ndr1_0&c1_1(a1300)&~c0_1(a1300)&~c3_1(a1300)))&(~hskp24|(ndr1_0&c2_1(a1301)&~c0_1(a1301)&~c3_1(a1301)))&(~hskp25|(ndr1_0&~c0_1(a1303)&~c1_1(a1303)&~c3_1(a1303)))&(~hskp26|(ndr1_0&c0_1(a1250)&c1_1(a1250)&c2_1(a1250)))&(~hskp27|(ndr1_0&c0_1(a1253)&c1_1(a1253)&c3_1(a1253)))&(~hskp28|(ndr1_0&c1_1(a1259)&c2_1(a1259)&c3_1(a1259)))&(~hskp29|(ndr1_0&c0_1(a1280)&c2_1(a1280)&c3_1(a1280)))&(![U]:(ndr1_0=>(c0_1(U)|c1_1(U)|c2_1(U)))|![V]:(ndr1_0=>(c2_1(V)|c3_1(V)|~c0_1(V)))|hskp26)&(![W]:(ndr1_0=>(c0_1(W)|c1_1(W)|c2_1(W)))|hskp26|hskp0)&(![X]:(ndr1_0=>(c0_1(X)|c1_1(X)|c2_1(X)))|hskp27|hskp1)&(![Y]:(ndr1_0=>(c0_1(Y)|c1_1(Y)|c2_1(Y)))|hskp2|hskp3)&(![Z]:(ndr1_0=>(c0_1(Z)|c1_1(Z)|c2_1(Z)))|hskp4|hskp5)&(![X1]:(ndr1_0=>(c0_1(X1)|c1_1(X1)|c3_1(X1)))|hskp28|hskp6)&(![X2]:(ndr1_0=>(c0_1(X2)|c1_1(X2)|~c2_1(X2)))|![X3]:(ndr1_0=>(c0_1(X3)|~c1_1(X3)|~c2_1(X3)))|hskp7)&(![X4]:(ndr1_0=>(c0_1(X4)|c1_1(X4)|~c2_1(X4)))|![X5]:(ndr1_0=>(c0_1(X5)|~c1_1(X5)|~c3_1(X5)))|![X6]:(ndr1_0=>(c2_1(X6)|c3_1(X6)|~c0_1(X6))))&(![X7]:(ndr1_0=>(c0_1(X7)|c1_1(X7)|~c3_1(X7)))|![X8]:(ndr1_0=>(c1_1(X8)|c3_1(X8)|~c0_1(X8)))|hskp8)&(![X9]:(ndr1_0=>(c0_1(X9)|c1_1(X9)|~c3_1(X9)))|![X10]:(ndr1_0=>(c1_1(X10)|~c2_1(X10)|~c3_1(X10)))|hskp9)&(![X11]:(ndr1_0=>(c0_1(X11)|c1_1(X11)|~c3_1(X11)))|![X12]:(ndr1_0=>(c2_1(X12)|~c0_1(X12)|~c3_1(X12)))|hskp10)&(![X13]:(ndr1_0=>(c0_1(X13)|c1_1(X13)|~c3_1(X13)))|hskp11|hskp12)&(![X14]:(ndr1_0=>(c0_1(X14)|c2_1(X14)|c3_1(X14)))|![X15]:(ndr1_0=>(c0_1(X15)|c2_1(X15)|~c3_1(X15)))|hskp3)&(![X16]:(ndr1_0=>(c0_1(X16)|c2_1(X16)|c3_1(X16)))|![X17]:(ndr1_0=>(c0_1(X17)|c3_1(X17)|~c2_1(X17)))|hskp13)&(![X18]:(ndr1_0=>(c0_1(X18)|c2_1(X18)|c3_1(X18)))|![X19]:(ndr1_0=>(c2_1(X19)|c3_1(X19)|~c1_1(X19)))|hskp26)&(![X20]:(ndr1_0=>(c0_1(X20)|c2_1(X20)|~c1_1(X20)))|![X21]:(ndr1_0=>(c0_1(X21)|c2_1(X21)|~c3_1(X21)))|hskp14)&(![X22]:(ndr1_0=>(c0_1(X22)|c2_1(X22)|~c1_1(X22)))|![X23]:(ndr1_0=>(c1_1(X23)|c2_1(X23)|~c0_1(X23)))|![X24]:(ndr1_0=>(c1_1(X24)|~c0_1(X24)|~c2_1(X24))))&(![X25]:(ndr1_0=>(c0_1(X25)|c2_1(X25)|~c1_1(X25)))|hskp10|hskp15)&(![X26]:(ndr1_0=>(c0_1(X26)|c2_1(X26)|~c3_1(X26)))|![X27]:(ndr1_0=>(c0_1(X27)|~c2_1(X27)|~c3_1(X27)))|hskp10)&(![X28]:(ndr1_0=>(c0_1(X28)|c3_1(X28)|~c1_1(X28)))|![X29]:(ndr1_0=>(c1_1(X29)|c3_1(X29)|~c2_1(X29)))|![X30]:(ndr1_0=>(c3_1(X30)|~c1_1(X30)|~c2_1(X30))))&(![X31]:(ndr1_0=>(c0_1(X31)|c3_1(X31)|~c1_1(X31)))|![X32]:(ndr1_0=>(c2_1(X32)|c3_1(X32)|~c1_1(X32)))|hskp16)&(![X33]:(ndr1_0=>(c0_1(X33)|c3_1(X33)|~c1_1(X33)))|![X34]:(ndr1_0=>(c3_1(X34)|~c0_1(X34)|~c2_1(X34)))|hskp4)&(![X35]:(ndr1_0=>(c0_1(X35)|c3_1(X35)|~c1_1(X35)))|hskp27|hskp17)&(![X36]:(ndr1_0=>(c0_1(X36)|c3_1(X36)|~c1_1(X36)))|hskp17|hskp18)&(![X37]:(ndr1_0=>(c0_1(X37)|c3_1(X37)|~c2_1(X37)))|hskp29|hskp6)&(![X38]:(ndr1_0=>(c0_1(X38)|~c1_1(X38)|~c2_1(X38)))|![X39]:(ndr1_0=>(c0_1(X39)|~c2_1(X39)|~c3_1(X39)))|![X40]:(ndr1_0=>(c1_1(X40)|c2_1(X40)|~c3_1(X40))))&(![X41]:(ndr1_0=>(c0_1(X41)|~c1_1(X41)|~c2_1(X41)))|![X42]:(ndr1_0=>(c1_1(X42)|c3_1(X42)|~c0_1(X42)))|![X43]:(ndr1_0=>(c1_1(X43)|~c0_1(X43)|~c3_1(X43))))&(![X44]:(ndr1_0=>(c0_1(X44)|~c1_1(X44)|~c2_1(X44)))|![X45]:(ndr1_0=>(c1_1(X45)|c3_1(X45)|~c2_1(X45)))|hskp4)&(![X46]:(ndr1_0=>(c0_1(X46)|~c1_1(X46)|~c2_1(X46)))|![X47]:(ndr1_0=>(c1_1(X47)|~c0_1(X47)|~c2_1(X47)))|hskp19)&(![X48]:(ndr1_0=>(c0_1(X48)|~c1_1(X48)|~c2_1(X48)))|hskp26|hskp7)&(![X49]:(ndr1_0=>(c0_1(X49)|~c1_1(X49)|~c3_1(X49)))|![X50]:(ndr1_0=>(c1_1(X50)|c3_1(X50)|~c0_1(X50)))|hskp19)&(![X51]:(ndr1_0=>(c0_1(X51)|~c1_1(X51)|~c3_1(X51)))|![X52]:(ndr1_0=>(c3_1(X52)|~c1_1(X52)|~c2_1(X52)))|hskp20)&(![X53]:(ndr1_0=>(c0_1(X53)|~c2_1(X53)|~c3_1(X53)))|hskp21|hskp19)&(![X54]:(ndr1_0=>(c1_1(X54)|c2_1(X54)|c3_1(X54)))|![X55]:(ndr1_0=>(c1_1(X55)|c3_1(X55)|~c0_1(X55)))|hskp1)&(![X56]:(ndr1_0=>(c1_1(X56)|c2_1(X56)|c3_1(X56)))|hskp22|hskp17)&(![X57]:(ndr1_0=>(c1_1(X57)|c2_1(X57)|c3_1(X57)))|hskp6|hskp15)&(![X58]:(ndr1_0=>(c1_1(X58)|c2_1(X58)|~c0_1(X58)))|![X59]:(ndr1_0=>(c2_1(X59)|~c0_1(X59)|~c3_1(X59)))|![X60]:(ndr1_0=>(c3_1(X60)|~c1_1(X60)|~c2_1(X60))))&(![X61]:(ndr1_0=>(c1_1(X61)|c2_1(X61)|~c0_1(X61)))|hskp13|hskp12)&(![X62]:(ndr1_0=>(c1_1(X62)|c2_1(X62)|~c3_1(X62)))|hskp28|hskp13)&(![X63]:(ndr1_0=>(c1_1(X63)|c3_1(X63)|~c0_1(X63)))|![X64]:(ndr1_0=>(~c1_1(X64)|~c2_1(X64)|~c3_1(X64)))|hskp7)&(![X65]:(ndr1_0=>(c1_1(X65)|c3_1(X65)|~c0_1(X65)))|hskp23|hskp24)&(![X66]:(ndr1_0=>(c1_1(X66)|c3_1(X66)|~c2_1(X66)))|hskp10|hskp25)&(![X67]:(ndr1_0=>(c1_1(X67)|c3_1(X67)|~c2_1(X67)))|hskp12|hskp7)&(![X68]:(ndr1_0=>(c1_1(X68)|~c0_1(X68)|~c2_1(X68)))|![X69]:(ndr1_0=>(c2_1(X69)|~c1_1(X69)|~c3_1(X69)))|hskp19)&(![X70]:(ndr1_0=>(c1_1(X70)|~c0_1(X70)|~c3_1(X70)))|hskp2|hskp4)&(![X71]:(ndr1_0=>(c1_1(X71)|~c2_1(X71)|~c3_1(X71)))|![X72]:(ndr1_0=>(c2_1(X72)|c3_1(X72)|~c1_1(X72)))|hskp4)&(![X73]:(ndr1_0=>(c1_1(X73)|~c2_1(X73)|~c3_1(X73)))|hskp19|hskp7)&(![X74]:(ndr1_0=>(c2_1(X74)|c3_1(X74)|~c0_1(X74)))|hskp11|hskp0)&(![X75]:(ndr1_0=>(c2_1(X75)|~c0_1(X75)|~c3_1(X75)))|![X76]:(ndr1_0=>(~c0_1(X76)|~c1_1(X76)|~c2_1(X76)))|hskp12)&(![X77]:(ndr1_0=>(c3_1(X77)|~c0_1(X77)|~c1_1(X77)))|hskp10)&(![X78]:(ndr1_0=>(c3_1(X78)|~c0_1(X78)|~c2_1(X78)))|hskp9|hskp6)&(![X79]:(ndr1_0=>(~c0_1(X79)|~c1_1(X79)|~c3_1(X79)))|![X80]:(ndr1_0=>(~c1_1(X80)|~c2_1(X80)|~c3_1(X80)))|hskp21)&(![X81]:(ndr1_0=>(~c0_1(X81)|~c1_1(X81)|~c3_1(X81)))|hskp29|hskp17)&(![X82]:(ndr1_0=>(~c0_1(X82)|~c1_1(X82)|~c3_1(X82)))|hskp2|hskp20)&(![X83]:(ndr1_0=>(~c1_1(X83)|~c2_1(X83)|~c3_1(X83)))|hskp19|hskp5)&(hskp26|hskp19|hskp18)&(hskp27|hskp24|hskp18)&(hskp20|hskp16|hskp28)&(hskp16|hskp6|hskp17)&(hskp10|hskp21|hskp5)))			
../../TPTP-v7.3.0/Problems/SYN/SYN654-1.p		Unsatisfiable	UNKNOWN		UNKNOWN		cnf					
../../TPTP-v7.3.0/Problems/SYN/SYN459-1.p		Unsatisfiable	UNKNOWN		UNKNOWN		cnf					
../../TPTP-v7.3.0/Problems/SYN/SYN350-1.p		Unsatisfiable	UNKNOWN		UNKNOWN		cnf					
../../TPTP-v7.3.0/Problems/SYN/SYN145-1.p		Unsatisfiable	UNKNOWN		UNKNOWN		cnf					
../../TPTP-v7.3.0/Problems/SYN/SYN205-1.p		Unsatisfiable	UNKNOWN		UNKNOWN		cnf					
../../TPTP-v7.3.0/Problems/SYN/SYN452+1.p		Theorem	UNKNOWN		UNKNOWN		fof		(~((~hskp0|(ndr1_0&c0_1(a815)&c1_1(a815)&~c3_1(a815)))&(~hskp1|(ndr1_0&c0_1(a816)&c3_1(a816)&~c2_1(a816)))&(~hskp2|(ndr1_0&c2_1(a817)&~c0_1(a817)&~c3_1(a817)))&(~hskp3|(ndr1_0&c0_1(a820)&~c1_1(a820)&~c3_1(a820)))&(~hskp4|(ndr1_0&c2_1(a821)&~c0_1(a821)&~c1_1(a821)))&(~hskp5|(ndr1_0&c1_1(a825)&c3_1(a825)&~c0_1(a825)))&(~hskp6|(ndr1_0&c1_1(a827)&c2_1(a827)&~c0_1(a827)))&(~hskp7|(ndr1_0&c0_1(a828)&~c1_1(a828)&~c2_1(a828)))&(~hskp8|(ndr1_0&~c0_1(a830)&~c2_1(a830)&~c3_1(a830)))&(~hskp9|(ndr1_0&c3_1(a831)&~c0_1(a831)&~c1_1(a831)))&(~hskp10|(ndr1_0&c0_1(a834)&c2_1(a834)&~c1_1(a834)))&(~hskp11|(ndr1_0&c2_1(a835)&c3_1(a835)&~c0_1(a835)))&(~hskp12|(ndr1_0&c0_1(a838)&c2_1(a838)&~c3_1(a838)))&(~hskp13|(ndr1_0&c1_1(a839)&c3_1(a839)&~c2_1(a839)))&(~hskp14|(ndr1_0&c0_1(a842)&c1_1(a842)&~c2_1(a842)))&(~hskp15|(ndr1_0&c2_1(a844)&~c1_1(a844)&~c3_1(a844)))&(~hskp16|(ndr1_0&c2_1(a848)&c3_1(a848)&~c1_1(a848)))&(~hskp17|(ndr1_0&c1_1(a852)&~c2_1(a852)&~c3_1(a852)))&(~hskp18|(ndr1_0&c1_1(a854)&~c0_1(a854)&~c2_1(a854)))&(~hskp19|(ndr1_0&~c0_1(a855)&~c1_1(a855)&~c3_1(a855)))&(~hskp20|(ndr1_0&c3_1(a856)&~c1_1(a856)&~c2_1(a856)))&(~hskp21|(ndr1_0&c0_1(a857)&~c2_1(a857)&~c3_1(a857)))&(~hskp22|(ndr1_0&~c0_1(a860)&~c1_1(a860)&~c2_1(a860)))&(~hskp23|(ndr1_0&c0_1(a862)&c3_1(a862)&~c1_1(a862)))&(~hskp24|(ndr1_0&c1_1(a878)&~c0_1(a878)&~c3_1(a878)))&(~hskp25|(ndr1_0&c1_1(a892)&c2_1(a892)&~c3_1(a892)))&(~hskp26|(ndr1_0&c0_1(a818)&c1_1(a818)&c2_1(a818)))&(~hskp27|(ndr1_0&c0_1(a826)&c2_1(a826)&c3_1(a826)))&(~hskp28|(ndr1_0&c0_1(a833)&c1_1(a833)&c3_1(a833)))&(~hskp29|(ndr1_0&c1_1(a865)&c2_1(a865)&c3_1(a865)))&(![U]:(ndr1_0=>(c0_1(U)|c1_1(U)|c2_1(U)))|![V]:(ndr1_0=>(c1_1(V)|c2_1(V)|c3_1(V)))|hskp0)&(![W]:(ndr1_0=>(c0_1(W)|c1_1(W)|c2_1(W)))|![X]:(ndr1_0=>(c1_1(X)|c2_1(X)|~c0_1(X)))|hskp1)&(![Y]:(ndr1_0=>(c0_1(Y)|c1_1(Y)|c2_1(Y)))|![Z]:(ndr1_0=>(c3_1(Z)|~c0_1(Z)|~c2_1(Z)))|hskp2)&(![X1]:(ndr1_0=>(c0_1(X1)|c1_1(X1)|c3_1(X1)))|![X2]:(ndr1_0=>(c0_1(X2)|c1_1(X2)|~c3_1(X2))))&(![X3]:(ndr1_0=>(c0_1(X3)|c1_1(X3)|c3_1(X3)))|hskp26|hskp0)&(![X4]:(ndr1_0=>(c0_1(X4)|c1_1(X4)|~c2_1(X4)))|![X5]:(ndr1_0=>(c0_1(X5)|~c1_1(X5)|~c3_1(X5)))|![X6]:(ndr1_0=>(c3_1(X6)|~c0_1(X6)|~c1_1(X6))))&(![X7]:(ndr1_0=>(c0_1(X7)|c1_1(X7)|~c2_1(X7)))|hskp3|hskp4)&(![X8]:(ndr1_0=>(c0_1(X8)|c1_1(X8)|~c3_1(X8)))|![X9]:(ndr1_0=>(c0_1(X9)|~c1_1(X9)|~c2_1(X9)))|hskp3)&(![X10]:(ndr1_0=>(c0_1(X10)|c1_1(X10)|~c3_1(X10)))|![X11]:(ndr1_0=>(c1_1(X11)|c2_1(X11)|~c3_1(X11)))|hskp2)&(![X12]:(ndr1_0=>(c0_1(X12)|c2_1(X12)|c3_1(X12)))|![X13]:(ndr1_0=>(c0_1(X13)|c2_1(X13)|~c3_1(X13)))|hskp4)&(![X14]:(ndr1_0=>(c0_1(X14)|c2_1(X14)|c3_1(X14)))|![X15]:(ndr1_0=>(c2_1(X15)|c3_1(X15)|~c0_1(X15)))|hskp5)&(![X16]:(ndr1_0=>(c0_1(X16)|c2_1(X16)|c3_1(X16)))|hskp27|hskp6)&(![X17]:(ndr1_0=>(c0_1(X17)|c2_1(X17)|c3_1(X17)))|hskp7|hskp4)&(![X18]:(ndr1_0=>(c0_1(X18)|c2_1(X18)|~c1_1(X18)))|![X19]:(ndr1_0=>(c2_1(X19)|c3_1(X19)|~c0_1(X19)))|hskp8)&(![X20]:(ndr1_0=>(c0_1(X20)|c2_1(X20)|~c1_1(X20)))|![X21]:(ndr1_0=>(c2_1(X21)|~c0_1(X21)|~c3_1(X21)))|![X22]:(ndr1_0=>(c2_1(X22)|~c1_1(X22)|~c3_1(X22))))&(![X23]:(ndr1_0=>(c0_1(X23)|c2_1(X23)|~c1_1(X23)))|![X24]:(ndr1_0=>(c2_1(X24)|~c0_1(X24)|~c3_1(X24)))|hskp9)&(![X25]:(ndr1_0=>(c0_1(X25)|c2_1(X25)|~c3_1(X25)))|![X26]:(ndr1_0=>(c1_1(X26)|~c0_1(X26)|~c3_1(X26)))|![X27]:(ndr1_0=>(c2_1(X27)|~c1_1(X27)|~c3_1(X27))))&(![X28]:(ndr1_0=>(c0_1(X28)|c2_1(X28)|~c3_1(X28)))|hskp26|hskp28)&(![X29]:(ndr1_0=>(c0_1(X29)|c2_1(X29)|~c3_1(X29)))|hskp10|hskp11)&(![X30]:(ndr1_0=>(c0_1(X30)|c3_1(X30)|~c1_1(X30)))|![X31]:(ndr1_0=>(c2_1(X31)|~c0_1(X31)|~c1_1(X31)))|hskp26)&(![X32]:(ndr1_0=>(c0_1(X32)|c3_1(X32)|~c1_1(X32)))|![X33]:(ndr1_0=>(c3_1(X33)|~c0_1(X33)|~c2_1(X33)))|hskp6)&(![X34]:(ndr1_0=>(c0_1(X34)|c3_1(X34)|~c1_1(X34)))|hskp12|hskp13)&(![X35]:(ndr1_0=>(c0_1(X35)|c3_1(X35)|~c2_1(X35)))|![X36]:(ndr1_0=>(c1_1(X36)|c2_1(X36)|c3_1(X36)))|![X37]:(ndr1_0=>(c3_1(X37)|~c1_1(X37)|~c2_1(X37))))&(![X38]:(ndr1_0=>(c0_1(X38)|c3_1(X38)|~c2_1(X38)))|![X39]:(ndr1_0=>(c1_1(X39)|c3_1(X39)|~c2_1(X39)))|hskp2)&(![X40]:(ndr1_0=>(c0_1(X40)|~c1_1(X40)|~c2_1(X40)))|![X41]:(ndr1_0=>(c1_1(X41)|c2_1(X41)|~c3_1(X41)))|![X42]:(ndr1_0=>(c2_1(X42)|~c0_1(X42)|~c1_1(X42))))&(![X43]:(ndr1_0=>(c0_1(X43)|~c1_1(X43)|~c3_1(X43)))|![X44]:(ndr1_0=>(c3_1(X44)|~c0_1(X44)|~c1_1(X44)))|hskp9)&(![X45]:(ndr1_0=>(c0_1(X45)|~c1_1(X45)|~c3_1(X45)))|hskp14|hskp13)&(![X46]:(ndr1_0=>(c0_1(X46)|~c1_1(X46)|~c3_1(X46)))|hskp15|hskp8)&(![X47]:(ndr1_0=>(c0_1(X47)|~c2_1(X47)|~c3_1(X47)))|![X48]:(ndr1_0=>(c1_1(X48)|~c0_1(X48)|~c2_1(X48)))|![X49]:(ndr1_0=>(c2_1(X49)|c3_1(X49)|~c1_1(X49))))&(![X50]:(ndr1_0=>(c1_1(X50)|c2_1(X50)|c3_1(X50)))|![X51]:(ndr1_0=>(c1_1(X51)|c2_1(X51)|~c0_1(X51)))|![X52]:(ndr1_0=>(~c1_1(X52)|~c2_1(X52)|~c3_1(X52))))&(![X53]:(ndr1_0=>(c1_1(X53)|c2_1(X53)|c3_1(X53)))|![X54]:(ndr1_0=>(c1_1(X54)|~c2_1(X54)|~c3_1(X54)))|hskp6)&(![X55]:(ndr1_0=>(c1_1(X55)|c2_1(X55)|c3_1(X55)))|hskp27)&(![X56]:(ndr1_0=>(c1_1(X56)|c2_1(X56)|~c0_1(X56)))|![X57]:(ndr1_0=>(c1_1(X57)|c2_1(X57)|~c3_1(X57)))|![X58]:(ndr1_0=>(~c0_1(X58)|~c1_1(X58)|~c3_1(X58))))&(![X59]:(ndr1_0=>(c1_1(X59)|c2_1(X59)|~c0_1(X59)))|![X60]:(ndr1_0=>(c1_1(X60)|~c2_1(X60)|~c3_1(X60)))|hskp16)&(![X61]:(ndr1_0=>(c1_1(X61)|c2_1(X61)|~c0_1(X61)))|![X62]:(ndr1_0=>(c2_1(X62)|~c0_1(X62)|~c3_1(X62)))|hskp9)&(![X63]:(ndr1_0=>(c1_1(X63)|c2_1(X63)|~c3_1(X63)))|![X64]:(ndr1_0=>(~c0_1(X64)|~c1_1(X64)|~c3_1(X64)))|hskp3)&(![X65]:(ndr1_0=>(c1_1(X65)|c3_1(X65)|~c0_1(X65)))|hskp12|hskp17)&(![X66]:(ndr1_0=>(c1_1(X66)|c3_1(X66)|~c0_1(X66)))|hskp3|hskp18)&(![X67]:(ndr1_0=>(c1_1(X67)|~c0_1(X67)|~c2_1(X67)))|![X68]:(ndr1_0=>(c2_1(X68)|~c0_1(X68)|~c1_1(X68)))|hskp19)&(![X69]:(ndr1_0=>(c1_1(X69)|~c0_1(X69)|~c3_1(X69)))|![X70]:(ndr1_0=>(c1_1(X70)|~c2_1(X70)|~c3_1(X70)))|hskp20)&(![X71]:(ndr1_0=>(c1_1(X71)|~c0_1(X71)|~c3_1(X71)))|hskp21|hskp13)&(![X72]:(ndr1_0=>(c1_1(X72)|~c2_1(X72)|~c3_1(X72)))|hskp14|hskp22)&(![X73]:(ndr1_0=>(c2_1(X73)|c3_1(X73)|~c0_1(X73)))|![X74]:(ndr1_0=>(~c0_1(X74)|~c1_1(X74)|~c3_1(X74)))|hskp15)&(![X75]:(ndr1_0=>(c2_1(X75)|c3_1(X75)|~c1_1(X75)))|![X76]:(ndr1_0=>(c2_1(X76)|~c0_1(X76)|~c3_1(X76)))|hskp23)&(![X77]:(ndr1_0=>(c2_1(X77)|c3_1(X77)|~c1_1(X77)))|hskp1|hskp22)&(![X78]:(ndr1_0=>(c2_1(X78)|~c0_1(X78)|~c1_1(X78)))|hskp29|hskp19)&(![X79]:(ndr1_0=>(c2_1(X79)|~c0_1(X79)|~c3_1(X79)))|![X80]:(ndr1_0=>(~c0_1(X80)|~c1_1(X80)|~c3_1(X80)))|hskp29)&(![X81]:(ndr1_0=>(c3_1(X81)|~c1_1(X81)|~c2_1(X81)))|hskp14|hskp7)&(![X82]:(ndr1_0=>(c3_1(X82)|~c1_1(X82)|~c2_1(X82)))|hskp14|hskp15)&(![X83]:(ndr1_0=>(c3_1(X83)|~c1_1(X83)|~c2_1(X83)))|hskp1|hskp2)&(![X84]:(ndr1_0=>(~c0_1(X84)|~c1_1(X84)|~c3_1(X84)))|![X85]:(ndr1_0=>(~c1_1(X85)|~c2_1(X85)|~c3_1(X85)))|hskp8)&(![X86]:(ndr1_0=>(~c0_1(X86)|~c2_1(X86)|~c3_1(X86)))|hskp23|hskp3)&(hskp28|hskp24|hskp20)&(hskp14|hskp12|hskp11)&(hskp14|hskp24)&(hskp27|hskp18|hskp9)&(hskp27|hskp17|hskp15)&(hskp23|hskp25|hskp5)&(hskp7|hskp5|hskp13)&(hskp13|hskp16|hskp19)))			
../../TPTP-v7.3.0/Problems/SYN/SYN170-1.p		Unsatisfiable	UNKNOWN		UNKNOWN		cnf					
../../TPTP-v7.3.0/Problems/SYN/SYN881-1.p		Unsatisfiable	UNKNOWN		UNKNOWN		cnf					
../../TPTP-v7.3.0/Problems/SYN/SYN961+1.p		Theorem	YES	DTS/Alligator/AlexHappy/output/SYN961+1_dts.html	UNKNOWN		fof		(![A,B]:(![X]:p(X)=>(p(A)&p(B))))			
../../TPTP-v7.3.0/Problems/SYN/SYN566-1.p		Unsatisfiable	UNKNOWN		UNKNOWN		cnf					
../../TPTP-v7.3.0/Problems/SYN/SYN937+1.p		Theorem	UNKNOWN		UNKNOWN		fof		(![X]:(p(X)=>c)<=>(?[X]:p(X)=>c))			
../../TPTP-v7.3.0/Problems/SYN/SYN444+1.p		Theorem	UNKNOWN		UNKNOWN		fof		(~((~hskp0|(ndr1_0&c1_1(a213)&c3_1(a213)&~c2_1(a213)))&(~hskp1|(ndr1_0&c1_1(a214)&c2_1(a214)&~c0_1(a214)))&(~hskp2|(ndr1_0&c2_1(a215)&~c0_1(a215)&~c1_1(a215)))&(~hskp3|(ndr1_0&c3_1(a216)&~c0_1(a216)&~c2_1(a216)))&(~hskp4|(ndr1_0&c3_1(a218)&~c0_1(a218)&~c1_1(a218)))&(~hskp5|(ndr1_0&c2_1(a220)&~c0_1(a220)&~c3_1(a220)))&(~hskp6|(ndr1_0&c0_1(a221)&c1_1(a221)&~c2_1(a221)))&(~hskp7|(ndr1_0&c0_1(a224)&c3_1(a224)&~c1_1(a224)))&(~hskp8|(ndr1_0&c0_1(a225)&~c2_1(a225)&~c3_1(a225)))&(~hskp9|(ndr1_0&c3_1(a228)&~c1_1(a228)&~c2_1(a228)))&(~hskp10|(ndr1_0&c2_1(a229)&c3_1(a229)&~c0_1(a229)))&(~hskp11|(ndr1_0&c2_1(a230)&c3_1(a230)&~c1_1(a230)))&(~hskp12|(ndr1_0&~c0_1(a235)&~c1_1(a235)&~c3_1(a235)))&(~hskp13|(ndr1_0&~c1_1(a236)&~c2_1(a236)&~c3_1(a236)))&(~hskp14|(ndr1_0&c0_1(a237)&c2_1(a237)&~c1_1(a237)))&(~hskp15|(ndr1_0&c0_1(a238)&c2_1(a238)&~c3_1(a238)))&(~hskp16|(ndr1_0&c1_1(a239)&c2_1(a239)&~c3_1(a239)))&(~hskp17|(ndr1_0&~c0_1(a243)&~c1_1(a243)&~c2_1(a243)))&(~hskp18|(ndr1_0&c0_1(a247)&c3_1(a247)&~c2_1(a247)))&(~hskp19|(ndr1_0&c1_1(a252)&~c2_1(a252)&~c3_1(a252)))&(~hskp20|(ndr1_0&c0_1(a259)&c1_1(a259)&~c3_1(a259)))&(~hskp21|(ndr1_0&c1_1(a260)&~c0_1(a260)&~c2_1(a260)))&(~hskp22|(ndr1_0&c1_1(a263)&c3_1(a263)&~c0_1(a263)))&(~hskp23|(ndr1_0&~c0_1(a278)&~c2_1(a278)&~c3_1(a278)))&(~hskp24|(ndr1_0&c0_1(a282)&~c1_1(a282)&~c3_1(a282)))&(~hskp25|(ndr1_0&c1_1(a288)&~c0_1(a288)&~c3_1(a288)))&(~hskp26|(ndr1_0&c1_1(a223)&c2_1(a223)&c3_1(a223)))&(~hskp27|(ndr1_0&c0_1(a232)&c2_1(a232)&c3_1(a232)))&(~hskp28|(ndr1_0&c0_1(a246)&c1_1(a246)&c2_1(a246)))&(![U]:(ndr1_0=>(c0_1(U)|c1_1(U)|c2_1(U)))|![V]:(ndr1_0=>(c0_1(V)|~c1_1(V)|~c3_1(V)))|![W]:(ndr1_0=>(~c0_1(W)|~c1_1(W)|~c2_1(W))))&(![X]:(ndr1_0=>(c0_1(X)|c1_1(X)|c3_1(X)))|![Y]:(ndr1_0=>(c2_1(Y)|~c0_1(Y)|~c3_1(Y)))|hskp0)&(![Z]:(ndr1_0=>(c0_1(Z)|c1_1(Z)|c3_1(Z)))|![X1]:(ndr1_0=>(~c1_1(X1)|~c2_1(X1)|~c3_1(X1)))|hskp1)&(![X2]:(ndr1_0=>(c0_1(X2)|c1_1(X2)|c3_1(X2)))|hskp2|hskp3)&(![X3]:(ndr1_0=>(c0_1(X3)|c1_1(X3)|~c2_1(X3)))|![X4]:(ndr1_0=>(c1_1(X4)|c3_1(X4)|~c2_1(X4)))|![X5]:(ndr1_0=>(c2_1(X5)|~c0_1(X5)|~c1_1(X5))))&(![X6]:(ndr1_0=>(c0_1(X6)|c1_1(X6)|~c2_1(X6)))|hskp1|hskp4)&(![X7]:(ndr1_0=>(c0_1(X7)|c1_1(X7)|~c3_1(X7)))|![X8]:(ndr1_0=>(c0_1(X8)|c2_1(X8)|~c1_1(X8)))|hskp3)&(![X9]:(ndr1_0=>(c0_1(X9)|c1_1(X9)|~c3_1(X9)))|![X10]:(ndr1_0=>(c1_1(X10)|c3_1(X10)|~c2_1(X10)))|![X11]:(ndr1_0=>(c2_1(X11)|~c1_1(X11)|~c3_1(X11))))&(![X12]:(ndr1_0=>(c0_1(X12)|c1_1(X12)|~c3_1(X12)))|![X13]:(ndr1_0=>(c1_1(X13)|~c0_1(X13)|~c2_1(X13)))|hskp5)&(![X14]:(ndr1_0=>(c0_1(X14)|c1_1(X14)|~c3_1(X14)))|![X15]:(ndr1_0=>(~c0_1(X15)|~c1_1(X15)|~c3_1(X15))))&(![X16]:(ndr1_0=>(c0_1(X16)|c2_1(X16)|c3_1(X16)))|![X17]:(ndr1_0=>(c0_1(X17)|c3_1(X17)|~c2_1(X17)))|![X18]:(ndr1_0=>(~c0_1(X18)|~c2_1(X18)|~c3_1(X18))))&(![X19]:(ndr1_0=>(c0_1(X19)|c2_1(X19)|c3_1(X19)))|![X20]:(ndr1_0=>(c0_1(X20)|~c2_1(X20)|~c3_1(X20)))|hskp6)&(![X21]:(ndr1_0=>(c0_1(X21)|c2_1(X21)|c3_1(X21)))|![X22]:(ndr1_0=>(c2_1(X22)|c3_1(X22)|~c0_1(X22)))|hskp0)&(![X23]:(ndr1_0=>(c0_1(X23)|c2_1(X23)|c3_1(X23)))|![X24]:(ndr1_0=>(c3_1(X24)|~c1_1(X24)|~c2_1(X24)))|hskp26)&(![X25]:(ndr1_0=>(c0_1(X25)|c2_1(X25)|c3_1(X25)))|![X26]:(ndr1_0=>(~c0_1(X26)|~c1_1(X26)|~c3_1(X26)))|hskp7)&(![X27]:(ndr1_0=>(c0_1(X27)|c2_1(X27)|c3_1(X27)))|hskp8|hskp0)&(![X28]:(ndr1_0=>(c0_1(X28)|c2_1(X28)|~c1_1(X28)))|hskp1|hskp9)&(![X29]:(ndr1_0=>(c0_1(X29)|c2_1(X29)|~c1_1(X29)))|hskp10|hskp11)&(![X30]:(ndr1_0=>(c0_1(X30)|c2_1(X30)|~c3_1(X30)))|![X31]:(ndr1_0=>(c1_1(X31)|c2_1(X31)|~c0_1(X31)))|![X32]:(ndr1_0=>(c2_1(X32)|~c1_1(X32)|~c3_1(X32))))&(![X33]:(ndr1_0=>(c0_1(X33)|c2_1(X33)|~c3_1(X33)))|![X34]:(ndr1_0=>(c1_1(X34)|~c2_1(X34)|~c3_1(X34)))|![X35]:(ndr1_0=>(c2_1(X35)|c3_1(X35)|~c0_1(X35))))&(![X36]:(ndr1_0=>(c0_1(X36)|c3_1(X36)|~c1_1(X36)))|![X37]:(ndr1_0=>(c0_1(X37)|~c1_1(X37)|~c2_1(X37)))|hskp4)&(![X38]:(ndr1_0=>(c0_1(X38)|c3_1(X38)|~c1_1(X38)))|![X39]:(ndr1_0=>(c3_1(X39)|~c0_1(X39)|~c1_1(X39)))|![X40]:(ndr1_0=>(~c0_1(X40)|~c1_1(X40)|~c2_1(X40))))&(![X41]:(ndr1_0=>(c0_1(X41)|c3_1(X41)|~c2_1(X41)))|![X42]:(ndr1_0=>(c1_1(X42)|~c0_1(X42)|~c3_1(X42)))|hskp27)&(![X43]:(ndr1_0=>(c0_1(X43)|c3_1(X43)|~c2_1(X43)))|![X44]:(ndr1_0=>(c3_1(X44)|~c0_1(X44)|~c1_1(X44)))|hskp9)&(![X45]:(ndr1_0=>(c0_1(X45)|~c1_1(X45)|~c2_1(X45)))|![X46]:(ndr1_0=>(c1_1(X46)|c3_1(X46)|~c0_1(X46)))|![X47]:(ndr1_0=>(c1_1(X47)|c3_1(X47)|~c2_1(X47))))&(![X48]:(ndr1_0=>(c0_1(X48)|~c1_1(X48)|~c2_1(X48)))|hskp10|hskp12)&(![X49]:(ndr1_0=>(c0_1(X49)|~c1_1(X49)|~c3_1(X49)))|![X50]:(ndr1_0=>(c1_1(X50)|~c2_1(X50)|~c3_1(X50)))|hskp13)&(![X51]:(ndr1_0=>(c0_1(X51)|~c1_1(X51)|~c3_1(X51)))|hskp14|hskp15)&(![X52]:(ndr1_0=>(c0_1(X52)|~c1_1(X52)|~c3_1(X52)))|hskp16|hskp2)&(![X53]:(ndr1_0=>(c0_1(X53)|~c2_1(X53)|~c3_1(X53)))|![X54]:(ndr1_0=>(c1_1(X54)|c2_1(X54)|~c0_1(X54)))|![X55]:(ndr1_0=>(~c1_1(X55)|~c2_1(X55)|~c3_1(X55))))&(![X56]:(ndr1_0=>(c0_1(X56)|~c2_1(X56)|~c3_1(X56)))|![X57]:(ndr1_0=>(c2_1(X57)|~c0_1(X57)|~c3_1(X57)))|hskp6)&(![X58]:(ndr1_0=>(c1_1(X58)|c2_1(X58)|c3_1(X58)))|![X59]:(ndr1_0=>(~c0_1(X59)|~c2_1(X59)|~c3_1(X59)))|hskp0)&(![X60]:(ndr1_0=>(c1_1(X60)|c2_1(X60)|c3_1(X60)))|![X61]:(ndr1_0=>(~c0_1(X61)|~c2_1(X61)|~c3_1(X61)))|hskp17)&(![X62]:(ndr1_0=>(c1_1(X62)|c2_1(X62)|~c0_1(X62)))|![X63]:(ndr1_0=>(~c0_1(X63)|~c2_1(X63)|~c3_1(X63)))|hskp11)&(![X64]:(ndr1_0=>(c1_1(X64)|c2_1(X64)|~c3_1(X64)))|![X65]:(ndr1_0=>(c2_1(X65)|~c1_1(X65)|~c3_1(X65)))|hskp26)&(![X66]:(ndr1_0=>(c1_1(X66)|c3_1(X66)|~c2_1(X66)))|![X67]:(ndr1_0=>(c2_1(X67)|~c0_1(X67)|~c1_1(X67)))|hskp28)&(![X68]:(ndr1_0=>(c1_1(X68)|c3_1(X68)|~c2_1(X68)))|![X69]:(ndr1_0=>(c2_1(X69)|~c1_1(X69)|~c3_1(X69)))|hskp18)&(![X70]:(ndr1_0=>(c1_1(X70)|~c0_1(X70)|~c2_1(X70)))|hskp28|hskp15)&(![X71]:(ndr1_0=>(c1_1(X71)|~c0_1(X71)|~c2_1(X71)))|hskp28|hskp18)&(![X72]:(ndr1_0=>(c1_1(X72)|~c0_1(X72)|~c3_1(X72)))|![X73]:(ndr1_0=>(c1_1(X73)|~c2_1(X73)|~c3_1(X73)))|hskp19)&(![X74]:(ndr1_0=>(c1_1(X74)|~c2_1(X74)|~c3_1(X74)))|![X75]:(ndr1_0=>(c2_1(X75)|c3_1(X75)|~c0_1(X75)))|hskp27)&(![X76]:(ndr1_0=>(c2_1(X76)|c3_1(X76)|~c0_1(X76)))|hskp15|hskp0)&(![X77]:(ndr1_0=>(c2_1(X77)|~c0_1(X77)|~c1_1(X77)))|![X78]:(ndr1_0=>(~c1_1(X78)|~c2_1(X78)|~c3_1(X78)))|hskp26)&(![X79]:(ndr1_0=>(c2_1(X79)|~c0_1(X79)|~c1_1(X79)))|hskp6|hskp18)&(![X80]:(ndr1_0=>(c2_1(X80)|~c0_1(X80)|~c1_1(X80)))|hskp20|hskp21)&(![X81]:(ndr1_0=>(c2_1(X81)|~c1_1(X81)|~c3_1(X81)))|hskp20|hskp13)&(![X82]:(ndr1_0=>(c2_1(X82)|~c1_1(X82)|~c3_1(X82)))|hskp22|hskp12)&(![X83]:(ndr1_0=>(c3_1(X83)|~c0_1(X83)|~c1_1(X83)))|![X84]:(ndr1_0=>(~c0_1(X84)|~c1_1(X84)|~c3_1(X84)))|hskp3)&(![X85]:(ndr1_0=>(c3_1(X85)|~c0_1(X85)|~c1_1(X85)))|hskp8|hskp3)&(![X86]:(ndr1_0=>(c3_1(X86)|~c0_1(X86)|~c1_1(X86)))|hskp0|hskp12)&(![X87]:(ndr1_0=>(c3_1(X87)|~c0_1(X87)|~c1_1(X87)))|hskp4|hskp13)&(![X88]:(ndr1_0=>(c3_1(X88)|~c0_1(X88)|~c2_1(X88)))|hskp27)&(![X89]:(ndr1_0=>(~c0_1(X89)|~c1_1(X89)|~c2_1(X89)))|![X90]:(ndr1_0=>(~c0_1(X90)|~c1_1(X90)|~c3_1(X90)))|hskp20)&(![X91]:(ndr1_0=>(~c1_1(X91)|~c2_1(X91)|~c3_1(X91)))|hskp5|hskp3)&(hskp20|hskp18|hskp23)&(hskp15|hskp7|hskp11)&(hskp24|hskp8|hskp10)&(hskp16|hskp9|hskp23)&(hskp25|hskp2|hskp3)&(hskp10|hskp11|hskp13)))			
../../TPTP-v7.3.0/Problems/SYN/SYN456-1.p		Satisfiable	UNKNOWN		UNKNOWN		cnf					
../../TPTP-v7.3.0/Problems/SYN/SYN612-1.p		Unsatisfiable	UNKNOWN		UNKNOWN		cnf					
../../TPTP-v7.3.0/Problems/SYN/SYN806-1.p		Satisfiable	UNKNOWN		UNKNOWN		cnf					
../../TPTP-v7.3.0/Problems/SYN/SYN964+1.p		Theorem	YES	DTS/Alligator/AlexHappy/output/SYN964+1_dts.html	UNKNOWN		fof		(?[X]:p(X)=>?[Z]:p(Z))			
../../TPTP-v7.3.0/Problems/SYN/SYN927+1.p		Theorem	YES	DTS/Alligator/AlexHappy/output/SYN927+1_dts.html	UNKNOWN		fof		(![Y]:(![X]:p(X)=>p(Y)))			
../../TPTP-v7.3.0/Problems/SYN/SYN611-1.p		Unsatisfiable	UNKNOWN		UNKNOWN		cnf					
../../TPTP-v7.3.0/Problems/SYN/SYN354-1.p		Unsatisfiable	UNKNOWN		UNKNOWN		cnf					
../../TPTP-v7.3.0/Problems/SYN/SYN526+1.p		CounterSatisfiable	UNKNOWN		UNKNOWN		fof		(~(~c2_0&(![U]:(ndr1_0=>(c3_1(U)|![V]:(ndr1_1(U)=>(~c3_2(U,V)|~c1_2(U,V)))|~c1_1(U)))|![W]:(ndr1_0=>(c1_1(W)|(ndr1_1(W)&~c3_2(W,a218)&c5_2(W,a218)&c1_2(W,a218))))|~c5_0)&(c5_0|c4_0|![X]:(ndr1_0=>((ndr1_1(X)&~c1_2(X,a219)&~c2_2(X,a219)&~c3_2(X,a219))|~c2_1(X)|c4_1(X))))&(~c4_0|![Y]:(ndr1_0=>((ndr1_1(Y)&~c3_2(Y,a220)&c1_2(Y,a220)&c4_2(Y,a220))|![Z]:(ndr1_1(Y)=>(c4_2(Y,Z)|c3_2(Y,Z)|~c2_2(Y,Z)))|~c2_1(Y)))|![X1]:(ndr1_0=>(c2_1(X1)|![X2]:(ndr1_1(X1)=>(c2_2(X1,X2)|~c5_2(X1,X2)|~c1_2(X1,X2)))|c5_1(X1))))&(c5_0|(ndr1_0&ndr1_1(a221)&c1_2(a221,a222)&~c5_2(a221,a222)&![X3]:(ndr1_1(a221)=>(~c2_2(a221,X3)|~c1_2(a221,X3)|c5_2(a221,X3))))|c4_0)&(c5_0|~c3_0)&((ndr1_0&c2_1(a223)&ndr1_1(a223)&c4_2(a223,a224)&~c5_2(a223,a224)&c2_2(a223,a224)&c5_1(a223))|~c5_0|(ndr1_0&ndr1_1(a225)&c1_2(a225,a226)&~c3_2(a225,a226)&c4_1(a225)))&(~c3_0|![X4]:(ndr1_0=>(c5_1(X4)|(ndr1_1(X4)&c4_2(X4,a227)&~c5_2(X4,a227)&c1_2(X4,a227))|(ndr1_1(X4)&~c2_2(X4,a228)&c1_2(X4,a228))))|(ndr1_0&![X5]:(ndr1_1(a229)=>(~c5_2(a229,X5)|~c4_2(a229,X5)|~c3_2(a229,X5)))&~c4_1(a229)&![X6]:(ndr1_1(a229)=>(c5_2(a229,X6)|c4_2(a229,X6)|~c1_2(a229,X6)))))&(~c1_0|~c5_0|~c3_0)&((ndr1_0&c2_1(a230)&c3_1(a230)&ndr1_1(a230)&~c1_2(a230,a231)&~c5_2(a230,a231))|~c4_0|![X7]:(ndr1_0=>(~c2_1(X7)|c5_1(X7))))&(~c5_0|c3_0|(ndr1_0&~c4_1(a232)&~c3_1(a232)))&(![X8]:(ndr1_0=>((ndr1_1(X8)&c3_2(X8,a233)&c2_2(X8,a233)&~c5_2(X8,a233))|c4_1(X8)|~c2_1(X8)))|![X9]:(ndr1_0=>((ndr1_1(X9)&~c5_2(X9,a234)&c4_2(X9,a234))|~c1_1(X9)|![X10]:(ndr1_1(X9)=>(~c2_2(X9,X10)|~c4_2(X9,X10)|~c5_2(X9,X10)))))|![X11]:(ndr1_0=>((ndr1_1(X11)&c4_2(X11,a235)&~c5_2(X11,a235)&c1_2(X11,a235))|c5_1(X11))))&((ndr1_0&~c4_1(a236)&![X12]:(ndr1_1(a236)=>(c3_2(a236,X12)|c5_2(a236,X12)|~c4_2(a236,X12)))&c3_1(a236))|~c3_0|(ndr1_0&![X13]:(ndr1_1(a237)=>(c4_2(a237,X13)|~c5_2(a237,X13)))&![X14]:(ndr1_1(a237)=>(~c3_2(a237,X14)|~c2_2(a237,X14)|c5_2(a237,X14)))&c2_1(a237)))&(![X15]:(ndr1_0=>((ndr1_1(X15)&c3_2(X15,a238)&c1_2(X15,a238)&~c2_2(X15,a238))|~c2_1(X15)))|![X16]:(ndr1_0=>(~c4_1(X16)|(ndr1_1(X16)&~c5_2(X16,a239)&~c4_2(X16,a239)&c2_2(X16,a239))|~c3_1(X16)))|(ndr1_0&~c2_1(a240)&c3_1(a240)&ndr1_1(a240)&c3_2(a240,a241)&~c5_2(a240,a241)&~c1_2(a240,a241)))&((ndr1_0&~c3_1(a242)&~c2_1(a242)&~c4_1(a242))|![X17]:(ndr1_0=>((ndr1_1(X17)&c1_2(X17,a243)&~c5_2(X17,a243))|c4_1(X17)))|~c4_0)&(~c5_0|![X18]:(ndr1_0=>(~c5_1(X18)|(ndr1_1(X18)&~c3_2(X18,a244)&c5_2(X18,a244)&c2_2(X18,a244))|![X19]:(ndr1_1(X18)=>(c3_2(X18,X19)|~c5_2(X18,X19)|c4_2(X18,X19))))))&((ndr1_0&![X20]:(ndr1_1(a245)=>(c5_2(a245,X20)|~c3_2(a245,X20)))&![X21]:(ndr1_1(a245)=>(c1_2(a245,X21)|~c4_2(a245,X21)|c5_2(a245,X21)))&~c5_1(a245))|![X22]:(ndr1_0=>(c1_1(X22)|(ndr1_1(X22)&~c1_2(X22,a246)&~c2_2(X22,a246)&~c3_2(X22,a246))|c3_1(X22)))|(ndr1_0&![X23]:(ndr1_1(a247)=>(~c3_2(a247,X23)|c1_2(a247,X23)))&~c3_1(a247)))&((ndr1_0&ndr1_1(a248)&c4_2(a248,a249)&c2_2(a248,a249)&~c1_2(a248,a249)&c3_1(a248))|c3_0)&(![X24]:(ndr1_0=>(c4_1(X24)|(ndr1_1(X24)&c4_2(X24,a250)&~c5_2(X24,a250))|~c3_1(X24)))|![X25]:(ndr1_0=>(![X26]:(ndr1_1(X25)=>(~c4_2(X25,X26)|~c1_2(X25,X26)|~c5_2(X25,X26)))|~c2_1(X25)|c5_1(X25))))&(~c1_0|~c4_0|![X27]:(ndr1_0=>(c2_1(X27)|c3_1(X27)|c4_1(X27))))))			
../../TPTP-v7.3.0/Problems/SYN/SYN135-1.p		Unsatisfiable	UNKNOWN		UNKNOWN		cnf					
../../TPTP-v7.3.0/Problems/SYN/SYN620-1.p		Unsatisfiable	UNKNOWN		UNKNOWN		cnf					
../../TPTP-v7.3.0/Problems/SYN/SYN487+1.p		Theorem	UNKNOWN		UNKNOWN		fof		(~((~hskp0|(ndr1_0&c1_1(a2276)&c3_1(a2276)&~c0_1(a2276)))&(~hskp1|(ndr1_0&c0_1(a2277)&c1_1(a2277)&~c2_1(a2277)))&(~hskp2|(ndr1_0&c0_1(a2279)&~c2_1(a2279)&~c3_1(a2279)))&(~hskp3|(ndr1_0&c1_1(a2280)&c3_1(a2280)&~c2_1(a2280)))&(~hskp4|(ndr1_0&c2_1(a2282)&~c0_1(a2282)&~c3_1(a2282)))&(~hskp5|(ndr1_0&~c0_1(a2284)&~c1_1(a2284)&~c3_1(a2284)))&(~hskp6|(ndr1_0&c0_1(a2285)&c1_1(a2285)&~c3_1(a2285)))&(~hskp7|(ndr1_0&c1_1(a2286)&~c0_1(a2286)&~c2_1(a2286)))&(~hskp8|(ndr1_0&c0_1(a2287)&c2_1(a2287)&~c1_1(a2287)))&(~hskp9|(ndr1_0&~c0_1(a2291)&~c1_1(a2291)&~c2_1(a2291)))&(~hskp10|(ndr1_0&c0_1(a2293)&c2_1(a2293)&~c3_1(a2293)))&(~hskp11|(ndr1_0&c0_1(a2294)&~c1_1(a2294)&~c2_1(a2294)))&(~hskp12|(ndr1_0&c0_1(a2295)&~c1_1(a2295)&~c3_1(a2295)))&(~hskp13|(ndr1_0&c2_1(a2299)&~c1_1(a2299)&~c3_1(a2299)))&(~hskp14|(ndr1_0&c2_1(a2302)&c3_1(a2302)&~c0_1(a2302)))&(~hskp15|(ndr1_0&c1_1(a2303)&c2_1(a2303)&~c3_1(a2303)))&(~hskp16|(ndr1_0&~c0_1(a2304)&~c2_1(a2304)&~c3_1(a2304)))&(~hskp17|(ndr1_0&~c1_1(a2306)&~c2_1(a2306)&~c3_1(a2306)))&(~hskp18|(ndr1_0&c3_1(a2308)&~c1_1(a2308)&~c2_1(a2308)))&(~hskp19|(ndr1_0&c1_1(a2316)&~c2_1(a2316)&~c3_1(a2316)))&(~hskp20|(ndr1_0&c2_1(a2323)&c3_1(a2323)&~c1_1(a2323)))&(~hskp21|(ndr1_0&c1_1(a2324)&~c0_1(a2324)&~c3_1(a2324)))&(~hskp22|(ndr1_0&c2_1(a2325)&~c0_1(a2325)&~c1_1(a2325)))&(~hskp23|(ndr1_0&c3_1(a2327)&~c0_1(a2327)&~c2_1(a2327)))&(~hskp24|(ndr1_0&c0_1(a2337)&c3_1(a2337)&~c1_1(a2337)))&(~hskp25|(ndr1_0&c0_1(a2342)&c3_1(a2342)&~c2_1(a2342)))&(~hskp26|(ndr1_0&c3_1(a2345)&~c0_1(a2345)&~c1_1(a2345)))&(~hskp27|(ndr1_0&c1_1(a2367)&c2_1(a2367)&~c0_1(a2367)))&(~hskp28|(ndr1_0&c0_1(a2278)&c1_1(a2278)&c3_1(a2278)))&(~hskp29|(ndr1_0&c0_1(a2309)&c1_1(a2309)&c2_1(a2309)))&(~hskp30|(ndr1_0&c1_1(a2315)&c2_1(a2315)&c3_1(a2315)))&(~hskp31|(ndr1_0&c0_1(a2387)&c2_1(a2387)&c3_1(a2387)))&(![U]:(ndr1_0=>(c0_1(U)|c1_1(U)|c2_1(U)))|![V]:(ndr1_0=>(c0_1(V)|c1_1(V)|~c3_1(V)))|hskp0)&(![W]:(ndr1_0=>(c0_1(W)|c1_1(W)|c2_1(W)))|![X]:(ndr1_0=>(c1_1(X)|c3_1(X)|~c2_1(X)))|hskp1)&(![Y]:(ndr1_0=>(c0_1(Y)|c1_1(Y)|c2_1(Y)))|![Z]:(ndr1_0=>(c2_1(Z)|~c1_1(Z)|~c3_1(Z)))|hskp28)&(![X1]:(ndr1_0=>(c0_1(X1)|c1_1(X1)|c2_1(X1)))|hskp2|hskp3)&(![X2]:(ndr1_0=>(c0_1(X2)|c1_1(X2)|c2_1(X2)))|hskp0|hskp4)&(![X3]:(ndr1_0=>(c0_1(X3)|c1_1(X3)|~c2_1(X3)))|![X4]:(ndr1_0=>(c1_1(X4)|~c2_1(X4)|~c3_1(X4)))|![X5]:(ndr1_0=>(c2_1(X5)|~c1_1(X5)|~c3_1(X5))))&(![X6]:(ndr1_0=>(c0_1(X6)|c1_1(X6)|~c2_1(X6)))|![X7]:(ndr1_0=>(c2_1(X7)|~c1_1(X7)|~c3_1(X7)))|hskp1)&(![X8]:(ndr1_0=>(c0_1(X8)|c1_1(X8)|~c3_1(X8)))|![X9]:(ndr1_0=>(c3_1(X9)|~c0_1(X9)|~c2_1(X9)))|hskp5)&(![X10]:(ndr1_0=>(c0_1(X10)|c1_1(X10)|~c3_1(X10)))|hskp6|hskp7)&(![X11]:(ndr1_0=>(c0_1(X11)|c1_1(X11)|~c3_1(X11)))|hskp8|hskp7)&(![X12]:(ndr1_0=>(c0_1(X12)|c2_1(X12)|c3_1(X12)))|![X13]:(ndr1_0=>(c0_1(X13)|c2_1(X13)|~c3_1(X13)))|![X14]:(ndr1_0=>(c0_1(X14)|~c1_1(X14)|~c2_1(X14))))&(![X15]:(ndr1_0=>(c0_1(X15)|c2_1(X15)|c3_1(X15)))|![X16]:(ndr1_0=>(c1_1(X16)|c3_1(X16)|~c0_1(X16)))|hskp5)&(![X17]:(ndr1_0=>(c0_1(X17)|c2_1(X17)|c3_1(X17)))|hskp28|hskp9)&(![X18]:(ndr1_0=>(c0_1(X18)|c2_1(X18)|c3_1(X18)))|hskp6|hskp10)&(![X19]:(ndr1_0=>(c0_1(X19)|c2_1(X19)|c3_1(X19)))|hskp11|hskp12)&(![X20]:(ndr1_0=>(c0_1(X20)|c2_1(X20)|~c1_1(X20)))|hskp28|hskp8)&(![X21]:(ndr1_0=>(c0_1(X21)|c2_1(X21)|~c3_1(X21)))|hskp4|hskp13)&(![X22]:(ndr1_0=>(c0_1(X22)|c3_1(X22)|~c1_1(X22)))|![X23]:(ndr1_0=>(c2_1(X23)|c3_1(X23)|~c0_1(X23)))|hskp11)&(![X24]:(ndr1_0=>(c0_1(X24)|c3_1(X24)|~c1_1(X24)))|hskp1|hskp14)&(![X25]:(ndr1_0=>(c0_1(X25)|c3_1(X25)|~c1_1(X25)))|hskp15|hskp16)&(![X26]:(ndr1_0=>(c0_1(X26)|c3_1(X26)|~c2_1(X26)))|hskp14|hskp17)&(![X27]:(ndr1_0=>(c0_1(X27)|~c1_1(X27)|~c2_1(X27)))|![X28]:(ndr1_0=>(c2_1(X28)|c3_1(X28)|~c1_1(X28)))|hskp17)&(![X29]:(ndr1_0=>(c0_1(X29)|~c1_1(X29)|~c2_1(X29)))|![X30]:(ndr1_0=>(c3_1(X30)|~c0_1(X30)|~c2_1(X30)))|![X31]:(ndr1_0=>(c3_1(X31)|~c1_1(X31)|~c2_1(X31))))&(![X32]:(ndr1_0=>(c0_1(X32)|~c1_1(X32)|~c2_1(X32)))|![X33]:(ndr1_0=>(~c0_1(X33)|~c2_1(X33)|~c3_1(X33)))|hskp18)&(![X34]:(ndr1_0=>(c0_1(X34)|~c1_1(X34)|~c2_1(X34)))|hskp29|hskp8)&(![X35]:(ndr1_0=>(c0_1(X35)|~c1_1(X35)|~c3_1(X35)))|![X36]:(ndr1_0=>(c0_1(X36)|~c2_1(X36)|~c3_1(X36)))|hskp0)&(![X37]:(ndr1_0=>(c0_1(X37)|~c1_1(X37)|~c3_1(X37)))|hskp14|hskp17)&(![X38]:(ndr1_0=>(c0_1(X38)|~c2_1(X38)|~c3_1(X38)))|![X39]:(ndr1_0=>(c1_1(X39)|c3_1(X39)|~c0_1(X39)))|hskp8)&(![X40]:(ndr1_0=>(c0_1(X40)|~c2_1(X40)|~c3_1(X40)))|![X41]:(ndr1_0=>(c1_1(X41)|c3_1(X41)|~c2_1(X41)))|hskp30)&(![X42]:(ndr1_0=>(c0_1(X42)|~c2_1(X42)|~c3_1(X42)))|![X43]:(ndr1_0=>(c2_1(X43)|c3_1(X43)|~c1_1(X43)))|hskp19)&(![X44]:(ndr1_0=>(c0_1(X44)|~c2_1(X44)|~c3_1(X44)))|hskp29|hskp8)&(![X45]:(ndr1_0=>(c0_1(X45)|~c2_1(X45)|~c3_1(X45)))|hskp12|hskp13)&(![X46]:(ndr1_0=>(c0_1(X46)|~c2_1(X46)|~c3_1(X46)))|hskp30|hskp19)&(![X47]:(ndr1_0=>(c0_1(X47)|~c2_1(X47)|~c3_1(X47)))|hskp20)&(![X48]:(ndr1_0=>(c1_1(X48)|c2_1(X48)|c3_1(X48)))|![X49]:(ndr1_0=>(c2_1(X49)|~c0_1(X49)|~c3_1(X49)))|![X50]:(ndr1_0=>(~c0_1(X50)|~c1_1(X50)|~c2_1(X50))))&(![X51]:(ndr1_0=>(c1_1(X51)|c2_1(X51)|c3_1(X51)))|hskp21|hskp22)&(![X52]:(ndr1_0=>(c1_1(X52)|c2_1(X52)|~c0_1(X52)))|![X53]:(ndr1_0=>(~c0_1(X53)|~c2_1(X53)|~c3_1(X53)))|hskp0)&(![X54]:(ndr1_0=>(c1_1(X54)|c3_1(X54)|~c0_1(X54)))|![X55]:(ndr1_0=>(c2_1(X55)|c3_1(X55)|~c0_1(X55)))|hskp23)&(![X56]:(ndr1_0=>(c1_1(X56)|c3_1(X56)|~c0_1(X56)))|![X57]:(ndr1_0=>(~c0_1(X57)|~c1_1(X57)|~c2_1(X57)))|hskp1)&(![X58]:(ndr1_0=>(c1_1(X58)|c3_1(X58)|~c0_1(X58)))|hskp12)&(![X59]:(ndr1_0=>(c1_1(X59)|c3_1(X59)|~c2_1(X59)))|![X60]:(ndr1_0=>(c3_1(X60)|~c0_1(X60)|~c1_1(X60)))|hskp23)&(![X61]:(ndr1_0=>(c1_1(X61)|c3_1(X61)|~c2_1(X61)))|![X62]:(ndr1_0=>(~c0_1(X62)|~c1_1(X62)|~c3_1(X62)))|hskp0)&(![X63]:(ndr1_0=>(c1_1(X63)|~c0_1(X63)|~c2_1(X63)))|![X64]:(ndr1_0=>(c3_1(X64)|~c0_1(X64)|~c2_1(X64)))|hskp12)&(![X65]:(ndr1_0=>(c1_1(X65)|~c0_1(X65)|~c3_1(X65)))|![X66]:(ndr1_0=>(c2_1(X66)|~c0_1(X66)|~c1_1(X66)))|![X67]:(ndr1_0=>(~c0_1(X67)|~c1_1(X67)|~c3_1(X67))))&(![X68]:(ndr1_0=>(c1_1(X68)|~c0_1(X68)|~c3_1(X68)))|hskp19|hskp4)&(![X69]:(ndr1_0=>(c1_1(X69)|~c2_1(X69)|~c3_1(X69)))|hskp1|hskp4)&(![X70]:(ndr1_0=>(c1_1(X70)|~c2_1(X70)|~c3_1(X70)))|hskp24|hskp21)&(![X71]:(ndr1_0=>(c1_1(X71)|~c2_1(X71)|~c3_1(X71)))|hskp3|hskp4)&(![X72]:(ndr1_0=>(c2_1(X72)|c3_1(X72)|~c0_1(X72)))|![X73]:(ndr1_0=>(c2_1(X73)|~c0_1(X73)|~c1_1(X73)))|hskp14)&(![X74]:(ndr1_0=>(c2_1(X74)|c3_1(X74)|~c0_1(X74)))|![X75]:(ndr1_0=>(c3_1(X75)|~c0_1(X75)|~c2_1(X75)))|hskp25)&(![X76]:(ndr1_0=>(c2_1(X76)|c3_1(X76)|~c0_1(X76)))|hskp24|hskp25)&(![X77]:(ndr1_0=>(c2_1(X77)|c3_1(X77)|~c1_1(X77)))|![X78]:(ndr1_0=>(~c0_1(X78)|~c1_1(X78)|~c3_1(X78)))|hskp26)&(![X79]:(ndr1_0=>(c2_1(X79)|~c0_1(X79)|~c3_1(X79)))|hskp12|hskp19)&(![X80]:(ndr1_0=>(c2_1(X80)|~c1_1(X80)|~c3_1(X80)))|hskp30|hskp21)&(![X81]:(ndr1_0=>(c3_1(X81)|~c0_1(X81)|~c1_1(X81)))|![X82]:(ndr1_0=>(~c0_1(X82)|~c2_1(X82)|~c3_1(X82)))|hskp3)&(![X83]:(ndr1_0=>(c3_1(X83)|~c0_1(X83)|~c1_1(X83)))|hskp21|hskp16)&(![X84]:(ndr1_0=>(c3_1(X84)|~c0_1(X84)|~c2_1(X84)))|hskp2|hskp4)&(![X85]:(ndr1_0=>(c3_1(X85)|~c0_1(X85)|~c2_1(X85)))|hskp30|hskp16)&(![X86]:(ndr1_0=>(c3_1(X86)|~c1_1(X86)|~c2_1(X86)))|hskp7|hskp19)&(![X87]:(ndr1_0=>(~c0_1(X87)|~c1_1(X87)|~c2_1(X87)))|hskp2|hskp18)&(![X88]:(ndr1_0=>(~c0_1(X88)|~c1_1(X88)|~c2_1(X88)))|hskp13|hskp18)&(![X89]:(ndr1_0=>(~c1_1(X89)|~c2_1(X89)|~c3_1(X89)))|hskp8|hskp5)&(![X90]:(ndr1_0=>(~c1_1(X90)|~c2_1(X90)|~c3_1(X90)))|hskp25|hskp23)&(![X91]:(ndr1_0=>(~c1_1(X91)|~c2_1(X91)|~c3_1(X91)))|hskp27|hskp9)&(hskp29|hskp27|hskp3)&(hskp28|hskp0|hskp13)&(hskp28|hskp26|hskp16)&(hskp1|hskp14|hskp20)&(hskp6|hskp11|hskp30)&(hskp6|hskp12|hskp0)&(hskp31|hskp7|hskp14)&(hskp31|hskp22|hskp18)&(hskp8|hskp10|hskp19)&(hskp24|hskp22|hskp13)&(hskp3|hskp14|hskp22)))			
../../TPTP-v7.3.0/Problems/SYN/SYN323-1.p		Unsatisfiable	UNKNOWN		UNKNOWN		cnf					
../../TPTP-v7.3.0/Problems/SYN/SYN783-1.p		Satisfiable	UNKNOWN		UNKNOWN		cnf					
../../TPTP-v7.3.0/Problems/SYN/SYN346+1.p		Theorem	UNKNOWN		UNKNOWN		fof		(![X1,X2]:?[Y1,Y2]:![Z1,Z2]:(big_f(X2,Z1)=>(big_f(Y1,Z2)=>((big_f(Y1,Z1)&big_f(Y2,Z1))|(big_f(X2,Z2)&big_f(Y2,Z2))))))			
../../TPTP-v7.3.0/Problems/SYN/SYN041+1.p		Theorem	YES	DTS/Alligator/AlexHappy/output/SYN041+1_dts.html	UNKNOWN		fof		(~(p=>q)=>(q=>p))			
../../TPTP-v7.3.0/Problems/SYN/SYN060-1.p		Unsatisfiable	UNKNOWN		UNKNOWN		cnf	(~big_f(X)|~big_h(X)),(big_g(X)|big_f(X)),(~big_g(X)|~big_h(X)),(big_g(X)|big_h(X)),(big_i(X)|big_f(X)),(big_i(X)|big_h(X)),(~big_f(X)|~big_h(X)),(big_g(X)|big_f(X)),(~big_g(X)|~big_h(X)),(big_g(X)|big_h(X)),(big_i(X)|big_f(X)),(big_i(X)|big_h(X))				
../../TPTP-v7.3.0/Problems/SYN/SYN040-1.p		Unsatisfiable	UNKNOWN		UNKNOWN		cnf					
../../TPTP-v7.3.0/Problems/SYN/SYN686-1.p		Unsatisfiable	UNKNOWN		UNKNOWN		cnf					
../../TPTP-v7.3.0/Problems/SYN/SYN451-1.p		Unsatisfiable	UNKNOWN		UNKNOWN		cnf					
../../TPTP-v7.3.0/Problems/SYN/SYN036-1.p		Unsatisfiable	UNKNOWN		UNKNOWN		cnf					
../../TPTP-v7.3.0/Problems/SYN/SYN667-1.p		Unsatisfiable	UNKNOWN		UNKNOWN		cnf					
../../TPTP-v7.3.0/Problems/SYN/SYN220-1.p		Unsatisfiable	UNKNOWN		UNKNOWN		cnf					
../../TPTP-v7.3.0/Problems/SYN/SYN011-1.p		Unsatisfiable	UNKNOWN		UNKNOWN		cnf					
../../TPTP-v7.3.0/Problems/SYN/SYN520+1.p		CounterSatisfiable	UNKNOWN		UNKNOWN		fof		(~((![U]:(ndr1_0=>((ndr1_1(U)&~c5_2(U,a1323)&~c1_2(U,a1323))|![V]:(ndr1_1(U)=>(~c1_2(U,V)|~c2_2(U,V)))|![W]:(ndr1_1(U)=>(c4_2(U,W)|~c3_2(U,W)))))|~c5_0|![X]:(ndr1_0=>c2_1(X)))&(![Y]:(ndr1_0=>((ndr1_1(Y)&c3_2(Y,a1324)&c4_2(Y,a1324)&c5_2(Y,a1324))|~c4_1(Y)|c3_1(Y)))|(ndr1_0&~c1_1(a1325)&c2_1(a1325)&~c4_1(a1325)))&(~c4_0|![Z]:(ndr1_0=>(c5_1(Z)|~c4_1(Z)|(ndr1_1(Z)&c5_2(Z,a1326)&c2_2(Z,a1326)&~c4_2(Z,a1326)))))&((ndr1_0&![X1]:(ndr1_1(a1327)=>(c3_2(a1327,X1)|c1_2(a1327,X1)|c2_2(a1327,X1)))&c3_1(a1327)&ndr1_1(a1327)&~c5_2(a1327,a1328)&c3_2(a1327,a1328)&c4_2(a1327,a1328))|![X2]:(ndr1_0=>((ndr1_1(X2)&~c1_2(X2,a1329)&~c4_2(X2,a1329)&c2_2(X2,a1329))|(ndr1_1(X2)&c1_2(X2,a1330)&~c2_2(X2,a1330)&c3_2(X2,a1330))|(ndr1_1(X2)&c3_2(X2,a1331)&c2_2(X2,a1331))))|~c5_0)&(~c2_0|~c4_0|~c3_0)&(c1_0|~c4_0|(ndr1_0&c2_1(a1332)&~c1_1(a1332)&~c4_1(a1332)))&(c5_0|~c3_0|(ndr1_0&c1_1(a1333)&![X3]:(ndr1_1(a1333)=>(c4_2(a1333,X3)|~c1_2(a1333,X3)|~c3_2(a1333,X3)))&ndr1_1(a1333)&~c1_2(a1333,a1334)&c5_2(a1333,a1334)&c4_2(a1333,a1334)))&(~c2_0|c3_0|![X4]:(ndr1_0=>(c4_1(X4)|![X5]:(ndr1_1(X4)=>(~c2_2(X4,X5)|~c5_2(X4,X5)|c4_2(X4,X5)))|c5_1(X4))))&((ndr1_0&![X6]:(ndr1_1(a1335)=>(c3_2(a1335,X6)|~c5_2(a1335,X6)))&ndr1_1(a1335)&c5_2(a1335,a1336)&~c2_2(a1335,a1336)&~c4_2(a1335,a1336)&~c3_1(a1335))|~c3_0|(ndr1_0&~c5_1(a1337)&~c4_1(a1337)))&(~c1_0|(ndr1_0&~c4_1(a1338)&![X7]:(ndr1_1(a1338)=>(~c2_2(a1338,X7)|~c3_2(a1338,X7)|~c5_2(a1338,X7)))&~c2_1(a1338)))&((ndr1_0&c5_1(a1339)&~c1_1(a1339)&![X8]:(ndr1_1(a1339)=>(~c1_2(a1339,X8)|~c5_2(a1339,X8)|c4_2(a1339,X8))))|~c1_0)&(![X9]:(ndr1_0=>(c2_1(X9)|(ndr1_1(X9)&~c4_2(X9,a1340)&~c2_2(X9,a1340))|(ndr1_1(X9)&c5_2(X9,a1341)&~c4_2(X9,a1341))))|~c3_0|c4_0)&(~c4_0|![X10]:(ndr1_0=>(~c2_1(X10)|~c5_1(X10)))|![X11]:(ndr1_0=>(~c5_1(X11)|~c2_1(X11))))&((ndr1_0&ndr1_1(a1342)&c1_2(a1342,a1343)&c3_2(a1342,a1343)&~c4_2(a1342,a1343)&~c4_1(a1342)&ndr1_1(a1342)&c2_2(a1342,a1344)&~c1_2(a1342,a1344)&~c5_2(a1342,a1344))|(ndr1_0&~c5_1(a1345)&~c1_1(a1345)&c3_1(a1345))|c3_0)&(c1_0|~c2_0|c5_0)&(c2_0|(ndr1_0&c3_1(a1346)&~c4_1(a1346)&c2_1(a1346))|![X12]:(ndr1_0=>(~c5_1(X12)|c4_1(X12)|![X13]:(ndr1_1(X12)=>(c4_2(X12,X13)|~c3_2(X12,X13))))))&(![X14]:(ndr1_0=>(![X15]:(ndr1_1(X14)=>(~c4_2(X14,X15)|c2_2(X14,X15)|~c5_2(X14,X15)))|(ndr1_1(X14)&~c5_2(X14,a1347)&c4_2(X14,a1347)&c1_2(X14,a1347))|c1_1(X14)))|![X16]:(ndr1_0=>(~c5_1(X16)|c3_1(X16)|~c4_1(X16)))|c5_0)&((ndr1_0&~c4_1(a1348)&![X17]:(ndr1_1(a1348)=>(c1_2(a1348,X17)|~c4_2(a1348,X17)|~c5_2(a1348,X17)))&ndr1_1(a1348)&~c4_2(a1348,a1349)&~c3_2(a1348,a1349)&~c1_2(a1348,a1349))|![X18]:(ndr1_0=>(c2_1(X18)|~c3_1(X18)))|~c4_0)&(c3_0|c2_0)&(c2_0|(ndr1_0&c5_1(a1350)&~c2_1(a1350)))&((ndr1_0&~c1_1(a1351)&~c5_1(a1351))|![X19]:(ndr1_0=>(~c3_1(X19)|c5_1(X19)|~c4_1(X19)))|c3_0)&(~c2_0|(ndr1_0&~c4_1(a1352)&![X20]:(ndr1_1(a1352)=>(~c5_2(a1352,X20)|c4_2(a1352,X20)|c1_2(a1352,X20)))&ndr1_1(a1352)&~c4_2(a1352,a1353)&c5_2(a1352,a1353)&~c3_2(a1352,a1353))|![X21]:(ndr1_0=>(~c2_1(X21)|(ndr1_1(X21)&~c3_2(X21,a1354)&c1_2(X21,a1354)&~c5_2(X21,a1354))|~c5_1(X21))))&(~c4_0|![X22]:(ndr1_0=>(~c1_1(X22)|~c5_1(X22)|~c4_1(X22)))|![X23]:(ndr1_0=>(![X24]:(ndr1_1(X23)=>c2_2(X23,X24))|(ndr1_1(X23)&c2_2(X23,a1355)&c5_2(X23,a1355)&~c1_2(X23,a1355))|~c5_1(X23))))&(~c3_0|~c2_0|c4_0)&(~c5_0|![X25]:(ndr1_0=>(~c4_1(X25)|![X26]:(ndr1_1(X25)=>(c3_2(X25,X26)|c4_2(X25,X26)))|(ndr1_1(X25)&c5_2(X25,a1356)&c4_2(X25,a1356)&c2_2(X25,a1356))))|c2_0)&(~c5_0|c3_0)&(![X27]:(ndr1_0=>((ndr1_1(X27)&~c4_2(X27,a1357)&c5_2(X27,a1357)&c1_2(X27,a1357))|(ndr1_1(X27)&c3_2(X27,a1358)&c2_2(X27,a1358)&c1_2(X27,a1358))|c1_1(X27)))|c4_0|![X28]:(ndr1_0=>(![X29]:(ndr1_1(X28)=>(~c3_2(X28,X29)|~c4_2(X28,X29)))|~c4_1(X28))))&(~c4_0|c5_0|c1_0)&((ndr1_0&c2_1(a1359)&![X30]:(ndr1_1(a1359)=>(~c3_2(a1359,X30)|c1_2(a1359,X30)|c5_2(a1359,X30)))&ndr1_1(a1359)&~c2_2(a1359,a1360)&~c1_2(a1359,a1360)&~c3_2(a1359,a1360))|(ndr1_0&~c1_1(a1361)&~c5_1(a1361)))&(~c3_0|c5_0|~c4_0)&(~c2_0|![X31]:(ndr1_0=>(![X32]:(ndr1_1(X31)=>(~c5_2(X31,X32)|c2_2(X31,X32)|~c4_2(X31,X32)))|(ndr1_1(X31)&c3_2(X31,a1362)&c2_2(X31,a1362)&c5_2(X31,a1362))|c1_1(X31))))&(c1_0|(ndr1_0&![X33]:(ndr1_1(a1363)=>(~c3_2(a1363,X33)|c2_2(a1363,X33)))&ndr1_1(a1363)&~c2_2(a1363,a1364)&c5_2(a1363,a1364)&c1_2(a1363,a1364)&~c2_1(a1363))|~c3_0)&(~c4_0|(ndr1_0&![X34]:(ndr1_1(a1365)=>(~c5_2(a1365,X34)|c2_2(a1365,X34)|c1_2(a1365,X34)))&![X35]:(ndr1_1(a1365)=>(c1_2(a1365,X35)|~c4_2(a1365,X35)|c3_2(a1365,X35)))&c3_1(a1365))|(ndr1_0&~c3_1(a1366)&~c1_1(a1366)))&((ndr1_0&c4_1(a1367)&![X36]:(ndr1_1(a1367)=>(c3_2(a1367,X36)|~c1_2(a1367,X36)|~c4_2(a1367,X36)))&![X37]:(ndr1_1(a1367)=>(~c3_2(a1367,X37)|c5_2(a1367,X37))))|~c5_0|~c4_0)&(~c3_0|~c2_0|c1_0)&(c3_0|(ndr1_0&c2_1(a1368)&~c1_1(a1368)&ndr1_1(a1368)&~c4_2(a1368,a1369)&~c3_2(a1368,a1369)&c1_2(a1368,a1369)))&(![X38]:(ndr1_0=>(c4_1(X38)|![X39]:(ndr1_1(X38)=>(~c4_2(X38,X39)|c2_2(X38,X39)|~c5_2(X38,X39)))))|c2_0|c1_0)&((ndr1_0&![X40]:(ndr1_1(a1370)=>(~c2_2(a1370,X40)|~c3_2(a1370,X40)|~c5_2(a1370,X40)))&~c2_1(a1370)&c4_1(a1370))|![X41]:(ndr1_0=>((ndr1_1(X41)&~c1_2(X41,a1371)&~c2_2(X41,a1371)&c3_2(X41,a1371))|c3_1(X41)|(ndr1_1(X41)&c1_2(X41,a1372)&~c2_2(X41,a1372)&c5_2(X41,a1372))))|~c5_0)&(![X42]:(ndr1_0=>(![X43]:(ndr1_1(X42)=>(c5_2(X42,X43)|c4_2(X42,X43)))|![X44]:(ndr1_1(X42)=>(c1_2(X42,X44)|c5_2(X42,X44)|~c3_2(X42,X44)))|c4_1(X42)))|![X45]:(ndr1_0=>(c5_1(X45)|![X46]:(ndr1_1(X45)=>(c2_2(X45,X46)|~c1_2(X45,X46)|c5_2(X45,X46)))))|c3_0)&(c5_0|c1_0|![X47]:(ndr1_0=>((ndr1_1(X47)&~c1_2(X47,a1373)&c3_2(X47,a1373)&c2_2(X47,a1373))|(ndr1_1(X47)&~c1_2(X47,a1374)&c4_2(X47,a1374)&~c5_2(X47,a1374))|c1_1(X47))))&(![X48]:(ndr1_0=>((ndr1_1(X48)&c3_2(X48,a1375)&~c2_2(X48,a1375)&c1_2(X48,a1375))|(ndr1_1(X48)&c5_2(X48,a1376)&~c2_2(X48,a1376))|(ndr1_1(X48)&~c3_2(X48,a1377)&c5_2(X48,a1377)&~c2_2(X48,a1377))))|c2_0|(ndr1_0&![X49]:(ndr1_1(a1378)=>(c1_2(a1378,X49)|c5_2(a1378,X49)))&~c3_1(a1378)))&(![X50]:(ndr1_0=>(~c2_1(X50)|c5_1(X50)|c3_1(X50)))|![X51]:(ndr1_0=>((ndr1_1(X51)&~c1_2(X51,a1379)&~c5_2(X51,a1379)&c2_2(X51,a1379))|![X52]:(ndr1_1(X51)=>(c4_2(X51,X52)|c5_2(X51,X52)|c3_2(X51,X52)))|c2_1(X51)))|c4_0)&(~c5_0|(ndr1_0&~c3_1(a1380)&![X53]:(ndr1_1(a1380)=>(c1_2(a1380,X53)|~c3_2(a1380,X53)|~c5_2(a1380,X53)))))&(![X54]:(ndr1_0=>((ndr1_1(X54)&c4_2(X54,a1381)&c1_2(X54,a1381)&c3_2(X54,a1381))|(ndr1_1(X54)&c2_2(X54,a1382)&~c3_2(X54,a1382)&~c4_2(X54,a1382))|c2_1(X54)))|~c3_0|~c5_0)&(c2_0|![X55]:(ndr1_0=>((ndr1_1(X55)&c5_2(X55,a1383)&c1_2(X55,a1383))|~c5_1(X55)))|c3_0)&(~c2_0|~c3_0)&(![X56]:(ndr1_0=>((ndr1_1(X56)&c5_2(X56,a1384)&c3_2(X56,a1384))|c1_1(X56)))|~c2_0)&(![X57]:(ndr1_0=>(~c5_1(X57)|~c2_1(X57)|![X58]:(ndr1_1(X57)=>(c2_2(X57,X58)|c3_2(X57,X58)|c5_2(X57,X58)))))|(ndr1_0&c4_1(a1385)&~c2_1(a1385)&ndr1_1(a1385)&~c2_2(a1385,a1386)&c5_2(a1385,a1386)))&(c3_0|~c4_0|![X59]:(ndr1_0=>((ndr1_1(X59)&~c5_2(X59,a1387)&c1_2(X59,a1387)&c2_2(X59,a1387))|![X60]:(ndr1_1(X59)=>(~c5_2(X59,X60)|c3_2(X59,X60)))|![X61]:(ndr1_1(X59)=>(c4_2(X59,X61)|c1_2(X59,X61))))))&((ndr1_0&![X62]:(ndr1_1(a1388)=>(~c2_2(a1388,X62)|~c4_2(a1388,X62)))&~c1_1(a1388))|~c4_0|(ndr1_0&~c5_1(a1389)&~c2_1(a1389)&~c4_1(a1389)))&(c5_0|(ndr1_0&c2_1(a1390)&ndr1_1(a1390)&~c4_2(a1390,a1391)&c5_2(a1390,a1391)&~c3_1(a1390))|~c1_0)&((ndr1_0&~c3_1(a1392)&ndr1_1(a1392)&~c4_2(a1392,a1393)&~c1_2(a1392,a1393)&c3_2(a1392,a1393)&ndr1_1(a1392)&c5_2(a1392,a1394)&~c2_2(a1392,a1394)&c4_2(a1392,a1394))|![X63]:(ndr1_0=>(![X64]:(ndr1_1(X63)=>(~c5_2(X63,X64)|~c2_2(X63,X64)|c3_2(X63,X64)))|~c5_1(X63)|~c1_1(X63)))|c5_0)&(![X65]:(ndr1_0=>~c1_1(X65))|![X66]:(ndr1_0=>(![X67]:(ndr1_1(X66)=>(~c2_2(X66,X67)|c3_2(X66,X67)|c1_2(X66,X67)))|![X68]:(ndr1_1(X66)=>(c1_2(X66,X68)|c4_2(X66,X68)))|~c2_1(X66)))|![X69]:(ndr1_0=>((ndr1_1(X69)&c3_2(X69,a1395)&c2_2(X69,a1395))|![X70]:(ndr1_1(X69)=>(c3_2(X69,X70)|c5_2(X69,X70)))|~c3_1(X69))))&(![X71]:(ndr1_0=>((ndr1_1(X71)&c1_2(X71,a1396)&~c2_2(X71,a1396)&~c5_2(X71,a1396))|~c1_1(X71)|![X72]:(ndr1_1(X71)=>(~c4_2(X71,X72)|~c3_2(X71,X72)))))|![X73]:(ndr1_0=>(c1_1(X73)|c2_1(X73)|c5_1(X73)))|![X74]:(ndr1_0=>(~c5_1(X74)|![X75]:(ndr1_1(X74)=>(~c4_2(X74,X75)|~c2_2(X74,X75)|~c1_2(X74,X75)))|![X76]:(ndr1_1(X74)=>(~c5_2(X74,X76)|~c3_2(X74,X76))))))&(c5_0|~c2_0|~c3_0)&(![X77]:(ndr1_0=>(![X78]:(ndr1_1(X77)=>(c5_2(X77,X78)|~c2_2(X77,X78)|c4_2(X77,X78)))|~c2_1(X77)|(ndr1_1(X77)&c2_2(X77,a1397)&~c3_2(X77,a1397)&~c1_2(X77,a1397))))|~c4_0|![X79]:(ndr1_0=>(c1_1(X79)|(ndr1_1(X79)&~c1_2(X79,a1398)&~c4_2(X79,a1398)&~c5_2(X79,a1398)))))&(![X80]:(ndr1_0=>(~c2_1(X80)|~c3_1(X80)|(ndr1_1(X80)&c1_2(X80,a1399)&~c5_2(X80,a1399))))|(ndr1_0&c4_1(a1400)&c2_1(a1400)&ndr1_1(a1400)&~c1_2(a1400,a1401)&c2_2(a1400,a1401)&~c3_2(a1400,a1401))|~c4_0)&(~c5_0|(ndr1_0&c3_1(a1402)&ndr1_1(a1402)&~c4_2(a1402,a1403)&~c3_2(a1402,a1403)&~c2_2(a1402,a1403)&ndr1_1(a1402)&c3_2(a1402,a1404)&~c1_2(a1402,a1404)&~c2_2(a1402,a1404))|![X81]:(ndr1_0=>(~c3_1(X81)|(ndr1_1(X81)&~c4_2(X81,a1405)&~c5_2(X81,a1405))|c1_1(X81))))&(~c4_0|(ndr1_0&~c5_1(a1406)&ndr1_1(a1406)&c5_2(a1406,a1407)&~c1_2(a1406,a1407)&~c2_2(a1406,a1407)&ndr1_1(a1406)&~c2_2(a1406,a1408)&~c1_2(a1406,a1408)&c5_2(a1406,a1408))|c2_0)&(c1_0|(ndr1_0&~c3_1(a1409)&![X82]:(ndr1_1(a1409)=>(~c4_2(a1409,X82)|c1_2(a1409,X82)|c2_2(a1409,X82)))&![X83]:(ndr1_1(a1409)=>(~c5_2(a1409,X83)|~c1_2(a1409,X83)|~c4_2(a1409,X83)))))&(c4_0|![X84]:(ndr1_0=>(~c4_1(X84)|c2_1(X84)|(ndr1_1(X84)&c5_2(X84,a1410)&~c1_2(X84,a1410)))))&(c3_0|![X85]:(ndr1_0=>((ndr1_1(X85)&~c1_2(X85,a1411)&c2_2(X85,a1411)&~c4_2(X85,a1411))|![X86]:(ndr1_1(X85)=>(c1_2(X85,X86)|c3_2(X85,X86)))))|(ndr1_0&c4_1(a1412)&![X87]:(ndr1_1(a1412)=>(c1_2(a1412,X87)|c5_2(a1412,X87)|~c3_2(a1412,X87)))&~c5_1(a1412)))&(![X88]:(ndr1_0=>((ndr1_1(X88)&~c2_2(X88,a1413)&c5_2(X88,a1413)&c4_2(X88,a1413))|c3_1(X88)|![X89]:(ndr1_1(X88)=>(~c1_2(X88,X89)|c5_2(X88,X89)|~c4_2(X88,X89)))))|![X90]:(ndr1_0=>((ndr1_1(X90)&c2_2(X90,a1414)&c4_2(X90,a1414)&c5_2(X90,a1414))|c3_1(X90)|c2_1(X90)))|c2_0)&(~c4_0|![X91]:(ndr1_0=>((ndr1_1(X91)&c3_2(X91,a1415)&~c4_2(X91,a1415))|~c3_1(X91)|~c2_1(X91)))|~c5_0)&((ndr1_0&~c2_1(a1416)&c3_1(a1416)&c4_1(a1416))|c1_0|~c2_0)&(c3_0|~c2_0)&(![X92]:(ndr1_0=>(c4_1(X92)|~c2_1(X92)|(ndr1_1(X92)&~c2_2(X92,a1417)&c1_2(X92,a1417)&c3_2(X92,a1417))))|(ndr1_0&c2_1(a1418)&![X93]:(ndr1_1(a1418)=>(~c5_2(a1418,X93)|c1_2(a1418,X93)|c4_2(a1418,X93)))&ndr1_1(a1418)&~c5_2(a1418,a1419)&c4_2(a1418,a1419))|~c5_0)&(c4_0|~c1_0|c5_0)&(c4_0|~c5_0|(ndr1_0&ndr1_1(a1420)&c3_2(a1420,a1421)&~c5_2(a1420,a1421)&c1_2(a1420,a1421)&ndr1_1(a1420)&~c5_2(a1420,a1422)&c4_2(a1420,a1422)&c3_2(a1420,a1422)&![X94]:(ndr1_1(a1420)=>(c1_2(a1420,X94)|~c4_2(a1420,X94)|~c2_2(a1420,X94)))))&(c5_0|~c4_0|(ndr1_0&![X95]:(ndr1_1(a1423)=>(~c2_2(a1423,X95)|~c3_2(a1423,X95)))&c1_1(a1423)))&((ndr1_0&~c1_1(a1424)&![X96]:(ndr1_1(a1424)=>(~c4_2(a1424,X96)|c1_2(a1424,X96)|c3_2(a1424,X96)))&c4_1(a1424))|c2_0)&(~c4_0|![X97]:(ndr1_0=>(c2_1(X97)|~c3_1(X97))))&(c1_0|~c4_0|(ndr1_0&ndr1_1(a1425)&~c3_2(a1425,a1426)&~c2_2(a1425,a1426)&~c1_2(a1425,a1426)&ndr1_1(a1425)&c4_2(a1425,a1427)&~c5_2(a1425,a1427)&~c1_2(a1425,a1427)&![X98]:(ndr1_1(a1425)=>(~c3_2(a1425,X98)|c5_2(a1425,X98)|c2_2(a1425,X98)))))&((ndr1_0&c2_1(a1428)&ndr1_1(a1428)&c4_2(a1428,a1429)&~c3_2(a1428,a1429)&c2_2(a1428,a1429)&![X99]:(ndr1_1(a1428)=>(c2_2(a1428,X99)|~c1_2(a1428,X99))))|(ndr1_0&ndr1_1(a1430)&c1_2(a1430,a1431)&c2_2(a1430,a1431)&c5_2(a1430,a1431)&c2_1(a1430)&ndr1_1(a1430)&~c1_2(a1430,a1432)&~c4_2(a1430,a1432)&~c2_2(a1430,a1432))|![X100]:(ndr1_0=>((ndr1_1(X100)&~c3_2(X100,a1433)&c5_2(X100,a1433)&c2_2(X100,a1433))|c3_1(X100))))&((ndr1_0&![X101]:(ndr1_1(a1434)=>(c4_2(a1434,X101)|c1_2(a1434,X101)))&c2_1(a1434)&![X102]:(ndr1_1(a1434)=>(c1_2(a1434,X102)|c3_2(a1434,X102)|c5_2(a1434,X102))))|![X103]:(ndr1_0=>((ndr1_1(X103)&~c4_2(X103,a1435)&c2_2(X103,a1435))|c2_1(X103)|![X104]:(ndr1_1(X103)=>(~c4_2(X103,X104)|c5_2(X103,X104)|c3_2(X103,X104))))))&(c3_0|c1_0|~c5_0)&(c5_0|c4_0|(ndr1_0&![X105]:(ndr1_1(a1436)=>(~c2_2(a1436,X105)|c1_2(a1436,X105)|c4_2(a1436,X105)))&ndr1_1(a1436)&~c4_2(a1436,a1437)&~c2_2(a1436,a1437)&c1_2(a1436,a1437)&![X106]:(ndr1_1(a1436)=>(c3_2(a1436,X106)|~c2_2(a1436,X106)|c5_2(a1436,X106)))))&(~c3_0|(ndr1_0&![X107]:(ndr1_1(a1438)=>(c2_2(a1438,X107)|~c3_2(a1438,X107)|~c5_2(a1438,X107)))&c1_1(a1438))|(ndr1_0&ndr1_1(a1439)&~c4_2(a1439,a1440)&~c3_2(a1439,a1440)&ndr1_1(a1439)&c1_2(a1439,a1441)&c5_2(a1439,a1441)&c3_2(a1439,a1441)&c3_1(a1439)))&(c1_0|c3_0)&((ndr1_0&![X108]:(ndr1_1(a1442)=>(c3_2(a1442,X108)|c4_2(a1442,X108)|~c2_2(a1442,X108)))&c3_1(a1442)&c2_1(a1442))|~c3_0)&(![X109]:(ndr1_0=>(![X110]:(ndr1_1(X109)=>(c2_2(X109,X110)|c5_2(X109,X110)|~c4_2(X109,X110)))|![X111]:(ndr1_1(X109)=>(~c1_2(X109,X111)|c2_2(X109,X111)|~c4_2(X109,X111)))|~c1_1(X109)))|c2_0|(ndr1_0&ndr1_1(a1443)&c3_2(a1443,a1444)&c1_2(a1443,a1444)&~c4_2(a1443,a1444)&~c3_1(a1443)))&~c5_0&((ndr1_0&~c5_1(a1445)&~c1_1(a1445))|~c3_0|~c4_0)&((ndr1_0&~c5_1(a1446)&~c3_1(a1446)&![X112]:(ndr1_1(a1446)=>(c3_2(a1446,X112)|~c1_2(a1446,X112)|~c5_2(a1446,X112))))|c1_0)&((ndr1_0&c2_1(a1447)&ndr1_1(a1447)&c5_2(a1447,a1448)&c3_2(a1447,a1448)&~c1_2(a1447,a1448)&ndr1_1(a1447)&~c5_2(a1447,a1449)&~c3_2(a1447,a1449)&~c4_2(a1447,a1449))|~c4_0|(ndr1_0&ndr1_1(a1450)&~c5_2(a1450,a1451)))&((ndr1_0&~c5_1(a1452)&ndr1_1(a1452)&c2_2(a1452,a1453)&~c1_2(a1452,a1453))|c2_0|~c3_0)&((ndr1_0&~c5_1(a1454)&c2_1(a1454))|(ndr1_0&c1_1(a1455)&ndr1_1(a1455)&~c3_2(a1455,a1456)&c2_2(a1455,a1456)&~c4_2(a1455,a1456)&ndr1_1(a1455)&c5_2(a1455,a1457)&c3_2(a1455,a1457)&~c2_2(a1455,a1457))|c4_0)&ndr1_0&![X113]:(ndr1_1(a1458)=>(c1_2(a1458,X113)|~c4_2(a1458,X113)))&![X114]:(ndr1_1(a1458)=>(c3_2(a1458,X114)|c2_2(a1458,X114)))&c2_1(a1458)&(![X115]:(ndr1_0=>(c1_1(X115)|![X116]:(ndr1_1(X115)=>(~c2_2(X115,X116)|c4_2(X115,X116)|~c3_2(X115,X116)))|(ndr1_1(X115)&c4_2(X115,a1459)&~c3_2(X115,a1459)&~c1_2(X115,a1459))))|c4_0)&(~c4_0|(ndr1_0&c5_1(a1460)&ndr1_1(a1460)&~c2_2(a1460,a1461)&c3_2(a1460,a1461)&~c4_2(a1460,a1461))|![X117]:(ndr1_0=>(c4_1(X117)|(ndr1_1(X117)&c4_2(X117,a1462)&~c3_2(X117,a1462))|(ndr1_1(X117)&~c2_2(X117,a1463)&c4_2(X117,a1463)&~c3_2(X117,a1463)))))&ndr1_0&ndr1_1(a1464)&~c5_2(a1464,a1465)&c3_2(a1464,a1465)&c2_2(a1464,a1465)&c2_1(a1464)&ndr1_1(a1464)&c2_2(a1464,a1466)&~c5_2(a1464,a1466)&(~c3_0|~c1_0|(ndr1_0&ndr1_1(a1467)&~c5_2(a1467,a1468)&c3_2(a1467,a1468)&c1_2(a1467,a1468)&ndr1_1(a1467)&~c4_2(a1467,a1469)&c3_2(a1467,a1469)&c1_2(a1467,a1469)&c3_1(a1467)))&(![X118]:(ndr1_0=>(~c5_1(X118)|c1_1(X118)|![X119]:(ndr1_1(X118)=>(c4_2(X118,X119)|~c2_2(X118,X119)|c3_2(X118,X119)))))|(ndr1_0&ndr1_1(a1470)&c4_2(a1470,a1471)&~c5_2(a1470,a1471)&c2_2(a1470,a1471)&ndr1_1(a1470)&c5_2(a1470,a1472)&c1_2(a1470,a1472)&c3_2(a1470,a1472))|~c3_0)&(~c2_0|![X120]:(ndr1_0=>((ndr1_1(X120)&c3_2(X120,a1473)&~c5_2(X120,a1473)&c2_2(X120,a1473))|~c4_1(X120)|![X121]:(ndr1_1(X120)=>(~c1_2(X120,X121)|~c2_2(X120,X121)))))|![X122]:(ndr1_0=>(![X123]:(ndr1_1(X122)=>(~c3_2(X122,X123)|c5_2(X122,X123)))|(ndr1_1(X122)&c2_2(X122,a1474)&c5_2(X122,a1474)&c4_2(X122,a1474))|c5_1(X122))))&(c4_0|c1_0|~c2_0)&((ndr1_0&![X124]:(ndr1_1(a1475)=>(c5_2(a1475,X124)|c2_2(a1475,X124)))&c4_1(a1475)&~c5_1(a1475))|c4_0)&c3_0&(![X125]:(ndr1_0=>(~c3_1(X125)|![X126]:(ndr1_1(X125)=>(c5_2(X125,X126)|c3_2(X125,X126)))|(ndr1_1(X125)&~c4_2(X125,a1476)&~c2_2(X125,a1476)&~c1_2(X125,a1476))))|~c4_0)&(![X127]:(ndr1_0=>((ndr1_1(X127)&c2_2(X127,a1477)&~c3_2(X127,a1477)&~c4_2(X127,a1477))|~c1_1(X127)|c5_1(X127)))|(ndr1_0&![X128]:(ndr1_1(a1478)=>(c4_2(a1478,X128)|c2_2(a1478,X128)|~c1_2(a1478,X128)))&![X129]:(ndr1_1(a1478)=>(~c1_2(a1478,X129)|c3_2(a1478,X129)|c5_2(a1478,X129)))&ndr1_1(a1478)&c5_2(a1478,a1479)&~c4_2(a1478,a1479)&c1_2(a1478,a1479))|~c2_0)&(c1_0|![X130]:(ndr1_0=>((ndr1_1(X130)&~c3_2(X130,a1480)&c4_2(X130,a1480)&~c5_2(X130,a1480))|(ndr1_1(X130)&c1_2(X130,a1481)&~c2_2(X130,a1481))))|(ndr1_0&~c5_1(a1482)&![X131]:(ndr1_1(a1482)=>(c3_2(a1482,X131)|~c1_2(a1482,X131)|~c5_2(a1482,X131)))))&((ndr1_0&![X132]:(ndr1_1(a1483)=>(c3_2(a1483,X132)|~c2_2(a1483,X132)|c4_2(a1483,X132)))&~c3_1(a1483)&c1_1(a1483))|(ndr1_0&ndr1_1(a1484)&c1_2(a1484,a1485)&~c3_2(a1484,a1485)&c4_2(a1484,a1485)&~c1_1(a1484)&ndr1_1(a1484)&c5_2(a1484,a1486)&c2_2(a1484,a1486)&~c1_2(a1484,a1486))|(ndr1_0&c3_1(a1487)&c1_1(a1487)&ndr1_1(a1487)&c2_2(a1487,a1488)&c4_2(a1487,a1488)&c5_2(a1487,a1488)))&(~c1_0|~c2_0)&![X133]:(ndr1_0=>((ndr1_1(X133)&~c1_2(X133,a1489)&c3_2(X133,a1489))|![X134]:(ndr1_1(X133)=>(~c5_2(X133,X134)|c4_2(X133,X134)))|c4_1(X133)))&((ndr1_0&![X135]:(ndr1_1(a1490)=>(~c2_2(a1490,X135)|~c5_2(a1490,X135)))&![X136]:(ndr1_1(a1490)=>(c1_2(a1490,X136)|~c5_2(a1490,X136)|c2_2(a1490,X136))))|![X137]:(ndr1_0=>((ndr1_1(X137)&~c5_2(X137,a1491)&~c1_2(X137,a1491))|~c2_1(X137)))|![X138]:(ndr1_0=>(~c3_1(X138)|![X139]:(ndr1_1(X138)=>(c4_2(X138,X139)|c5_2(X138,X139)|c3_2(X138,X139))))))&(![X140]:(ndr1_0=>((ndr1_1(X140)&c5_2(X140,a1492)&c3_2(X140,a1492)&~c4_2(X140,a1492))|![X141]:(ndr1_1(X140)=>(c5_2(X140,X141)|c1_2(X140,X141)|c2_2(X140,X141)))|c1_1(X140)))|c1_0|(ndr1_0&![X142]:(ndr1_1(a1493)=>(c2_2(a1493,X142)|c1_2(a1493,X142)))&~c2_1(a1493)))&ndr1_0&![X143]:(ndr1_1(a1494)=>(c1_2(a1494,X143)|~c2_2(a1494,X143)|c3_2(a1494,X143)))&![X144]:(ndr1_1(a1494)=>(~c5_2(a1494,X144)|c3_2(a1494,X144)|c1_2(a1494,X144)))&c5_1(a1494)&((ndr1_0&![X145]:(ndr1_1(a1495)=>(c1_2(a1495,X145)|~c5_2(a1495,X145)))&ndr1_1(a1495)&c1_2(a1495,a1496)&~c5_2(a1495,a1496)&c2_2(a1495,a1496)&c2_1(a1495))|![X146]:(ndr1_0=>(c4_1(X146)|(ndr1_1(X146)&c4_2(X146,a1497)&c5_2(X146,a1497)&c2_2(X146,a1497))))|![X147]:(ndr1_0=>(~c3_1(X147)|![X148]:(ndr1_1(X147)=>(~c2_2(X147,X148)|~c5_2(X147,X148)|c3_2(X147,X148)))|c5_1(X147))))&(c2_0|(ndr1_0&![X149]:(ndr1_1(a1498)=>(~c4_2(a1498,X149)|c5_2(a1498,X149)))&~c5_1(a1498)&![X150]:(ndr1_1(a1498)=>(c5_2(a1498,X150)|c4_2(a1498,X150)|c1_2(a1498,X150))))|c4_0)&((ndr1_0&~c3_1(a1499)&~c5_1(a1499)&![X151]:(ndr1_1(a1499)=>(~c1_2(a1499,X151)|c5_2(a1499,X151))))|(ndr1_0&ndr1_1(a1500)&~c4_2(a1500,a1501)&~c3_2(a1500,a1501)&c2_2(a1500,a1501)&ndr1_1(a1500)&~c4_2(a1500,a1502)&c3_2(a1500,a1502)&c2_2(a1500,a1502))|(ndr1_0&~c5_1(a1503)&![X152]:(ndr1_1(a1503)=>(c5_2(a1503,X152)|~c2_2(a1503,X152)|~c1_2(a1503,X152)))&~c3_1(a1503)))&(![X153]:(ndr1_0=>(![X154]:(ndr1_1(X153)=>(c1_2(X153,X154)|~c4_2(X153,X154)|c3_2(X153,X154)))|c2_1(X153)|~c3_1(X153)))|c1_0|(ndr1_0&~c1_1(a1504)&~c4_1(a1504)&![X155]:(ndr1_1(a1504)=>(~c3_2(a1504,X155)|c5_2(a1504,X155)|~c4_2(a1504,X155)))))&(c2_0|![X156]:(ndr1_0=>((ndr1_1(X156)&c2_2(X156,a1505)&~c4_2(X156,a1505)&c3_2(X156,a1505))|![X157]:(ndr1_1(X156)=>(~c5_2(X156,X157)|~c1_2(X156,X157)|~c2_2(X156,X157))))))&(c1_0|~c2_0|~c4_0)&(~c1_0|(ndr1_0&![X158]:(ndr1_1(a1506)=>(~c1_2(a1506,X158)|c3_2(a1506,X158)|~c4_2(a1506,X158)))&~c1_1(a1506)&ndr1_1(a1506)&c4_2(a1506,a1507)&~c2_2(a1506,a1507)))&(c4_0|~c2_0)&((ndr1_0&~c3_1(a1508))|![X159]:(ndr1_0=>(c1_1(X159)|c5_1(X159)))|~c1_0)&((ndr1_0&![X160]:(ndr1_1(a1509)=>(c2_2(a1509,X160)|~c3_2(a1509,X160)))&c1_1(a1509)&![X161]:(ndr1_1(a1509)=>(c1_2(a1509,X161)|c3_2(a1509,X161)|c2_2(a1509,X161))))|~c1_0)&((ndr1_0&c5_1(a1510)&ndr1_1(a1510)&~c2_2(a1510,a1511)&~c1_2(a1510,a1511)&~c5_2(a1510,a1511))|![X162]:(ndr1_0=>(~c3_1(X162)|c5_1(X162)|~c1_1(X162))))&(~c1_0|![X163]:(ndr1_0=>((ndr1_1(X163)&~c2_2(X163,a1512)&~c1_2(X163,a1512)&~c5_2(X163,a1512))|(ndr1_1(X163)&c4_2(X163,a1513)&~c1_2(X163,a1513)&c2_2(X163,a1513))|(ndr1_1(X163)&c3_2(X163,a1514)&c2_2(X163,a1514))))|c4_0)&((ndr1_0&c3_1(a1515)&c1_1(a1515))|(ndr1_0&c5_1(a1516)&~c2_1(a1516))|c2_0)&(c1_0|~c4_0|![X164]:(ndr1_0=>(![X165]:(ndr1_1(X164)=>(c1_2(X164,X165)|~c4_2(X164,X165)))|(ndr1_1(X164)&~c3_2(X164,a1517)&~c4_2(X164,a1517)&c1_2(X164,a1517))|(ndr1_1(X164)&~c4_2(X164,a1518)&c1_2(X164,a1518)&c5_2(X164,a1518)))))&(c2_0|~c1_0)&(![X166]:(ndr1_0=>(![X167]:(ndr1_1(X166)=>(~c1_2(X166,X167)|c3_2(X166,X167)))|(ndr1_1(X166)&~c5_2(X166,a1519)&c3_2(X166,a1519)&~c4_2(X166,a1519))))|(ndr1_0&ndr1_1(a1520)&~c5_2(a1520,a1521)&~c3_2(a1520,a1521)&ndr1_1(a1520)&c4_2(a1520,a1522)&~c3_2(a1520,a1522)&c2_1(a1520))|~c2_0)&(![X168]:(ndr1_0=>(~c1_1(X168)|![X169]:(ndr1_1(X168)=>(c4_2(X168,X169)|c1_2(X168,X169)|c2_2(X168,X169)))|(ndr1_1(X168)&~c2_2(X168,a1523)&~c5_2(X168,a1523)&~c4_2(X168,a1523))))|c1_0|(ndr1_0&![X170]:(ndr1_1(a1524)=>(~c4_2(a1524,X170)|c1_2(a1524,X170)))&ndr1_1(a1524)&c5_2(a1524,a1525)))&(c2_0|![X171]:(ndr1_0=>((ndr1_1(X171)&c1_2(X171,a1526)&c4_2(X171,a1526)&~c2_2(X171,a1526))|c4_1(X171)|~c1_1(X171)))|![X172]:(ndr1_0=>(~c1_1(X172)|c2_1(X172)|~c4_1(X172))))&(![X173]:(ndr1_0=>(~c1_1(X173)|~c3_1(X173)|~c2_1(X173)))|![X174]:(ndr1_0=>(~c5_1(X174)|![X175]:(ndr1_1(X174)=>(~c1_2(X174,X175)|~c5_2(X174,X175)|~c3_2(X174,X175)))|~c2_1(X174))))))			
../../TPTP-v7.3.0/Problems/SYN/SYN431-1.p		Satisfiable	UNKNOWN		UNKNOWN		cnf					
../../TPTP-v7.3.0/Problems/SYN/SYN428+1.p		CounterSatisfiable	UNKNOWN		UNKNOWN		fof		(~((![U]:(ndr1_0=>((ndr1_1(U)&~c9_2(U,a1834)&~c3_2(U,a1834)&c7_2(U,a1834))|(ndr1_1(U)&c3_2(U,a1835)&c5_2(U,a1835))|(ndr1_1(U)&c1_2(U,a1836)&~c4_2(U,a1836)&c6_2(U,a1836))))|c4_0|~c6_0)&(![V]:(ndr1_0=>(![W]:(ndr1_1(V)=>(~c5_2(V,W)|c7_2(V,W)|c3_2(V,W)))|c6_1(V)))|c7_0|c8_0)&(![X]:(ndr1_0=>(c4_1(X)|(ndr1_1(X)&c7_2(X,a1837)&c6_2(X,a1837)&~c3_2(X,a1837))|(ndr1_1(X)&~c1_2(X,a1838)&c10_2(X,a1838)&c6_2(X,a1838))))|~c7_0|![Y]:(ndr1_0=>(![Z]:(ndr1_1(Y)=>(~c1_2(Y,Z)|~c7_2(Y,Z)))|~c6_1(Y)|~c10_1(Y))))&(c8_0|(ndr1_0&ndr1_1(a1839)&c8_2(a1839,a1840)&c2_2(a1839,a1840)&c3_2(a1839,a1840)&c2_1(a1839)&~c10_1(a1839))|(ndr1_0&![X1]:(ndr1_1(a1841)=>(~c2_2(a1841,X1)|~c7_2(a1841,X1)))&ndr1_1(a1841)&c4_2(a1841,a1842)&c2_2(a1841,a1842)))&(~c8_0|![X2]:(ndr1_0=>((ndr1_1(X2)&c9_2(X2,a1843)&c7_2(X2,a1843)&~c3_2(X2,a1843))|(ndr1_1(X2)&c7_2(X2,a1844)&c10_2(X2,a1844)&c6_2(X2,a1844))|![X3]:(ndr1_1(X2)=>(c5_2(X2,X3)|~c6_2(X2,X3)|~c4_2(X2,X3)))))|![X4]:(ndr1_0=>(~c9_1(X4)|~c3_1(X4)|![X5]:(ndr1_1(X4)=>(~c4_2(X4,X5)|c2_2(X4,X5)|~c1_2(X4,X5))))))&((ndr1_0&c1_1(a1845)&~c10_1(a1845)&![X6]:(ndr1_1(a1845)=>(~c4_2(a1845,X6)|c5_2(a1845,X6)|~c7_2(a1845,X6))))|(ndr1_0&c9_1(a1846)&ndr1_1(a1846)&c5_2(a1846,a1847)&c8_2(a1846,a1847)&c7_2(a1846,a1847)&![X7]:(ndr1_1(a1846)=>(c6_2(a1846,X7)|c5_2(a1846,X7))))|~c7_0)&(~c5_0|![X8]:(ndr1_0=>(c5_1(X8)|c3_1(X8))))&((ndr1_0&![X9]:(ndr1_1(a1848)=>(c3_2(a1848,X9)|c1_2(a1848,X9)|~c5_2(a1848,X9)))&![X10]:(ndr1_1(a1848)=>(~c2_2(a1848,X10)|c6_2(a1848,X10)))&~c2_1(a1848))|c9_0|(ndr1_0&c6_1(a1849)&ndr1_1(a1849)&c5_2(a1849,a1850)&c7_2(a1849,a1850)&~c3_2(a1849,a1850)&~c3_1(a1849)))&(~c7_0|c4_0|(ndr1_0&![X11]:(ndr1_1(a1851)=>(~c4_2(a1851,X11)|~c7_2(a1851,X11)))&ndr1_1(a1851)&~c4_2(a1851,a1852)&~c2_2(a1851,a1852)&c3_2(a1851,a1852)&![X12]:(ndr1_1(a1851)=>(c4_2(a1851,X12)|c5_2(a1851,X12)|~c8_2(a1851,X12)))))&(~c6_0|c10_0|~c7_0)&(~c4_0|~c8_0)&(c1_0|(ndr1_0&~c2_1(a1853)&![X13]:(ndr1_1(a1853)=>(c10_2(a1853,X13)|c3_2(a1853,X13)|c6_2(a1853,X13)))&c1_1(a1853))|c5_0)&(~c4_0|c5_0|~c3_0)&(~c6_0|(ndr1_0&c7_1(a1854)&c6_1(a1854)&c3_1(a1854))|![X14]:(ndr1_0=>((ndr1_1(X14)&c10_2(X14,a1855)&c1_2(X14,a1855)&c6_2(X14,a1855))|(ndr1_1(X14)&~c5_2(X14,a1856)&c1_2(X14,a1856)&c10_2(X14,a1856))|c10_1(X14))))&(~c9_0|~c3_0|~c4_0)&(~c4_0|~c1_0|(ndr1_0&~c4_1(a1857)&![X15]:(ndr1_1(a1857)=>(~c5_2(a1857,X15)|c8_2(a1857,X15)))))&(c2_0|~c7_0|~c10_0)&(~c7_0|![X16]:(ndr1_0=>(~c7_1(X16)|c8_1(X16)|![X17]:(ndr1_1(X16)=>(c9_2(X16,X17)|~c7_2(X16,X17)|c3_2(X16,X17)))))|(ndr1_0&c8_1(a1858)&ndr1_1(a1858)&c4_2(a1858,a1859)&~c6_2(a1858,a1859)&~c10_2(a1858,a1859)&~c10_1(a1858)))&(~c6_0|(ndr1_0&ndr1_1(a1860)&~c2_2(a1860,a1861)&~c9_2(a1860,a1861)&c5_2(a1860,a1861)&ndr1_1(a1860)&c1_2(a1860,a1862)&c3_2(a1860,a1862)&c5_2(a1860,a1862)&![X18]:(ndr1_1(a1860)=>(c8_2(a1860,X18)|~c3_2(a1860,X18)|c5_2(a1860,X18))))|~c2_0)&(![X19]:(ndr1_0=>((ndr1_1(X19)&c8_2(X19,a1863)&~c3_2(X19,a1863)&~c1_2(X19,a1863))|~c8_1(X19)|(ndr1_1(X19)&~c1_2(X19,a1864)&c8_2(X19,a1864)&c7_2(X19,a1864))))|(ndr1_0&ndr1_1(a1865)&~c7_2(a1865,a1866)&c8_2(a1865,a1866)&~c4_2(a1865,a1866)&ndr1_1(a1865)&c3_2(a1865,a1867)&~c9_2(a1865,a1867)&~c5_2(a1865,a1867)&ndr1_1(a1865)&c2_2(a1865,a1868)&~c7_2(a1865,a1868)&~c6_2(a1865,a1868)))&(~c1_0|c7_0|c8_0)&(~c7_0|![X20]:(ndr1_0=>(c10_1(X20)|c4_1(X20)|![X21]:(ndr1_1(X20)=>(c1_2(X20,X21)|c10_2(X20,X21)|c4_2(X20,X21)))))|(ndr1_0&ndr1_1(a1869)&~c2_2(a1869,a1870)&~c9_2(a1869,a1870)&~c10_2(a1869,a1870)&c4_1(a1869)&c9_1(a1869)))&((ndr1_0&![X22]:(ndr1_1(a1871)=>(c8_2(a1871,X22)|c3_2(a1871,X22)|c9_2(a1871,X22)))&ndr1_1(a1871)&~c2_2(a1871,a1872)&~c5_2(a1871,a1872))|![X23]:(ndr1_0=>(~c10_1(X23)|c4_1(X23)|(ndr1_1(X23)&~c4_2(X23,a1873)&c3_2(X23,a1873)&~c10_2(X23,a1873))))|![X24]:(ndr1_0=>((ndr1_1(X24)&~c2_2(X24,a1874)&c10_2(X24,a1874)&c1_2(X24,a1874))|c6_1(X24)|c2_1(X24))))&((ndr1_0&~c10_1(a1875)&![X25]:(ndr1_1(a1875)=>(~c4_2(a1875,X25)|~c10_2(a1875,X25)|~c8_2(a1875,X25)))&c6_1(a1875))|c1_0|(ndr1_0&~c2_1(a1876)&~c5_1(a1876)))&(![X26]:(ndr1_0=>(![X27]:(ndr1_1(X26)=>(c6_2(X26,X27)|c3_2(X26,X27)|~c2_2(X26,X27)))|~c8_1(X26)))|~c6_0|c10_0)&(![X28]:(ndr1_0=>(c3_1(X28)|c2_1(X28)|![X29]:(ndr1_1(X28)=>(c8_2(X28,X29)|c2_2(X28,X29)))))|c9_0|c3_0)&(~c7_0|(ndr1_0&c10_1(a1877)&ndr1_1(a1877)&~c1_2(a1877,a1878)&~c2_2(a1877,a1878)&c10_2(a1877,a1878))|c9_0)&(~c4_0|(ndr1_0&ndr1_1(a1879)&c6_2(a1879,a1880)&~c3_2(a1879,a1880)&c5_2(a1879,a1880)&![X30]:(ndr1_1(a1879)=>(c2_2(a1879,X30)|~c6_2(a1879,X30)))&c2_1(a1879))|(ndr1_0&~c9_1(a1881)&~c3_1(a1881)&ndr1_1(a1881)&~c8_2(a1881,a1882)&c1_2(a1881,a1882)&~c4_2(a1881,a1882)))&(~c5_0|~c4_0|![X31]:(ndr1_0=>(~c4_1(X31)|c1_1(X31)|(ndr1_1(X31)&c9_2(X31,a1883)&c4_2(X31,a1883)&c6_2(X31,a1883)))))&((ndr1_0&![X32]:(ndr1_1(a1884)=>(c9_2(a1884,X32)|~c1_2(a1884,X32)|c7_2(a1884,X32)))&~c7_1(a1884)&c10_1(a1884))|(ndr1_0&~c2_1(a1885)&![X33]:(ndr1_1(a1885)=>(c8_2(a1885,X33)|~c2_2(a1885,X33)|~c3_2(a1885,X33)))&~c8_1(a1885))|~c1_0)&(c5_0|c9_0)&((ndr1_0&c7_1(a1886)&ndr1_1(a1886)&c4_2(a1886,a1887)&~c1_2(a1886,a1887)&c5_2(a1886,a1887)&~c9_1(a1886))|~c4_0|~c10_0)&(~c8_0|~c4_0|~c10_0)&(![X34]:(ndr1_0=>((ndr1_1(X34)&~c6_2(X34,a1888)&~c5_2(X34,a1888)&~c7_2(X34,a1888))|(ndr1_1(X34)&~c7_2(X34,a1889)&c6_2(X34,a1889)&~c1_2(X34,a1889))|~c6_1(X34)))|(ndr1_0&ndr1_1(a1890)&c5_2(a1890,a1891)&~c3_2(a1890,a1891)&~c10_2(a1890,a1891)&~c6_1(a1890)&~c1_1(a1890))|~c1_0)&((ndr1_0&c4_1(a1892)&ndr1_1(a1892)&c3_2(a1892,a1893)&c1_2(a1892,a1893)&c6_2(a1892,a1893)&~c8_1(a1892))|(ndr1_0&![X35]:(ndr1_1(a1894)=>(~c9_2(a1894,X35)|c4_2(a1894,X35)))&![X36]:(ndr1_1(a1894)=>(~c6_2(a1894,X36)|~c2_2(a1894,X36)|~c4_2(a1894,X36)))&~c9_1(a1894))|~c6_0)&(![X37]:(ndr1_0=>(![X38]:(ndr1_1(X37)=>(c1_2(X37,X38)|c7_2(X37,X38)|~c3_2(X37,X38)))|c9_1(X37)|![X39]:(ndr1_1(X37)=>(c8_2(X37,X39)|c10_2(X37,X39)))))|~c10_0|(ndr1_0&c10_1(a1895)&![X40]:(ndr1_1(a1895)=>(c4_2(a1895,X40)|~c10_2(a1895,X40)|c3_2(a1895,X40)))&c5_1(a1895)))&(![X41]:(ndr1_0=>(![X42]:(ndr1_1(X41)=>(c5_2(X41,X42)|c10_2(X41,X42)|~c9_2(X41,X42)))|c10_1(X41)|![X43]:(ndr1_1(X41)=>(c4_2(X41,X43)|c10_2(X41,X43)|~c9_2(X41,X43)))))|![X44]:(ndr1_0=>(~c9_1(X44)|c1_1(X44)|![X45]:(ndr1_1(X44)=>(c8_2(X44,X45)|c2_2(X44,X45)))))|(ndr1_0&~c9_1(a1896)&ndr1_1(a1896)&~c2_2(a1896,a1897)&c7_2(a1896,a1897)&c6_2(a1896,a1897)))&(![X46]:(ndr1_0=>((ndr1_1(X46)&~c1_2(X46,a1898)&~c6_2(X46,a1898)&c2_2(X46,a1898))|c2_1(X46)|![X47]:(ndr1_1(X46)=>(c8_2(X46,X47)|c5_2(X46,X47)|~c9_2(X46,X47)))))|(ndr1_0&~c9_1(a1899)&~c1_1(a1899)&![X48]:(ndr1_1(a1899)=>(c1_2(a1899,X48)|~c9_2(a1899,X48)|c2_2(a1899,X48)))))&(~c4_0|~c9_0)&((ndr1_0&ndr1_1(a1900)&~c4_2(a1900,a1901)&~c10_2(a1900,a1901)&~c2_2(a1900,a1901)&ndr1_1(a1900)&~c10_2(a1900,a1902)&c9_2(a1900,a1902)&c2_2(a1900,a1902)&~c6_1(a1900))|c3_0|c10_0)&((ndr1_0&![X49]:(ndr1_1(a1903)=>(c7_2(a1903,X49)|~c9_2(a1903,X49)|~c8_2(a1903,X49)))&c3_1(a1903)&![X50]:(ndr1_1(a1903)=>(~c4_2(a1903,X50)|c7_2(a1903,X50)|c5_2(a1903,X50))))|![X51]:(ndr1_0=>((ndr1_1(X51)&~c8_2(X51,a1904)&~c7_2(X51,a1904)&c10_2(X51,a1904))|c6_1(X51)|(ndr1_1(X51)&~c4_2(X51,a1905)&c5_2(X51,a1905)&~c10_2(X51,a1905))))|(ndr1_0&![X52]:(ndr1_1(a1906)=>(~c3_2(a1906,X52)|~c2_2(a1906,X52)|~c1_2(a1906,X52)))&c4_1(a1906)&![X53]:(ndr1_1(a1906)=>(c9_2(a1906,X53)|~c2_2(a1906,X53)|~c1_2(a1906,X53)))))&(c3_0|c9_0|![X54]:(ndr1_0=>(c6_1(X54)|![X55]:(ndr1_1(X54)=>(~c9_2(X54,X55)|c8_2(X54,X55)|~c7_2(X54,X55)))|~c3_1(X54))))&(~c3_0|![X56]:(ndr1_0=>(c3_1(X56)|![X57]:(ndr1_1(X56)=>(c1_2(X56,X57)|~c10_2(X56,X57)|~c2_2(X56,X57)))))|![X58]:(ndr1_0=>(~c3_1(X58)|c9_1(X58))))&(![X59]:(ndr1_0=>(~c3_1(X59)|~c4_1(X59)))|~c3_0|![X60]:(ndr1_0=>(![X61]:(ndr1_1(X60)=>(~c7_2(X60,X61)|~c4_2(X60,X61)))|![X62]:(ndr1_1(X60)=>(~c2_2(X60,X62)|~c9_2(X60,X62)))|![X63]:(ndr1_1(X60)=>(~c2_2(X60,X63)|c3_2(X60,X63)|~c4_2(X60,X63))))))&((ndr1_0&c5_1(a1907)&~c10_1(a1907)&c8_1(a1907))|~c5_0)&(![X64]:(ndr1_0=>(c10_1(X64)|c7_1(X64)|(ndr1_1(X64)&c9_2(X64,a1908)&c1_2(X64,a1908)&c3_2(X64,a1908))))|c1_0|![X65]:(ndr1_0=>(~c8_1(X65)|![X66]:(ndr1_1(X65)=>(c4_2(X65,X66)|c3_2(X65,X66)|c10_2(X65,X66)))|(ndr1_1(X65)&c10_2(X65,a1909)&~c2_2(X65,a1909)&~c8_2(X65,a1909)))))&(c3_0|~c8_0|~c9_0)&(~c3_0|(ndr1_0&![X67]:(ndr1_1(a1910)=>(c1_2(a1910,X67)|~c2_2(a1910,X67)))&![X68]:(ndr1_1(a1910)=>(~c7_2(a1910,X68)|c4_2(a1910,X68)))&ndr1_1(a1910)&~c3_2(a1910,a1911)&~c4_2(a1910,a1911))|(ndr1_0&~c5_1(a1912)&![X69]:(ndr1_1(a1912)=>(~c5_2(a1912,X69)|c7_2(a1912,X69)|c2_2(a1912,X69)))&c3_1(a1912)))&(c10_0|~c2_0|c7_0)&((ndr1_0&~c2_1(a1913)&![X70]:(ndr1_1(a1913)=>(c9_2(a1913,X70)|c7_2(a1913,X70)|c3_2(a1913,X70))))|c1_0|(ndr1_0&~c3_1(a1914)&c9_1(a1914)&c5_1(a1914)))&(~c9_0|(ndr1_0&c5_1(a1915)&ndr1_1(a1915)&c5_2(a1915,a1916)&~c9_2(a1915,a1916)&![X71]:(ndr1_1(a1915)=>(c1_2(a1915,X71)|c7_2(a1915,X71))))|c1_0)&(c6_0|![X72]:(ndr1_0=>(![X73]:(ndr1_1(X72)=>(c9_2(X72,X73)|~c1_2(X72,X73)|c10_2(X72,X73)))|c8_1(X72)|![X74]:(ndr1_1(X72)=>(~c10_2(X72,X74)|c2_2(X72,X74)|~c7_2(X72,X74)))))|~c3_0)&(![X75]:(ndr1_0=>(c5_1(X75)|![X76]:(ndr1_1(X75)=>(~c3_2(X75,X76)|~c1_2(X75,X76)|~c6_2(X75,X76)))|c2_1(X75)))|(ndr1_0&ndr1_1(a1917)&~c4_2(a1917,a1918)&c2_2(a1917,a1918)&c5_2(a1917,a1918)&![X77]:(ndr1_1(a1917)=>(c10_2(a1917,X77)|c4_2(a1917,X77)|~c9_2(a1917,X77)))&c7_1(a1917))|~c5_0)&((ndr1_0&~c9_1(a1919)&ndr1_1(a1919)&c3_2(a1919,a1920)&c9_2(a1919,a1920)&~c1_2(a1919,a1920)&~c4_1(a1919))|(ndr1_0&c8_1(a1921)&c5_1(a1921)&~c6_1(a1921))|~c4_0)&(c4_0|c7_0|(ndr1_0&![X78]:(ndr1_1(a1922)=>(~c10_2(a1922,X78)|~c2_2(a1922,X78)|~c5_2(a1922,X78)))&c8_1(a1922)&ndr1_1(a1922)&~c3_2(a1922,a1923)&c8_2(a1922,a1923)&~c7_2(a1922,a1923)))&(c1_0|(ndr1_0&![X79]:(ndr1_1(a1924)=>(~c7_2(a1924,X79)|~c10_2(a1924,X79)|~c8_2(a1924,X79)))&~c5_1(a1924)&![X80]:(ndr1_1(a1924)=>(~c8_2(a1924,X80)|c1_2(a1924,X80)|~c9_2(a1924,X80))))|![X81]:(ndr1_0=>((ndr1_1(X81)&c7_2(X81,a1925)&c5_2(X81,a1925)&c10_2(X81,a1925))|c6_1(X81)|~c7_1(X81))))&(~c3_0|(ndr1_0&~c1_1(a1926)&c5_1(a1926)&~c6_1(a1926))|~c5_0)&(~c10_0|~c5_0|![X82]:(ndr1_0=>(![X83]:(ndr1_1(X82)=>(~c10_2(X82,X83)|~c1_2(X82,X83)|~c5_2(X82,X83)))|![X84]:(ndr1_1(X82)=>(~c1_2(X82,X84)|c4_2(X82,X84)|~c5_2(X82,X84)))|c3_1(X82))))&(![X85]:(ndr1_0=>((ndr1_1(X85)&c1_2(X85,a1927)&~c9_2(X85,a1927))|~c1_1(X85)|c2_1(X85)))|c6_0)&((ndr1_0&![X86]:(ndr1_1(a1928)=>(c8_2(a1928,X86)|~c9_2(a1928,X86)|~c10_2(a1928,X86)))&![X87]:(ndr1_1(a1928)=>(c3_2(a1928,X87)|~c9_2(a1928,X87)|c7_2(a1928,X87))))|c5_0|![X88]:(ndr1_0=>(c5_1(X88)|~c6_1(X88))))&(![X89]:(ndr1_0=>((ndr1_1(X89)&~c9_2(X89,a1929)&c8_2(X89,a1929)&~c3_2(X89,a1929))|~c5_1(X89)|~c2_1(X89)))|![X90]:(ndr1_0=>(c10_1(X90)|c3_1(X90)|(ndr1_1(X90)&~c6_2(X90,a1930)&c8_2(X90,a1930)&c7_2(X90,a1930))))|(ndr1_0&~c8_1(a1931)&![X91]:(ndr1_1(a1931)=>(~c2_2(a1931,X91)|c5_2(a1931,X91)|~c1_2(a1931,X91)))&ndr1_1(a1931)&c1_2(a1931,a1932)&~c9_2(a1931,a1932)&c7_2(a1931,a1932)))&(![X92]:(ndr1_0=>(~c6_1(X92)|c5_1(X92)|c9_1(X92)))|![X93]:(ndr1_0=>(c6_1(X93)|![X94]:(ndr1_1(X93)=>(c5_2(X93,X94)|~c6_2(X93,X94)|~c2_2(X93,X94)))|![X95]:(ndr1_1(X93)=>(~c6_2(X93,X95)|c7_2(X93,X95)|c5_2(X93,X95)))))|![X96]:(ndr1_0=>(~c4_1(X96)|![X97]:(ndr1_1(X96)=>(~c1_2(X96,X97)|c10_2(X96,X97)|~c8_2(X96,X97)))|c9_1(X96))))&(~c5_0|~c7_0|(ndr1_0&~c8_1(a1933)&ndr1_1(a1933)&~c1_2(a1933,a1934)&c5_2(a1933,a1934)&c8_2(a1933,a1934)&~c3_1(a1933)))&(c2_0|(ndr1_0&ndr1_1(a1935)&~c8_2(a1935,a1936)&c5_2(a1935,a1936)&![X98]:(ndr1_1(a1935)=>(~c8_2(a1935,X98)|c10_2(a1935,X98)|c3_2(a1935,X98)))&~c9_1(a1935))|![X99]:(ndr1_0=>(~c10_1(X99)|~c6_1(X99))))&(c10_0|c7_0|(ndr1_0&c2_1(a1937)&ndr1_1(a1937)&~c7_2(a1937,a1938)&~c6_2(a1937,a1938)&~c10_1(a1937)))&((ndr1_0&~c2_1(a1939)&c10_1(a1939)&![X100]:(ndr1_1(a1939)=>(~c8_2(a1939,X100)|~c3_2(a1939,X100))))|![X101]:(ndr1_0=>((ndr1_1(X101)&~c6_2(X101,a1940)&c8_2(X101,a1940))|c3_1(X101)|~c6_1(X101))))&(~c3_0|c7_0|(ndr1_0&~c1_1(a1941)&~c9_1(a1941)))&(c7_0|![X102]:(ndr1_0=>(c4_1(X102)|(ndr1_1(X102)&~c3_2(X102,a1942)&~c9_2(X102,a1942)&~c6_2(X102,a1942))|c2_1(X102)))|![X103]:(ndr1_0=>(c2_1(X103)|~c3_1(X103)|~c10_1(X103))))&(c6_0|c1_0|![X104]:(ndr1_0=>(![X105]:(ndr1_1(X104)=>(~c9_2(X104,X105)|c8_2(X104,X105)|c2_2(X104,X105)))|![X106]:(ndr1_1(X104)=>(c10_2(X104,X106)|~c1_2(X104,X106)))|~c9_1(X104))))&((ndr1_0&~c7_1(a1943)&ndr1_1(a1943)&c4_2(a1943,a1944)&~c1_2(a1943,a1944)&c10_2(a1943,a1944)&~c4_1(a1943))|(ndr1_0&![X107]:(ndr1_1(a1945)=>(c2_2(a1945,X107)|~c4_2(a1945,X107)))&![X108]:(ndr1_1(a1945)=>(~c10_2(a1945,X108)|~c5_2(a1945,X108)|~c3_2(a1945,X108)))&~c4_1(a1945))|![X109]:(ndr1_0=>(![X110]:(ndr1_1(X109)=>(~c3_2(X109,X110)|~c8_2(X109,X110)|c1_2(X109,X110)))|![X111]:(ndr1_1(X109)=>(~c6_2(X109,X111)|~c8_2(X109,X111)|c3_2(X109,X111))))))&((ndr1_0&c8_1(a1946)&~c1_1(a1946))|c9_0|![X112]:(ndr1_0=>(~c10_1(X112)|(ndr1_1(X112)&c9_2(X112,a1947)&c2_2(X112,a1947)&c7_2(X112,a1947))|(ndr1_1(X112)&~c10_2(X112,a1948)&c7_2(X112,a1948)&~c6_2(X112,a1948)))))&(![X113]:(ndr1_0=>(c8_1(X113)|c1_1(X113)|(ndr1_1(X113)&c9_2(X113,a1949)&c7_2(X113,a1949)&c10_2(X113,a1949))))|(ndr1_0&c5_1(a1950)&![X114]:(ndr1_1(a1950)=>(c10_2(a1950,X114)|c3_2(a1950,X114)|~c4_2(a1950,X114)))&~c1_1(a1950))|(ndr1_0&~c3_1(a1951)&c5_1(a1951)))&(~c7_0|![X115]:(ndr1_0=>(c8_1(X115)|~c1_1(X115)|![X116]:(ndr1_1(X115)=>~c2_2(X115,X116))))|~c5_0)&(![X117]:(ndr1_0=>(![X118]:(ndr1_1(X117)=>(~c7_2(X117,X118)|~c6_2(X117,X118)|~c3_2(X117,X118)))|c6_1(X117)))|~c5_0|(ndr1_0&~c10_1(a1952)&![X119]:(ndr1_1(a1952)=>(~c1_2(a1952,X119)|~c7_2(a1952,X119)|c3_2(a1952,X119)))))&(c3_0|![X120]:(ndr1_0=>(![X121]:(ndr1_1(X120)=>(c1_2(X120,X121)|~c5_2(X120,X121)|~c7_2(X120,X121)))|(ndr1_1(X120)&c4_2(X120,a1953)&c10_2(X120,a1953)&~c6_2(X120,a1953))|(ndr1_1(X120)&c3_2(X120,a1954)&c10_2(X120,a1954)&c5_2(X120,a1954)))))&(![X122]:(ndr1_0=>(~c10_1(X122)|(ndr1_1(X122)&c5_2(X122,a1955)&c3_2(X122,a1955)&~c1_2(X122,a1955))|~c7_1(X122)))|c8_0|![X123]:(ndr1_0=>((ndr1_1(X123)&c8_2(X123,a1956)&c1_2(X123,a1956)&~c6_2(X123,a1956))|(ndr1_1(X123)&~c7_2(X123,a1957)&~c8_2(X123,a1957)&c6_2(X123,a1957))|~c8_1(X123))))&(c7_0|~c3_0|(ndr1_0&ndr1_1(a1958)&c4_2(a1958,a1959)&~c7_2(a1958,a1959)&c8_2(a1958,a1959)&~c9_1(a1958)&~c5_1(a1958)))&(c8_0|(ndr1_0&ndr1_1(a1960)&~c3_2(a1960,a1961)&~c10_2(a1960,a1961)&~c5_1(a1960)&~c10_1(a1960))|![X124]:(ndr1_0=>(~c6_1(X124)|![X125]:(ndr1_1(X124)=>(c9_2(X124,X125)|c1_2(X124,X125)|c8_2(X124,X125)))|c1_1(X124))))&(![X126]:(ndr1_0=>(~c1_1(X126)|c8_1(X126)|(ndr1_1(X126)&c3_2(X126,a1962)&c6_2(X126,a1962)&~c9_2(X126,a1962))))|(ndr1_0&c5_1(a1963)&![X127]:(ndr1_1(a1963)=>(~c10_2(a1963,X127)|~c5_2(a1963,X127)|c6_2(a1963,X127)))&![X128]:(ndr1_1(a1963)=>(~c9_2(a1963,X128)|c4_2(a1963,X128)|c1_2(a1963,X128)))))&((ndr1_0&ndr1_1(a1964)&c3_2(a1964,a1965)&c9_2(a1964,a1965)&~c4_2(a1964,a1965)&ndr1_1(a1964)&~c10_2(a1964,a1966)&~c3_2(a1964,a1966)&![X129]:(ndr1_1(a1964)=>(c3_2(a1964,X129)|~c2_2(a1964,X129)|c9_2(a1964,X129))))|~c6_0|c5_0)&(![X130]:(ndr1_0=>(c5_1(X130)|![X131]:(ndr1_1(X130)=>(~c10_2(X130,X131)|~c4_2(X130,X131)|c6_2(X130,X131)))|~c7_1(X130)))|(ndr1_0&![X132]:(ndr1_1(a1967)=>(c3_2(a1967,X132)|c5_2(a1967,X132)))&![X133]:(ndr1_1(a1967)=>(c1_2(a1967,X133)|~c5_2(a1967,X133)|c8_2(a1967,X133)))&![X134]:(ndr1_1(a1967)=>(c4_2(a1967,X134)|~c10_2(a1967,X134)|~c7_2(a1967,X134)))))&(![X135]:(ndr1_0=>(~c10_1(X135)|(ndr1_1(X135)&~c7_2(X135,a1968)&~c2_2(X135,a1968)&c8_2(X135,a1968))|c1_1(X135)))|~c2_0|![X136]:(ndr1_0=>(c6_1(X136)|c10_1(X136)|c4_1(X136))))&(c7_0|c10_0|~c1_0)&(![X137]:(ndr1_0=>(c7_1(X137)|![X138]:(ndr1_1(X137)=>(~c6_2(X137,X138)|~c3_2(X137,X138)))))|![X139]:(ndr1_0=>(~c2_1(X139)|c7_1(X139)|(ndr1_1(X139)&c1_2(X139,a1969)&~c5_2(X139,a1969)&~c8_2(X139,a1969)))))&(~c4_0|(ndr1_0&~c10_1(a1970)&~c5_1(a1970)&c7_1(a1970))|~c1_0)&((ndr1_0&~c3_1(a1971)&ndr1_1(a1971)&~c8_2(a1971,a1972)&~c5_2(a1971,a1972)&~c7_2(a1971,a1972)&ndr1_1(a1971)&c7_2(a1971,a1973)&c10_2(a1971,a1973))|![X140]:(ndr1_0=>((ndr1_1(X140)&~c1_2(X140,a1974)&~c2_2(X140,a1974)&~c7_2(X140,a1974))|~c6_1(X140)|~c10_1(X140)))|c5_0)&((ndr1_0&~c7_1(a1975)&![X141]:(ndr1_1(a1975)=>(~c7_2(a1975,X141)|~c10_2(a1975,X141)|c5_2(a1975,X141))))|~c3_0|~c7_0)&(![X142]:(ndr1_0=>(![X143]:(ndr1_1(X142)=>(c4_2(X142,X143)|~c1_2(X142,X143)|c10_2(X142,X143)))|c6_1(X142)))|![X144]:(ndr1_0=>(c5_1(X144)|![X145]:(ndr1_1(X144)=>(~c1_2(X144,X145)|c5_2(X144,X145)|c10_2(X144,X145)))))|~c10_0)&(~c2_0|c7_0)&(c2_0|~c10_0|c9_0)&((ndr1_0&~c9_1(a1976)&ndr1_1(a1976)&c8_2(a1976,a1977)&c7_2(a1976,a1977)&~c6_2(a1976,a1977)&~c1_1(a1976))|![X146]:(ndr1_0=>(![X147]:(ndr1_1(X146)=>(~c2_2(X146,X147)|~c1_2(X146,X147)|~c3_2(X146,X147)))|c3_1(X146)|![X148]:(ndr1_1(X146)=>(~c3_2(X146,X148)|~c7_2(X146,X148)|~c8_2(X146,X148)))))|![X149]:(ndr1_0=>(c7_1(X149)|(ndr1_1(X149)&c5_2(X149,a1978)&c9_2(X149,a1978))|![X150]:(ndr1_1(X149)=>(~c2_2(X149,X150)|c5_2(X149,X150)|c7_2(X149,X150))))))&((ndr1_0&c1_1(a1979)&c9_1(a1979)&![X151]:(ndr1_1(a1979)=>(~c7_2(a1979,X151)|~c4_2(a1979,X151)|~c10_2(a1979,X151))))|c3_0|![X152]:(ndr1_0=>(c10_1(X152)|(ndr1_1(X152)&c1_2(X152,a1980)&c7_2(X152,a1980)&c4_2(X152,a1980))|(ndr1_1(X152)&~c5_2(X152,a1981)&~c2_2(X152,a1981)&c7_2(X152,a1981)))))&(![X153]:(ndr1_0=>(c3_1(X153)|(ndr1_1(X153)&c5_2(X153,a1982)&c10_2(X153,a1982)&~c9_2(X153,a1982))))|c9_0|~c5_0)&(c9_0|c1_0)&(~c3_0|~c6_0|~c9_0)&(![X154]:(ndr1_0=>(~c2_1(X154)|~c5_1(X154)|(ndr1_1(X154)&~c5_2(X154,a1983)&c8_2(X154,a1983)&c1_2(X154,a1983))))|![X155]:(ndr1_0=>((ndr1_1(X155)&c8_2(X155,a1984)&~c10_2(X155,a1984)&c9_2(X155,a1984))|c1_1(X155)|(ndr1_1(X155)&c8_2(X155,a1985)&c6_2(X155,a1985)&c3_2(X155,a1985))))|(ndr1_0&ndr1_1(a1986)&~c5_2(a1986,a1987)&c7_2(a1986,a1987)&~c2_2(a1986,a1987)&~c9_1(a1986)&~c7_1(a1986)))&(![X156]:(ndr1_0=>(c4_1(X156)|![X157]:(ndr1_1(X156)=>(~c1_2(X156,X157)|c3_2(X156,X157)|~c8_2(X156,X157)))|c5_1(X156)))|(ndr1_0&![X158]:(ndr1_1(a1988)=>(~c5_2(a1988,X158)|~c2_2(a1988,X158)|~c1_2(a1988,X158)))&ndr1_1(a1988)&~c3_2(a1988,a1989)&~c6_2(a1988,a1989)&c5_2(a1988,a1989)&~c5_1(a1988))|![X159]:(ndr1_0=>(c9_1(X159)|~c8_1(X159)|![X160]:(ndr1_1(X159)=>(~c8_2(X159,X160)|c5_2(X159,X160)|c10_2(X159,X160))))))&(c2_0|~c1_0|![X161]:(ndr1_0=>(~c6_1(X161)|~c4_1(X161)|c5_1(X161))))&(![X162]:(ndr1_0=>((ndr1_1(X162)&~c5_2(X162,a1990)&c10_2(X162,a1990)&~c2_2(X162,a1990))|~c10_1(X162)|(ndr1_1(X162)&c1_2(X162,a1991)&~c9_2(X162,a1991)&~c4_2(X162,a1991))))|![X163]:(ndr1_0=>((ndr1_1(X163)&~c2_2(X163,a1992)&c8_2(X163,a1992)&c10_2(X163,a1992))|(ndr1_1(X163)&c8_2(X163,a1993)&c10_2(X163,a1993)&~c9_2(X163,a1993))|c1_1(X163)))|~c6_0)&(![X164]:(ndr1_0=>((ndr1_1(X164)&~c10_2(X164,a1994)&c9_2(X164,a1994))|c4_1(X164)|~c10_1(X164)))|(ndr1_0&ndr1_1(a1995)&~c6_2(a1995,a1996)&c5_2(a1995,a1996)&~c1_2(a1995,a1996)&![X165]:(ndr1_1(a1995)=>(~c3_2(a1995,X165)|c2_2(a1995,X165)|c5_2(a1995,X165)))&~c3_1(a1995))|~c7_0)&((ndr1_0&c8_1(a1997)&~c3_1(a1997))|~c4_0)&((ndr1_0&~c5_1(a1998)&ndr1_1(a1998)&c10_2(a1998,a1999)&~c2_2(a1998,a1999)&c3_2(a1998,a1999)&ndr1_1(a1998)&c6_2(a1998,a2000)&c9_2(a1998,a2000)&c1_2(a1998,a2000))|(ndr1_0&c2_1(a2001)&ndr1_1(a2001)&c9_2(a2001,a2002)&~c2_2(a2001,a2002)&c5_2(a2001,a2002)&~c3_1(a2001))|~c5_0)&((ndr1_0&![X166]:(ndr1_1(a2003)=>(c3_2(a2003,X166)|c1_2(a2003,X166)|c9_2(a2003,X166)))&![X167]:(ndr1_1(a2003)=>(c9_2(a2003,X167)|c4_2(a2003,X167)|c6_2(a2003,X167)))&c3_1(a2003))|c2_0|~c8_0)&(~c6_0|c1_0|(ndr1_0&ndr1_1(a2004)&c8_2(a2004,a2005)&~c10_2(a2004,a2005)&![X168]:(ndr1_1(a2004)=>(~c1_2(a2004,X168)|c9_2(a2004,X168)))&~c1_1(a2004)))&((ndr1_0&ndr1_1(a2006)&c4_2(a2006,a2007)&c7_2(a2006,a2007)&~c2_2(a2006,a2007)&c4_1(a2006)&![X169]:(ndr1_1(a2006)=>(c9_2(a2006,X169)|c7_2(a2006,X169))))|![X170]:(ndr1_0=>(~c9_1(X170)|(ndr1_1(X170)&~c5_2(X170,a2008)&c3_2(X170,a2008)&~c2_2(X170,a2008))|(ndr1_1(X170)&c6_2(X170,a2009)&~c4_2(X170,a2009)&c7_2(X170,a2009))))|c4_0)&(c6_0|~c10_0)&(~c6_0|(ndr1_0&c7_1(a2010)&![X171]:(ndr1_1(a2010)=>(c1_2(a2010,X171)|c8_2(a2010,X171)|c10_2(a2010,X171)))&~c1_1(a2010))|c1_0)&(![X172]:(ndr1_0=>((ndr1_1(X172)&c4_2(X172,a2011)&c9_2(X172,a2011)&c2_2(X172,a2011))|c2_1(X172)|![X173]:(ndr1_1(X172)=>(c7_2(X172,X173)|~c4_2(X172,X173)|c2_2(X172,X173)))))|~c6_0|~c1_0)&(![X174]:(ndr1_0=>(![X175]:(ndr1_1(X174)=>(c10_2(X174,X175)|c6_2(X174,X175)|c9_2(X174,X175)))|c4_1(X174)|![X176]:(ndr1_1(X174)=>(~c10_2(X174,X176)|~c1_2(X174,X176)|~c6_2(X174,X176)))))|![X177]:(ndr1_0=>(~c8_1(X177)|~c9_1(X177)|![X178]:(ndr1_1(X177)=>(~c10_2(X177,X178)|~c3_2(X177,X178)|~c4_2(X177,X178)))))|~c6_0)&(~c2_0|![X179]:(ndr1_0=>(![X180]:(ndr1_1(X179)=>(c1_2(X179,X180)|~c6_2(X179,X180)))|c5_1(X179)|(ndr1_1(X179)&c2_2(X179,a2012)&~c7_2(X179,a2012)&c8_2(X179,a2012))))|![X181]:(ndr1_0=>((ndr1_1(X181)&c7_2(X181,a2013)&~c4_2(X181,a2013)&c1_2(X181,a2013))|c10_1(X181)|![X182]:(ndr1_1(X181)=>(~c8_2(X181,X182)|c4_2(X181,X182)|c10_2(X181,X182))))))&((ndr1_0&~c7_1(a2014)&c2_1(a2014)&![X183]:(ndr1_1(a2014)=>(~c3_2(a2014,X183)|c9_2(a2014,X183)|~c4_2(a2014,X183))))|(ndr1_0&![X184]:(ndr1_1(a2015)=>(c2_2(a2015,X184)|~c10_2(a2015,X184)))&ndr1_1(a2015)&~c8_2(a2015,a2016)&~c9_2(a2015,a2016)))&(c3_0|c7_0|c2_0)&(c2_0|(ndr1_0&c8_1(a2017)&c3_1(a2017)&![X185]:(ndr1_1(a2017)=>(c4_2(a2017,X185)|c7_2(a2017,X185)|c2_2(a2017,X185)))))&(~c9_0|c2_0|![X186]:(ndr1_0=>((ndr1_1(X186)&c6_2(X186,a2018)&~c10_2(X186,a2018)&~c4_2(X186,a2018))|c8_1(X186)|c10_1(X186))))&(~c2_0|~c3_0)&((ndr1_0&c4_1(a2019)&![X187]:(ndr1_1(a2019)=>(c2_2(a2019,X187)|~c6_2(a2019,X187)|~c3_2(a2019,X187)))&c3_1(a2019))|![X188]:(ndr1_0=>(~c6_1(X188)|(ndr1_1(X188)&~c9_2(X188,a2020)&c5_2(X188,a2020))|![X189]:(ndr1_1(X188)=>(~c3_2(X188,X189)|c2_2(X188,X189)|c1_2(X188,X189)))))|![X190]:(ndr1_0=>(~c3_1(X190)|~c10_1(X190)|~c9_1(X190))))&(c4_0|~c6_0|![X191]:(ndr1_0=>(![X192]:(ndr1_1(X191)=>(c8_2(X191,X192)|~c10_2(X191,X192)|~c4_2(X191,X192)))|c8_1(X191)|~c3_1(X191))))&((ndr1_0&~c3_1(a2021)&~c8_1(a2021)&~c1_1(a2021))|~c3_0)&(~c10_0|(ndr1_0&c3_1(a2022)&~c7_1(a2022))|c8_0)&((ndr1_0&~c8_1(a2023)&~c10_1(a2023)&![X193]:(ndr1_1(a2023)=>(c6_2(a2023,X193)|~c2_2(a2023,X193)|~c5_2(a2023,X193))))|~c1_0)&(~c9_0|![X194]:(ndr1_0=>(~c7_1(X194)|![X195]:(ndr1_1(X194)=>(c5_2(X194,X195)|c3_2(X194,X195)|c4_2(X194,X195)))|~c5_1(X194))))&(c7_0|c9_0)&(c3_0|~c1_0)&(![X196]:(ndr1_0=>(~c4_1(X196)|![X197]:(ndr1_1(X196)=>(c7_2(X196,X197)|~c10_2(X196,X197)|c4_2(X196,X197)))|(ndr1_1(X196)&c3_2(X196,a2024)&c10_2(X196,a2024)&~c6_2(X196,a2024))))|~c7_0|![X198]:(ndr1_0=>(c10_1(X198)|![X199]:(ndr1_1(X198)=>(~c8_2(X198,X199)|c2_2(X198,X199)|c3_2(X198,X199)))|(ndr1_1(X198)&~c5_2(X198,a2025)&~c6_2(X198,a2025)&c3_2(X198,a2025)))))&(![X200]:(ndr1_0=>(~c5_1(X200)|c4_1(X200)|(ndr1_1(X200)&~c10_2(X200,a2026)&c4_2(X200,a2026)&c3_2(X200,a2026))))|~c7_0|c6_0)&((ndr1_0&c3_1(a2027)&~c4_1(a2027)&~c6_1(a2027))|c8_0|![X201]:(ndr1_0=>((ndr1_1(X201)&c2_2(X201,a2028)&~c8_2(X201,a2028)&c4_2(X201,a2028))|c2_1(X201)|~c6_1(X201))))&((ndr1_0&c10_1(a2029)&![X202]:(ndr1_1(a2029)=>(~c3_2(a2029,X202)|c4_2(a2029,X202)|~c8_2(a2029,X202)))&![X203]:(ndr1_1(a2029)=>(~c9_2(a2029,X203)|~c4_2(a2029,X203)|~c7_2(a2029,X203))))|c4_0)&(c3_0|(ndr1_0&~c7_1(a2030)&~c6_1(a2030))|![X204]:(ndr1_0=>((ndr1_1(X204)&c8_2(X204,a2031)&~c5_2(X204,a2031))|(ndr1_1(X204)&c2_2(X204,a2032)&c7_2(X204,a2032)&~c1_2(X204,a2032))|c1_1(X204))))))			
../../TPTP-v7.3.0/Problems/SYN/SYN497-1.p		Satisfiable	UNKNOWN		UNKNOWN		cnf					
../../TPTP-v7.3.0/Problems/SYN/SYN095-1.002.p		Unsatisfiable	UNKNOWN		UNKNOWN		cnf	(p_1_2(X)|~p_2_2(X)|~p_1_1(X)),(p_1_2(X)|~q_2_2(X)|~q_1_1(X)),(q_1_2(X)|~p_2_2(X)|~q_1_1(X)),(q_1_2(X)|~q_2_2(X)|~p_1_1(X)),(p_1_1(X)|~p_1_2(X)),(q_1_1(X)|~q_1_2(X)),(p_2_2(X)|~p_1_2(X)),(q_2_2(X)|~q_1_2(X)),(p_1_1(a)),(q_1_1(a)),(p_2_2(a)),(q_2_2(a)),(p_1_2(X)|~p_2_2(X)|~p_1_1(X)),(p_1_2(X)|~q_2_2(X)|~q_1_1(X)),(q_1_2(X)|~p_2_2(X)|~q_1_1(X)),(q_1_2(X)|~q_2_2(X)|~p_1_1(X)),(p_1_1(X)|~p_1_2(X)),(q_1_1(X)|~q_1_2(X)),(p_2_2(X)|~p_1_2(X)),(q_2_2(X)|~q_1_2(X)),(p_1_1(a)),(q_1_1(a)),(p_2_2(a)),(q_2_2(a))				
../../TPTP-v7.3.0/Problems/SYN/SYN554-1.p		Unsatisfiable	UNKNOWN		UNKNOWN		cnf					
../../TPTP-v7.3.0/Problems/SYN/SYN357+1.p		Theorem	YES	DTS/Alligator/AlexHappy/output/SYN357+1_dts.html	UNKNOWN		fof		(![X]:?[Y]:(big_p(X)=>big_p(Y)))			
../../TPTP-v7.3.0/Problems/SYN/SYN154-1.p		Unsatisfiable	UNKNOWN		UNKNOWN		cnf					
../../TPTP-v7.3.0/Problems/SYN/SYN843-1.p		Unsatisfiable	UNKNOWN		UNKNOWN		cnf					
../../TPTP-v7.3.0/Problems/SYN/SYN193-1.p		Unsatisfiable	UNKNOWN		UNKNOWN		cnf					
../../TPTP-v7.3.0/Problems/SYN/SYN757-1.p		Satisfiable	UNKNOWN		UNKNOWN		cnf					
../../TPTP-v7.3.0/Problems/SYN/SYN460-1.p		Unsatisfiable	UNKNOWN		UNKNOWN		cnf					
../../TPTP-v7.3.0/Problems/SYN/SYN034-1.p		Unsatisfiable	UNKNOWN		UNKNOWN		cnf	(p(A,a)|p(A,f(A))),(p(A,a)|p(f(A),A)),(p(A,a)|p(A,f(A))),(p(A,a)|p(f(A),A))				
../../TPTP-v7.3.0/Problems/SYN/SYN099-1.003.p		Unsatisfiable	UNKNOWN		UNKNOWN		cnf	(p_1_2(X)|~p_2_2(X)|~p_1_1(X)),(p_1_2(X)|~q_2_2(X)|~q_1_1(X)),(p_1_3(X)|~p_2_3(X)|~p_1_2(X)),(p_1_3(X)|~q_2_3(X)|~q_1_2(X)),(p_2_3(X)|~p_3_3(X)|~p_2_2(X)),(p_2_3(X)|~q_3_3(X)|~q_2_2(X)),(q_1_2(X)|~p_2_2(X)|~q_1_1(X)),(q_1_2(X)|~q_2_2(X)|~p_1_1(X)),(q_1_3(X)|~p_2_3(X)|~q_1_2(X)),(q_1_3(X)|~q_2_3(X)|~p_1_2(X)),(q_2_3(X)|~p_3_3(X)|~q_2_2(X)),(q_2_3(X)|~q_3_3(X)|~p_2_2(X)),(p_1_1(X)|~p_1_2(X)),(q_1_1(X)|~q_1_2(X)),(p_2_2(X)|~p_1_2(X)),(p_3_3(X)|~p_2_3(X)),(q_2_2(X)|~q_1_2(X)),(q_3_3(X)|~q_2_3(X)),(p_1_1(a)),(q_1_1(a)),(p_2_2(a)),(q_2_2(a)),(p_3_3(a)),(q_3_3(a)),(sym_p_1_3(X)),(~sym_p_1_2(X)|sym_p_2_2(X)|sym_p_1_1(X)),(~sym_p_1_2(X)|sym_q_2_2(X)|sym_q_1_1(X)),(~sym_p_1_3(X)|sym_p_2_3(X)|sym_p_1_2(X)),(~sym_p_1_3(X)|sym_q_2_3(X)|sym_q_1_2(X)),(~sym_p_2_3(X)|sym_p_3_3(X)|sym_p_2_2(X)),(~sym_p_2_3(X)|sym_q_3_3(X)|sym_q_2_2(X)),(~sym_q_1_2(X)|sym_p_2_2(X)|sym_q_1_1(X)),(~sym_q_1_2(X)|sym_q_2_2(X)|sym_p_1_1(X)),(~sym_q_1_3(X)|sym_p_2_3(X)|sym_q_1_2(X)),(~sym_q_1_3(X)|sym_q_2_3(X)|sym_p_1_2(X)),(~sym_q_2_3(X)|sym_p_3_3(X)|sym_q_2_2(X)),(~sym_q_2_3(X)|sym_q_3_3(X)|sym_p_2_2(X)),(~sym_p_1_1(X)|sym_p_1_2(X)),(~sym_q_1_1(X)|sym_q_1_2(X)),(~sym_p_2_2(X)|sym_p_1_2(X)),(~sym_p_3_3(X)|sym_p_2_3(X)),(~sym_q_2_2(X)|sym_q_1_2(X)),(~sym_q_3_3(X)|sym_q_2_3(X)),(~sym_p_1_1(a)),(~sym_q_1_1(a)),(~sym_p_2_2(a)),(~sym_q_2_2(a)),(~sym_p_3_3(a)),(~sym_q_3_3(a)),(p_1_2(X)|~p_2_2(X)|~p_1_1(X)),(p_1_2(X)|~q_2_2(X)|~q_1_1(X)),(p_1_3(X)|~p_2_3(X)|~p_1_2(X)),(p_1_3(X)|~q_2_3(X)|~q_1_2(X)),(p_2_3(X)|~p_3_3(X)|~p_2_2(X)),(p_2_3(X)|~q_3_3(X)|~q_2_2(X)),(q_1_2(X)|~p_2_2(X)|~q_1_1(X)),(q_1_2(X)|~q_2_2(X)|~p_1_1(X)),(q_1_3(X)|~p_2_3(X)|~q_1_2(X)),(q_1_3(X)|~q_2_3(X)|~p_1_2(X)),(q_2_3(X)|~p_3_3(X)|~q_2_2(X)),(q_2_3(X)|~q_3_3(X)|~p_2_2(X)),(p_1_1(X)|~p_1_2(X)),(q_1_1(X)|~q_1_2(X)),(p_2_2(X)|~p_1_2(X)),(p_3_3(X)|~p_2_3(X)),(q_2_2(X)|~q_1_2(X)),(q_3_3(X)|~q_2_3(X)),(p_1_1(a)),(q_1_1(a)),(p_2_2(a)),(q_2_2(a)),(p_3_3(a)),(q_3_3(a)),(sym_p_1_3(X)),(~sym_p_1_2(X)|sym_p_2_2(X)|sym_p_1_1(X)),(~sym_p_1_2(X)|sym_q_2_2(X)|sym_q_1_1(X)),(~sym_p_1_3(X)|sym_p_2_3(X)|sym_p_1_2(X)),(~sym_p_1_3(X)|sym_q_2_3(X)|sym_q_1_2(X)),(~sym_p_2_3(X)|sym_p_3_3(X)|sym_p_2_2(X)),(~sym_p_2_3(X)|sym_q_3_3(X)|sym_q_2_2(X)),(~sym_q_1_2(X)|sym_p_2_2(X)|sym_q_1_1(X)),(~sym_q_1_2(X)|sym_q_2_2(X)|sym_p_1_1(X)),(~sym_q_1_3(X)|sym_p_2_3(X)|sym_q_1_2(X)),(~sym_q_1_3(X)|sym_q_2_3(X)|sym_p_1_2(X)),(~sym_q_2_3(X)|sym_p_3_3(X)|sym_q_2_2(X)),(~sym_q_2_3(X)|sym_q_3_3(X)|sym_p_2_2(X)),(~sym_p_1_1(X)|sym_p_1_2(X)),(~sym_q_1_1(X)|sym_q_1_2(X)),(~sym_p_2_2(X)|sym_p_1_2(X)),(~sym_p_3_3(X)|sym_p_2_3(X)),(~sym_q_2_2(X)|sym_q_1_2(X)),(~sym_q_3_3(X)|sym_q_2_3(X)),(~sym_p_1_1(a)),(~sym_q_1_1(a)),(~sym_p_2_2(a)),(~sym_q_2_2(a)),(~sym_p_3_3(a)),(~sym_q_3_3(a))				
../../TPTP-v7.3.0/Problems/SYN/SYN539-1.p		Satisfiable	UNKNOWN		UNKNOWN		cnf					
../../TPTP-v7.3.0/Problems/SYN/SYN339-1.p		Unsatisfiable	UNKNOWN		UNKNOWN		cnf					
../../TPTP-v7.3.0/Problems/SYN/SYN878-1.p		Unsatisfiable	UNKNOWN		UNKNOWN		cnf					
../../TPTP-v7.3.0/Problems/SYN/SYN420+1.p		CounterSatisfiable	UNKNOWN		UNKNOWN		fof		(~((~c1_0|![U]:(ndr1_0=>(~c9_1(U)|~c10_1(U)|c7_1(U)))|c3_0)&((ndr1_0&ndr1_1(a269)&c9_2(a269,a270)&~c3_2(a269,a270)&~c7_2(a269,a270)&c2_1(a269)&c4_1(a269))|c9_0|![V]:(ndr1_0=>(![W]:(ndr1_1(V)=>(~c10_2(V,W)|c3_2(V,W)|~c7_2(V,W)))|![X]:(ndr1_1(V)=>(~c7_2(V,X)|~c2_2(V,X)|~c1_2(V,X)))|c6_1(V))))&(~c4_0|~c6_0|(ndr1_0&c4_1(a271)&c3_1(a271)))&((ndr1_0&![Y]:(ndr1_1(a272)=>(c1_2(a272,Y)|~c6_2(a272,Y)))&ndr1_1(a272)&~c2_2(a272,a273)&~c4_2(a272,a273)&c1_2(a272,a273)&c5_1(a272))|c4_0)&(~c1_0|![Z]:(ndr1_0=>(c1_1(Z)|(ndr1_1(Z)&~c8_2(Z,a274)&~c3_2(Z,a274)&~c5_2(Z,a274))|(ndr1_1(Z)&~c2_2(Z,a275)&~c10_2(Z,a275)&~c6_2(Z,a275))))|c7_0)&(~c5_0|![X1]:(ndr1_0=>((ndr1_1(X1)&c2_2(X1,a276)&c8_2(X1,a276)&~c4_2(X1,a276))|![X2]:(ndr1_1(X1)=>(c3_2(X1,X2)|c5_2(X1,X2)))|c6_1(X1)))|~c4_0)&(~c6_0|~c1_0)&((ndr1_0&~c5_1(a277)&![X3]:(ndr1_1(a277)=>(c10_2(a277,X3)|~c3_2(a277,X3)|~c4_2(a277,X3)))&![X4]:(ndr1_1(a277)=>(c4_2(a277,X4)|~c6_2(a277,X4)|c7_2(a277,X4))))|~c8_0)&(c6_0|~c7_0|(ndr1_0&ndr1_1(a278)&c4_2(a278,a279)&c3_2(a278,a279)&c8_2(a278,a279)&![X5]:(ndr1_1(a278)=>(~c7_2(a278,X5)|c4_2(a278,X5)|~c2_2(a278,X5)))&~c4_1(a278)))&(~c10_0|![X6]:(ndr1_0=>(c7_1(X6)|c4_1(X6))))&(~c3_0|c8_0|(ndr1_0&![X7]:(ndr1_1(a280)=>(~c10_2(a280,X7)|c9_2(a280,X7)|c6_2(a280,X7)))&![X8]:(ndr1_1(a280)=>(c7_2(a280,X8)|c6_2(a280,X8)|c4_2(a280,X8)))&![X9]:(ndr1_1(a280)=>(~c2_2(a280,X9)|c1_2(a280,X9)|c3_2(a280,X9)))))&(c4_0|(ndr1_0&~c10_1(a281)&![X10]:(ndr1_1(a281)=>(~c8_2(a281,X10)|~c2_2(a281,X10)|c1_2(a281,X10))))|(ndr1_0&![X11]:(ndr1_1(a282)=>(c3_2(a282,X11)|~c7_2(a282,X11)))&c4_1(a282)&~c6_1(a282)))&((ndr1_0&~c2_1(a283)&c4_1(a283)&ndr1_1(a283)&~c8_2(a283,a284)&~c3_2(a283,a284))|![X12]:(ndr1_0=>(~c1_1(X12)|c7_1(X12)|~c4_1(X12)))|![X13]:(ndr1_0=>((ndr1_1(X13)&c7_2(X13,a285)&c6_2(X13,a285)&c1_2(X13,a285))|c9_1(X13)|(ndr1_1(X13)&~c8_2(X13,a286)&~c7_2(X13,a286)&c6_2(X13,a286)))))&(c2_0|![X14]:(ndr1_0=>(c8_1(X14)|~c2_1(X14)))|(ndr1_0&ndr1_1(a287)&~c6_2(a287,a288)&c4_2(a287,a288)&ndr1_1(a287)&~c6_2(a287,a289)&c8_2(a287,a289)&ndr1_1(a287)&~c3_2(a287,a290)&c5_2(a287,a290)&~c9_2(a287,a290)))&(~c7_0|(ndr1_0&ndr1_1(a291)&c10_2(a291,a292)&c8_2(a291,a292)&~c5_2(a291,a292)&ndr1_1(a291)&~c5_2(a291,a293)&c3_2(a291,a293)&~c1_2(a291,a293))|c5_0)&(![X15]:(ndr1_0=>(c3_1(X15)|~c2_1(X15)|c8_1(X15)))|c6_0|(ndr1_0&![X16]:(ndr1_1(a294)=>c7_2(a294,X16))&ndr1_1(a294)&c3_2(a294,a295)&~c2_2(a294,a295)&~c1_2(a294,a295)&~c4_1(a294)))&((ndr1_0&c6_1(a296)&~c7_1(a296)&c10_1(a296))|(ndr1_0&ndr1_1(a297)&~c5_2(a297,a298)&c8_2(a297,a298)&~c4_2(a297,a298)&~c7_1(a297)&~c4_1(a297))|![X17]:(ndr1_0=>(c9_1(X17)|c8_1(X17)|(ndr1_1(X17)&c9_2(X17,a299)&c8_2(X17,a299)&~c3_2(X17,a299)))))&(![X18]:(ndr1_0=>(~c1_1(X18)|![X19]:(ndr1_1(X18)=>(c9_2(X18,X19)|~c8_2(X18,X19)|~c5_2(X18,X19)))|~c4_1(X18)))|(ndr1_0&~c8_1(a300)&![X20]:(ndr1_1(a300)=>(~c2_2(a300,X20)|~c7_2(a300,X20)|c4_2(a300,X20)))&ndr1_1(a300)&~c5_2(a300,a301)&c4_2(a300,a301)&c6_2(a300,a301))|(ndr1_0&~c7_1(a302)&ndr1_1(a302)&c6_2(a302,a303)&~c5_2(a302,a303)&c10_1(a302)))&(~c10_0|c9_0|~c6_0)&(![X21]:(ndr1_0=>(~c8_1(X21)|~c1_1(X21)|![X22]:(ndr1_1(X21)=>(~c9_2(X21,X22)|c5_2(X21,X22)|c3_2(X21,X22)))))|![X23]:(ndr1_0=>(c10_1(X23)|~c5_1(X23)|(ndr1_1(X23)&c2_2(X23,a304)&c6_2(X23,a304)&~c4_2(X23,a304))))|~c1_0)&(~c1_0|~c9_0|(ndr1_0&ndr1_1(a305)&~c5_2(a305,a306)&c3_2(a305,a306)&c1_2(a305,a306)&c3_1(a305)&![X24]:(ndr1_1(a305)=>(~c8_2(a305,X24)|~c4_2(a305,X24)|~c10_2(a305,X24)))))&(![X25]:(ndr1_0=>(![X26]:(ndr1_1(X25)=>(~c3_2(X25,X26)|~c10_2(X25,X26)|~c2_2(X25,X26)))|~c10_1(X25)|~c4_1(X25)))|c1_0|![X27]:(ndr1_0=>(c4_1(X27)|![X28]:(ndr1_1(X27)=>(~c3_2(X27,X28)|c7_2(X27,X28)|c6_2(X27,X28))))))&(![X29]:(ndr1_0=>(~c9_1(X29)|~c6_1(X29)|![X30]:(ndr1_1(X29)=>(c1_2(X29,X30)|c6_2(X29,X30)|~c4_2(X29,X30)))))|c1_0|![X31]:(ndr1_0=>(~c4_1(X31)|~c8_1(X31))))&((ndr1_0&![X32]:(ndr1_1(a307)=>(c6_2(a307,X32)|~c7_2(a307,X32)|~c5_2(a307,X32)))&~c9_1(a307)&c8_1(a307))|c5_0)&((ndr1_0&~c5_1(a308)&~c10_1(a308)&ndr1_1(a308)&~c7_2(a308,a309)&c8_2(a308,a309)&c1_2(a308,a309))|(ndr1_0&~c5_1(a310)&~c2_1(a310)&ndr1_1(a310)&~c2_2(a310,a311)&c4_2(a310,a311)&~c6_2(a310,a311))|![X33]:(ndr1_0=>(c3_1(X33)|(ndr1_1(X33)&c5_2(X33,a312)&~c4_2(X33,a312)&c2_2(X33,a312))|c7_1(X33))))&(![X34]:(ndr1_0=>(![X35]:(ndr1_1(X34)=>(~c7_2(X34,X35)|c9_2(X34,X35)|~c2_2(X34,X35)))|c3_1(X34)|c9_1(X34)))|c1_0|~c9_0)&(c7_0|(ndr1_0&![X36]:(ndr1_1(a313)=>(~c7_2(a313,X36)|~c4_2(a313,X36)|~c3_2(a313,X36)))&ndr1_1(a313)&~c9_2(a313,a314)&~c4_2(a313,a314)&~c2_2(a313,a314))|(ndr1_0&c5_1(a315)&![X37]:(ndr1_1(a315)=>(c1_2(a315,X37)|c10_2(a315,X37)|c5_2(a315,X37)))&![X38]:(ndr1_1(a315)=>(c9_2(a315,X38)|c3_2(a315,X38)|~c7_2(a315,X38)))))&(~c7_0|![X39]:(ndr1_0=>((ndr1_1(X39)&~c3_2(X39,a316)&~c5_2(X39,a316)&c8_2(X39,a316))|![X40]:(ndr1_1(X39)=>(~c1_2(X39,X40)|c7_2(X39,X40)|c6_2(X39,X40)))|~c3_1(X39)))|c3_0)&(![X41]:(ndr1_0=>(c3_1(X41)|![X42]:(ndr1_1(X41)=>(~c10_2(X41,X42)|c4_2(X41,X42)))|![X43]:(ndr1_1(X41)=>(c9_2(X41,X43)|c7_2(X41,X43)|c4_2(X41,X43)))))|(ndr1_0&c5_1(a317)&c4_1(a317)&![X44]:(ndr1_1(a317)=>(~c2_2(a317,X44)|c6_2(a317,X44)|c10_2(a317,X44))))|c8_0)&(![X45]:(ndr1_0=>((ndr1_1(X45)&c10_2(X45,a318)&c7_2(X45,a318)&c3_2(X45,a318))|c5_1(X45)))|c9_0|(ndr1_0&~c9_1(a319)&~c10_1(a319)&![X46]:(ndr1_1(a319)=>(~c10_2(a319,X46)|c3_2(a319,X46)))))&(![X47]:(ndr1_0=>(~c9_1(X47)|![X48]:(ndr1_1(X47)=>(~c4_2(X47,X48)|~c8_2(X47,X48)|c5_2(X47,X48)))|~c10_1(X47)))|(ndr1_0&c6_1(a320)&ndr1_1(a320)&~c6_2(a320,a321)&c2_2(a320,a321)&ndr1_1(a320)&~c7_2(a320,a322)&~c2_2(a320,a322))|![X49]:(ndr1_0=>(![X50]:(ndr1_1(X49)=>(c1_2(X49,X50)|c8_2(X49,X50)|~c5_2(X49,X50)))|~c1_1(X49))))&(~c5_0|(ndr1_0&~c10_1(a323)&ndr1_1(a323)&~c9_2(a323,a324)&c7_2(a323,a324)&c4_2(a323,a324)&~c3_1(a323))|(ndr1_0&ndr1_1(a325)&c5_2(a325,a326)&c7_2(a325,a326)&~c4_2(a325,a326)&![X51]:(ndr1_1(a325)=>(~c6_2(a325,X51)|c4_2(a325,X51)|~c2_2(a325,X51)))&~c1_1(a325)))&(![X52]:(ndr1_0=>(c3_1(X52)|~c10_1(X52)|~c2_1(X52)))|![X53]:(ndr1_0=>(c10_1(X53)|~c7_1(X53)|~c9_1(X53)))|~c4_0)&((ndr1_0&c2_1(a327)&![X54]:(ndr1_1(a327)=>(c7_2(a327,X54)|c6_2(a327,X54)|~c5_2(a327,X54)))&~c5_1(a327))|![X55]:(ndr1_0=>(~c4_1(X55)|~c2_1(X55)|![X56]:(ndr1_1(X55)=>(~c2_2(X55,X56)|~c5_2(X55,X56)|~c1_2(X55,X56)))))|c5_0)&(c9_0|c6_0)&(![X57]:(ndr1_0=>((ndr1_1(X57)&c8_2(X57,a328)&~c1_2(X57,a328)&c2_2(X57,a328))|c3_1(X57)|c6_1(X57)))|~c7_0|~c4_0)&(~c6_0|(ndr1_0&![X58]:(ndr1_1(a329)=>(c2_2(a329,X58)|~c3_2(a329,X58)|~c7_2(a329,X58)))&c1_1(a329)&c3_1(a329)))&((ndr1_0&~c1_1(a330)&ndr1_1(a330)&c1_2(a330,a331)&~c10_2(a330,a331)&c6_2(a330,a331)&![X59]:(ndr1_1(a330)=>(c3_2(a330,X59)|~c1_2(a330,X59)|c2_2(a330,X59))))|(ndr1_0&~c6_1(a332)&![X60]:(ndr1_1(a332)=>(~c3_2(a332,X60)|~c10_2(a332,X60)))&~c10_1(a332)))&(![X61]:(ndr1_0=>(![X62]:(ndr1_1(X61)=>(~c2_2(X61,X62)|c8_2(X61,X62)|c1_2(X61,X62)))|~c9_1(X61)|![X63]:(ndr1_1(X61)=>(c10_2(X61,X63)|c4_2(X61,X63)|c3_2(X61,X63)))))|c2_0|![X64]:(ndr1_0=>(![X65]:(ndr1_1(X64)=>(~c5_2(X64,X65)|~c4_2(X64,X65)|~c6_2(X64,X65)))|~c4_1(X64)|~c1_1(X64))))&(~c10_0|![X66]:(ndr1_0=>(![X67]:(ndr1_1(X66)=>(c4_2(X66,X67)|~c10_2(X66,X67)|~c3_2(X66,X67)))|c9_1(X66)))|~c4_0)&((ndr1_0&c8_1(a333)&ndr1_1(a333)&c8_2(a333,a334)&~c7_2(a333,a334)&c9_2(a333,a334)&ndr1_1(a333)&~c7_2(a333,a335)&c5_2(a333,a335)&~c9_2(a333,a335))|c7_0|![X68]:(ndr1_0=>((ndr1_1(X68)&~c1_2(X68,a336)&c8_2(X68,a336))|~c10_1(X68)|~c1_1(X68))))&(![X69]:(ndr1_0=>(c8_1(X69)|c7_1(X69)|(ndr1_1(X69)&~c8_2(X69,a337)&~c4_2(X69,a337))))|c10_0|![X70]:(ndr1_0=>(~c4_1(X70)|(ndr1_1(X70)&~c7_2(X70,a338)&~c8_2(X70,a338)&~c10_2(X70,a338))|~c10_1(X70))))&(~c6_0|(ndr1_0&ndr1_1(a339)&~c3_2(a339,a340)&c9_2(a339,a340)&~c7_2(a339,a340)&~c6_1(a339)&ndr1_1(a339)&c4_2(a339,a341)&~c9_2(a339,a341)&~c5_2(a339,a341))|![X71]:(ndr1_0=>(c9_1(X71)|(ndr1_1(X71)&c1_2(X71,a342)&c7_2(X71,a342)&~c2_2(X71,a342))|~c7_1(X71))))&(c8_0|c5_0|(ndr1_0&~c8_1(a343)&c5_1(a343)&ndr1_1(a343)&~c4_2(a343,a344)&c10_2(a343,a344)&c2_2(a343,a344)))&(![X72]:(ndr1_0=>(c9_1(X72)|![X73]:(ndr1_1(X72)=>(c5_2(X72,X73)|c1_2(X72,X73)|c8_2(X72,X73)))|![X74]:(ndr1_1(X72)=>(~c6_2(X72,X74)|~c4_2(X72,X74)))))|(ndr1_0&![X75]:(ndr1_1(a345)=>(c6_2(a345,X75)|~c2_2(a345,X75)|~c4_2(a345,X75)))&c1_1(a345)&ndr1_1(a345)&c2_2(a345,a346)&~c10_2(a345,a346)&c8_2(a345,a346))|![X76]:(ndr1_0=>((ndr1_1(X76)&~c1_2(X76,a347)&c10_2(X76,a347)&c7_2(X76,a347))|~c4_1(X76))))&(c3_0|(ndr1_0&ndr1_1(a348)&~c3_2(a348,a349)&c6_2(a348,a349)&c7_2(a348,a349)&~c6_1(a348)))&((ndr1_0&~c3_1(a350)&c2_1(a350)&ndr1_1(a350)&c7_2(a350,a351)&~c8_2(a350,a351)&c2_2(a350,a351))|c7_0)&(~c1_0|~c6_0)&((ndr1_0&ndr1_1(a352)&~c2_2(a352,a353)&~c5_2(a352,a353)&c6_2(a352,a353)&c10_1(a352)&~c8_1(a352))|c10_0)&(~c2_0|![X77]:(ndr1_0=>(~c1_1(X77)|(ndr1_1(X77)&c5_2(X77,a354)&c9_2(X77,a354)&c4_2(X77,a354))|c7_1(X77)))|(ndr1_0&~c7_1(a355)&~c4_1(a355)&~c6_1(a355)))&((ndr1_0&c8_1(a356)&ndr1_1(a356)&c1_2(a356,a357)&~c6_2(a356,a357)&~c5_2(a356,a357)&~c2_1(a356))|(ndr1_0&ndr1_1(a358)&~c2_2(a358,a359)&c5_2(a358,a359)&c10_2(a358,a359)&~c3_1(a358)&~c8_1(a358))|![X78]:(ndr1_0=>(c10_1(X78)|![X79]:(ndr1_1(X78)=>(c3_2(X78,X79)|c7_2(X78,X79)|~c1_2(X78,X79)))|![X80]:(ndr1_1(X78)=>(c6_2(X78,X80)|~c8_2(X78,X80)|c5_2(X78,X80))))))&((ndr1_0&~c7_1(a360)&~c6_1(a360)&~c5_1(a360))|c9_0|(ndr1_0&c3_1(a361)&c4_1(a361)&~c1_1(a361)))&(![X81]:(ndr1_0=>(![X82]:(ndr1_1(X81)=>(c2_2(X81,X82)|c7_2(X81,X82)|c10_2(X81,X82)))|c2_1(X81)|c5_1(X81)))|(ndr1_0&![X83]:(ndr1_1(a362)=>(~c10_2(a362,X83)|~c4_2(a362,X83)|c7_2(a362,X83)))&~c10_1(a362)&![X84]:(ndr1_1(a362)=>(~c7_2(a362,X84)|c4_2(a362,X84)|~c5_2(a362,X84))))|![X85]:(ndr1_0=>((ndr1_1(X85)&c5_2(X85,a363)&c4_2(X85,a363))|c6_1(X85)|~c10_1(X85))))&(~c10_0|~c1_0|c5_0)&(~c6_0|(ndr1_0&c8_1(a364)&c9_1(a364)&![X86]:(ndr1_1(a364)=>(c4_2(a364,X86)|c2_2(a364,X86))))|![X87]:(ndr1_0=>(~c3_1(X87)|![X88]:(ndr1_1(X87)=>(~c4_2(X87,X88)|c7_2(X87,X88)|c6_2(X87,X88))))))&(![X89]:(ndr1_0=>(c3_1(X89)|![X90]:(ndr1_1(X89)=>(c5_2(X89,X90)|~c2_2(X89,X90)|c3_2(X89,X90)))|c1_1(X89)))|(ndr1_0&c7_1(a365)&c3_1(a365)&ndr1_1(a365)&~c8_2(a365,a366)&c1_2(a365,a366)&c4_2(a365,a366))|![X91]:(ndr1_0=>(c3_1(X91)|~c5_1(X91))))&(~c6_0|~c1_0|~c9_0)&((ndr1_0&![X92]:(ndr1_1(a367)=>(c10_2(a367,X92)|~c7_2(a367,X92)|~c1_2(a367,X92)))&ndr1_1(a367)&c2_2(a367,a368)&c7_2(a367,a368)&c10_2(a367,a368))|![X93]:(ndr1_0=>(![X94]:(ndr1_1(X93)=>(~c7_2(X93,X94)|c4_2(X93,X94)|c5_2(X93,X94)))|![X95]:(ndr1_1(X93)=>(~c6_2(X93,X95)|~c3_2(X93,X95)|c1_2(X93,X95)))|c6_1(X93)))|(ndr1_0&ndr1_1(a369)&~c4_2(a369,a370)&~c9_2(a369,a370)&c3_2(a369,a370)&~c2_1(a369)&~c1_1(a369)))&(c7_0|(ndr1_0&ndr1_1(a371)&~c2_2(a371,a372)&~c1_2(a371,a372)&c6_1(a371)&ndr1_1(a371)&~c9_2(a371,a373)&~c1_2(a371,a373)&~c6_2(a371,a373))|(ndr1_0&~c9_1(a374)&c8_1(a374)&c10_1(a374)))&(~c6_0|~c4_0|![X96]:(ndr1_0=>(c8_1(X96)|![X97]:(ndr1_1(X96)=>(c7_2(X96,X97)|c10_2(X96,X97)|c2_2(X96,X97)))|![X98]:(ndr1_1(X96)=>(~c10_2(X96,X98)|c3_2(X96,X98)|~c4_2(X96,X98))))))&((ndr1_0&ndr1_1(a375)&c7_2(a375,a376)&~c2_2(a375,a376)&c1_2(a375,a376)&c8_1(a375)&ndr1_1(a375)&~c8_2(a375,a377)&~c6_2(a375,a377))|![X99]:(ndr1_0=>(![X100]:(ndr1_1(X99)=>(c9_2(X99,X100)|c3_2(X99,X100)|c5_2(X99,X100)))|~c1_1(X99)|~c3_1(X99)))|![X101]:(ndr1_0=>(c3_1(X101)|![X102]:(ndr1_1(X101)=>(~c6_2(X101,X102)|c9_2(X101,X102)|c2_2(X101,X102)))|~c9_1(X101))))&(c6_0|c9_0|(ndr1_0&![X103]:(ndr1_1(a378)=>(~c4_2(a378,X103)|~c9_2(a378,X103)|~c2_2(a378,X103)))&![X104]:(ndr1_1(a378)=>(c5_2(a378,X104)|c8_2(a378,X104)|~c9_2(a378,X104)))&c2_1(a378)))&(~c4_0|c8_0|![X105]:(ndr1_0=>((ndr1_1(X105)&c6_2(X105,a379)&c7_2(X105,a379)&~c4_2(X105,a379))|(ndr1_1(X105)&~c2_2(X105,a380)&~c1_2(X105,a380)&~c4_2(X105,a380)))))&(~c4_0|(ndr1_0&c1_1(a381)&ndr1_1(a381)&~c2_2(a381,a382)&~c5_2(a381,a382)&c8_2(a381,a382)&![X106]:(ndr1_1(a381)=>(~c9_2(a381,X106)|~c10_2(a381,X106)|c8_2(a381,X106))))|~c5_0)&(c9_0|c3_0|![X107]:(ndr1_0=>((ndr1_1(X107)&c8_2(X107,a383)&~c3_2(X107,a383)&~c9_2(X107,a383))|![X108]:(ndr1_1(X107)=>(~c3_2(X107,X108)|c9_2(X107,X108)|~c6_2(X107,X108)))|![X109]:(ndr1_1(X107)=>(~c2_2(X107,X109)|~c10_2(X107,X109))))))&(~c9_0|c4_0|(ndr1_0&![X110]:(ndr1_1(a384)=>(~c5_2(a384,X110)|c2_2(a384,X110)|c6_2(a384,X110)))&![X111]:(ndr1_1(a384)=>(c4_2(a384,X111)|c8_2(a384,X111)|c3_2(a384,X111)))&ndr1_1(a384)&~c5_2(a384,a385)&c9_2(a384,a385)&~c6_2(a384,a385)))&((ndr1_0&~c7_1(a386)&c9_1(a386)&c2_1(a386))|~c2_0|![X112]:(ndr1_0=>((ndr1_1(X112)&c2_2(X112,a387)&~c6_2(X112,a387)&~c1_2(X112,a387))|~c10_1(X112)|c5_1(X112))))&(~c4_0|![X113]:(ndr1_0=>(c3_1(X113)|(ndr1_1(X113)&~c7_2(X113,a388)&~c9_2(X113,a388)&~c4_2(X113,a388))|~c9_1(X113)))|![X114]:(ndr1_0=>((ndr1_1(X114)&~c2_2(X114,a389)&c4_2(X114,a389)&c5_2(X114,a389))|(ndr1_1(X114)&~c5_2(X114,a390)&c9_2(X114,a390)&~c1_2(X114,a390))|~c6_1(X114))))&(![X115]:(ndr1_0=>((ndr1_1(X115)&~c1_2(X115,a391)&~c9_2(X115,a391)&~c2_2(X115,a391))|(ndr1_1(X115)&c1_2(X115,a392)&~c2_2(X115,a392)&~c6_2(X115,a392))|(ndr1_1(X115)&~c8_2(X115,a393)&~c3_2(X115,a393)&c6_2(X115,a393))))|(ndr1_0&~c4_1(a394)&c1_1(a394)&c3_1(a394))|(ndr1_0&~c2_1(a395)&c7_1(a395)&ndr1_1(a395)&c9_2(a395,a396)&c3_2(a395,a396)&c6_2(a395,a396)))&(c9_0|(ndr1_0&~c6_1(a397)&![X116]:(ndr1_1(a397)=>(~c7_2(a397,X116)|c1_2(a397,X116)|c10_2(a397,X116))))|c6_0)&((ndr1_0&c8_1(a398)&![X117]:(ndr1_1(a398)=>(c1_2(a398,X117)|c2_2(a398,X117)|~c3_2(a398,X117)))&c7_1(a398))|~c6_0)&(![X118]:(ndr1_0=>(c9_1(X118)|(ndr1_1(X118)&c8_2(X118,a399)&~c9_2(X118,a399)&c3_2(X118,a399))|c3_1(X118)))|![X119]:(ndr1_0=>(~c3_1(X119)|![X120]:(ndr1_1(X119)=>(c5_2(X119,X120)|~c7_2(X119,X120)|c2_2(X119,X120)))|(ndr1_1(X119)&~c8_2(X119,a400)&c2_2(X119,a400)&~c7_2(X119,a400))))|~c7_0)&(![X121]:(ndr1_0=>(~c4_1(X121)|![X122]:(ndr1_1(X121)=>(~c6_2(X121,X122)|c1_2(X121,X122)|~c9_2(X121,X122)))|![X123]:(ndr1_1(X121)=>(c6_2(X121,X123)|~c10_2(X121,X123)))))|c4_0|(ndr1_0&~c6_1(a401)&c1_1(a401)))&(![X124]:(ndr1_0=>((ndr1_1(X124)&~c9_2(X124,a402)&c7_2(X124,a402)&~c2_2(X124,a402))|~c10_1(X124)|~c2_1(X124)))|(ndr1_0&ndr1_1(a403)&c5_2(a403,a404)&c3_2(a403,a404)&~c7_2(a403,a404)&![X125]:(ndr1_1(a403)=>(~c10_2(a403,X125)|~c6_2(a403,X125)|~c4_2(a403,X125)))&~c3_1(a403))|(ndr1_0&c8_1(a405)&![X126]:(ndr1_1(a405)=>(c1_2(a405,X126)|~c10_2(a405,X126)))))&((ndr1_0&![X127]:(ndr1_1(a406)=>(~c2_2(a406,X127)|c1_2(a406,X127)|c9_2(a406,X127)))&~c3_1(a406))|![X128]:(ndr1_0=>(~c2_1(X128)|(ndr1_1(X128)&c10_2(X128,a407)&c5_2(X128,a407)&~c2_2(X128,a407))|c9_1(X128)))|(ndr1_0&ndr1_1(a408)&c10_2(a408,a409)&c2_2(a408,a409)&~c5_2(a408,a409)&![X129]:(ndr1_1(a408)=>(~c7_2(a408,X129)|c8_2(a408,X129)|c3_2(a408,X129)))&ndr1_1(a408)&c2_2(a408,a410)&c10_2(a408,a410)&~c4_2(a408,a410)))&(![X130]:(ndr1_0=>(![X131]:(ndr1_1(X130)=>(~c5_2(X130,X131)|c2_2(X130,X131)|c9_2(X130,X131)))|![X132]:(ndr1_1(X130)=>(c10_2(X130,X132)|c2_2(X130,X132)|~c7_2(X130,X132)))|~c8_1(X130)))|~c6_0|~c8_0)&(![X133]:(ndr1_0=>(~c1_1(X133)|![X134]:(ndr1_1(X133)=>(~c10_2(X133,X134)|c6_2(X133,X134)|c4_2(X133,X134)))|(ndr1_1(X133)&~c7_2(X133,a411)&c3_2(X133,a411)&~c2_2(X133,a411))))|![X135]:(ndr1_0=>((ndr1_1(X135)&c3_2(X135,a412)&c5_2(X135,a412)&~c4_2(X135,a412))|(ndr1_1(X135)&~c4_2(X135,a413)&~c1_2(X135,a413)&c3_2(X135,a413))|~c5_1(X135)))|~c10_0)&(![X136]:(ndr1_0=>(~c10_1(X136)|~c2_1(X136)|![X137]:(ndr1_1(X136)=>(c10_2(X136,X137)|c6_2(X136,X137)|~c2_2(X136,X137)))))|~c8_0|c7_0)&((ndr1_0&~c1_1(a414)&ndr1_1(a414)&c6_2(a414,a415)&~c8_2(a414,a415)&c2_2(a414,a415)&![X138]:(ndr1_1(a414)=>(c7_2(a414,X138)|~c3_2(a414,X138)|c1_2(a414,X138))))|~c3_0|(ndr1_0&![X139]:(ndr1_1(a416)=>(c4_2(a416,X139)|~c1_2(a416,X139)|~c5_2(a416,X139)))&ndr1_1(a416)&~c4_2(a416,a417)&c7_2(a416,a417)&c5_2(a416,a417)&ndr1_1(a416)&c8_2(a416,a418)&c6_2(a416,a418)))&(~c8_0|![X140]:(ndr1_0=>(![X141]:(ndr1_1(X140)=>(~c5_2(X140,X141)|c1_2(X140,X141)|c6_2(X140,X141)))|(ndr1_1(X140)&~c5_2(X140,a419)&~c1_2(X140,a419))|~c9_1(X140)))|~c4_0)&(~c10_0|(ndr1_0&ndr1_1(a420)&c7_2(a420,a421)&~c3_2(a420,a421)&c10_2(a420,a421)&~c8_1(a420)&c7_1(a420))|~c9_0)&((ndr1_0&![X142]:(ndr1_1(a422)=>(~c9_2(a422,X142)|c5_2(a422,X142)|~c7_2(a422,X142)))&c1_1(a422)&ndr1_1(a422)&~c10_2(a422,a423)&~c6_2(a422,a423)&~c8_2(a422,a423))|(ndr1_0&~c5_1(a424)&ndr1_1(a424)&~c5_2(a424,a425)&c7_2(a424,a425))|~c3_0)&(~c2_0|![X143]:(ndr1_0=>(~c3_1(X143)|(ndr1_1(X143)&~c3_2(X143,a426)&c9_2(X143,a426)&c4_2(X143,a426))))|~c8_0)&((ndr1_0&~c7_1(a427)&![X144]:(ndr1_1(a427)=>(c10_2(a427,X144)|~c6_2(a427,X144)|~c8_2(a427,X144)))&![X145]:(ndr1_1(a427)=>(c3_2(a427,X145)|~c1_2(a427,X145)|~c10_2(a427,X145))))|![X146]:(ndr1_0=>(![X147]:(ndr1_1(X146)=>(c7_2(X146,X147)|c1_2(X146,X147)|~c2_2(X146,X147)))|c6_1(X146)|(ndr1_1(X146)&~c10_2(X146,a428)&~c1_2(X146,a428)&~c8_2(X146,a428))))|![X148]:(ndr1_0=>((ndr1_1(X148)&c7_2(X148,a429)&~c8_2(X148,a429)&~c5_2(X148,a429))|~c9_1(X148)|c1_1(X148))))&(c7_0|c3_0|~c8_0)&(![X149]:(ndr1_0=>~c10_1(X149))|![X150]:(ndr1_0=>((ndr1_1(X150)&c6_2(X150,a430)&c2_2(X150,a430)&~c10_2(X150,a430))|c5_1(X150)|~c4_1(X150)))|(ndr1_0&c2_1(a431)&~c4_1(a431)&c6_1(a431)))&(c9_0|~c10_0|(ndr1_0&ndr1_1(a432)&~c2_2(a432,a433)&~c8_2(a432,a433)&~c9_2(a432,a433)&~c5_1(a432)&c3_1(a432)))&(![X151]:(ndr1_0=>(c4_1(X151)|![X152]:(ndr1_1(X151)=>(c7_2(X151,X152)|~c8_2(X151,X152)|~c2_2(X151,X152)))|![X153]:(ndr1_1(X151)=>(~c5_2(X151,X153)|~c6_2(X151,X153)|~c9_2(X151,X153)))))|![X154]:(ndr1_0=>(~c10_1(X154)|![X155]:(ndr1_1(X154)=>(~c2_2(X154,X155)|~c7_2(X154,X155)|c10_2(X154,X155)))|~c1_1(X154)))|c3_0)&((ndr1_0&c7_1(a434)&ndr1_1(a434)&c9_2(a434,a435)&c4_2(a434,a435)&~c1_2(a434,a435)&~c6_1(a434))|(ndr1_0&ndr1_1(a436)&c8_2(a436,a437)&c3_2(a436,a437)&c4_2(a436,a437)&![X156]:(ndr1_1(a436)=>(c1_2(a436,X156)|~c9_2(a436,X156)|~c3_2(a436,X156)))&~c2_1(a436))|c8_0)&(c5_0|(ndr1_0&![X157]:(ndr1_1(a438)=>(~c10_2(a438,X157)|c3_2(a438,X157)|c9_2(a438,X157)))&![X158]:(ndr1_1(a438)=>(c7_2(a438,X158)|~c6_2(a438,X158)|c1_2(a438,X158)))&![X159]:(ndr1_1(a438)=>(c6_2(a438,X159)|~c2_2(a438,X159)|c10_2(a438,X159))))|~c2_0)&(![X160]:(ndr1_0=>(![X161]:(ndr1_1(X160)=>(~c1_2(X160,X161)|c4_2(X160,X161)|~c10_2(X160,X161)))|c1_1(X160)|~c4_1(X160)))|![X162]:(ndr1_0=>(~c9_1(X162)|c1_1(X162)|(ndr1_1(X162)&~c5_2(X162,a439)&c7_2(X162,a439))))|c6_0)&(~c7_0|![X163]:(ndr1_0=>(c10_1(X163)|~c9_1(X163)|(ndr1_1(X163)&~c5_2(X163,a440)&c1_2(X163,a440)&c6_2(X163,a440)))))&((ndr1_0&![X164]:(ndr1_1(a441)=>(c7_2(a441,X164)|~c5_2(a441,X164)|~c8_2(a441,X164)))&![X165]:(ndr1_1(a441)=>(c5_2(a441,X165)|c2_2(a441,X165)|~c4_2(a441,X165))))|(ndr1_0&c8_1(a442)&![X166]:(ndr1_1(a442)=>(c5_2(a442,X166)|~c3_2(a442,X166)|~c10_2(a442,X166)))&![X167]:(ndr1_1(a442)=>(c2_2(a442,X167)|~c1_2(a442,X167)|c7_2(a442,X167))))|(ndr1_0&![X168]:(ndr1_1(a443)=>(c3_2(a443,X168)|c10_2(a443,X168)|~c5_2(a443,X168)))&![X169]:(ndr1_1(a443)=>(c8_2(a443,X169)|c6_2(a443,X169)|~c5_2(a443,X169)))&![X170]:(ndr1_1(a443)=>(~c3_2(a443,X170)|~c9_2(a443,X170)))))&(c8_0|![X171]:(ndr1_0=>(~c1_1(X171)|c8_1(X171)|~c7_1(X171)))|(ndr1_0&![X172]:(ndr1_1(a444)=>(c10_2(a444,X172)|c4_2(a444,X172)|c2_2(a444,X172)))&c8_1(a444)&![X173]:(ndr1_1(a444)=>(~c5_2(a444,X173)|~c10_2(a444,X173)|c9_2(a444,X173)))))&(~c7_0|(ndr1_0&c1_1(a445)&c6_1(a445))|c3_0)&(c4_0|![X174]:(ndr1_0=>((ndr1_1(X174)&~c8_2(X174,a446)&c10_2(X174,a446)&c1_2(X174,a446))|(ndr1_1(X174)&~c10_2(X174,a447)&c7_2(X174,a447)&c3_2(X174,a447))|![X175]:(ndr1_1(X174)=>(c10_2(X174,X175)|~c3_2(X174,X175)|~c4_2(X174,X175)))))|~c5_0)&(~c5_0|c6_0|c4_0)&((ndr1_0&c10_1(a448)&~c2_1(a448)&![X176]:(ndr1_1(a448)=>(~c4_2(a448,X176)|c7_2(a448,X176)|c6_2(a448,X176))))|c8_0|c2_0)))			
../../TPTP-v7.3.0/Problems/SYN/SYN500-1.p		Unsatisfiable	UNKNOWN		UNKNOWN		cnf					
../../TPTP-v7.3.0/Problems/SYN/SYN483+1.p		Theorem	UNKNOWN		UNKNOWN		fof		(~((~hskp0|(ndr1_0&c1_1(a1852)&c3_1(a1852)&~c2_1(a1852)))&(~hskp1|(ndr1_0&c1_1(a1853)&c3_1(a1853)&~c0_1(a1853)))&(~hskp2|(ndr1_0&c1_1(a1854)&c2_1(a1854)&~c3_1(a1854)))&(~hskp3|(ndr1_0&~c0_1(a1855)&~c1_1(a1855)&~c2_1(a1855)))&(~hskp4|(ndr1_0&c2_1(a1856)&c3_1(a1856)&~c1_1(a1856)))&(~hskp5|(ndr1_0&c2_1(a1857)&~c0_1(a1857)&~c3_1(a1857)))&(~hskp6|(ndr1_0&c1_1(a1860)&~c0_1(a1860)&~c2_1(a1860)))&(~hskp7|(ndr1_0&c0_1(a1861)&~c1_1(a1861)&~c2_1(a1861)))&(~hskp8|(ndr1_0&c0_1(a1862)&c1_1(a1862)&~c2_1(a1862)))&(~hskp9|(ndr1_0&c2_1(a1863)&~c1_1(a1863)&~c3_1(a1863)))&(~hskp10|(ndr1_0&c0_1(a1864)&c3_1(a1864)&~c1_1(a1864)))&(~hskp11|(ndr1_0&~c0_1(a1865)&~c2_1(a1865)&~c3_1(a1865)))&(~hskp12|(ndr1_0&c3_1(a1866)&~c0_1(a1866)&~c2_1(a1866)))&(~hskp13|(ndr1_0&~c1_1(a1867)&~c2_1(a1867)&~c3_1(a1867)))&(~hskp14|(ndr1_0&c0_1(a1868)&c3_1(a1868)&~c2_1(a1868)))&(~hskp15|(ndr1_0&c1_1(a1870)&~c0_1(a1870)&~c3_1(a1870)))&(~hskp16|(ndr1_0&c2_1(a1872)&c3_1(a1872)&~c0_1(a1872)))&(~hskp17|(ndr1_0&c0_1(a1874)&c2_1(a1874)&~c1_1(a1874)))&(~hskp18|(ndr1_0&c0_1(a1875)&c1_1(a1875)&~c3_1(a1875)))&(~hskp19|(ndr1_0&~c0_1(a1884)&~c1_1(a1884)&~c3_1(a1884)))&(~hskp20|(ndr1_0&c2_1(a1890)&~c0_1(a1890)&~c1_1(a1890)))&(~hskp21|(ndr1_0&c3_1(a1898)&~c0_1(a1898)&~c1_1(a1898)))&(~hskp22|(ndr1_0&c0_1(a1899)&~c2_1(a1899)&~c3_1(a1899)))&(~hskp23|(ndr1_0&c0_1(a1911)&~c1_1(a1911)&~c3_1(a1911)))&(~hskp24|(ndr1_0&c3_1(a1919)&~c1_1(a1919)&~c2_1(a1919)))&(~hskp25|(ndr1_0&c1_1(a1960)&c2_1(a1960)&~c0_1(a1960)))&(~hskp26|(ndr1_0&c0_1(a1858)&c1_1(a1858)&c3_1(a1858)))&(~hskp27|(ndr1_0&c0_1(a1877)&c2_1(a1877)&c3_1(a1877)))&(~hskp28|(ndr1_0&c1_1(a1878)&c2_1(a1878)&c3_1(a1878)))&(~hskp29|(ndr1_0&c0_1(a1885)&c1_1(a1885)&c2_1(a1885)))&(![U]:(ndr1_0=>(c0_1(U)|c1_1(U)|c2_1(U)))|![V]:(ndr1_0=>(c0_1(V)|c1_1(V)|~c2_1(V)))|hskp0)&(![W]:(ndr1_0=>(c0_1(W)|c1_1(W)|c2_1(W)))|![X]:(ndr1_0=>(c0_1(X)|~c1_1(X)|~c2_1(X)))|![Y]:(ndr1_0=>(c1_1(Y)|~c0_1(Y)|~c2_1(Y))))&(![Z]:(ndr1_0=>(c0_1(Z)|c1_1(Z)|c2_1(Z)))|![X1]:(ndr1_0=>(c0_1(X1)|~c1_1(X1)|~c2_1(X1)))|![X2]:(ndr1_0=>(c2_1(X2)|~c0_1(X2)|~c3_1(X2))))&(![X3]:(ndr1_0=>(c0_1(X3)|c1_1(X3)|c2_1(X3)))|![X4]:(ndr1_0=>(c1_1(X4)|c2_1(X4)|~c3_1(X4)))|hskp1)&(![X5]:(ndr1_0=>(c0_1(X5)|c1_1(X5)|c2_1(X5)))|hskp2|hskp3)&(![X6]:(ndr1_0=>(c0_1(X6)|c1_1(X6)|c2_1(X6)))|hskp4|hskp5)&(![X7]:(ndr1_0=>(c0_1(X7)|c1_1(X7)|c3_1(X7)))|![X8]:(ndr1_0=>(c1_1(X8)|c2_1(X8)|c3_1(X8)))|hskp26)&(![X9]:(ndr1_0=>(c0_1(X9)|c1_1(X9)|c3_1(X9)))|![X10]:(ndr1_0=>(c2_1(X10)|c3_1(X10)|~c0_1(X10)))|hskp3)&(![X11]:(ndr1_0=>(c0_1(X11)|c1_1(X11)|c3_1(X11)))|![X12]:(ndr1_0=>(~c0_1(X12)|~c1_1(X12)|~c2_1(X12)))|hskp6)&(![X13]:(ndr1_0=>(c0_1(X13)|c1_1(X13)|c3_1(X13)))|![X14]:(ndr1_0=>(~c1_1(X14)|~c2_1(X14)|~c3_1(X14)))|hskp7)&(![X15]:(ndr1_0=>(c0_1(X15)|c1_1(X15)|~c2_1(X15)))|hskp8|hskp9)&(![X16]:(ndr1_0=>(c0_1(X16)|c1_1(X16)|~c2_1(X16)))|hskp10|hskp11)&(![X17]:(ndr1_0=>(c0_1(X17)|c1_1(X17)|~c2_1(X17)))|hskp12|hskp13)&(![X18]:(ndr1_0=>(c0_1(X18)|c1_1(X18)|~c3_1(X18)))|hskp14|hskp4)&(![X19]:(ndr1_0=>(c0_1(X19)|c1_1(X19)|~c3_1(X19)))|hskp15|hskp3)&(![X20]:(ndr1_0=>(c0_1(X20)|c1_1(X20)|~c3_1(X20)))|hskp16|hskp13)&(![X21]:(ndr1_0=>(c0_1(X21)|c2_1(X21)|c3_1(X21)))|![X22]:(ndr1_0=>(c0_1(X22)|~c1_1(X22)|~c3_1(X22)))|hskp17)&(![X23]:(ndr1_0=>(c0_1(X23)|c2_1(X23)|c3_1(X23)))|hskp18|hskp17)&(![X24]:(ndr1_0=>(c0_1(X24)|c2_1(X24)|c3_1(X24)))|hskp27|hskp28)&(![X25]:(ndr1_0=>(c0_1(X25)|c2_1(X25)|~c1_1(X25)))|![X26]:(ndr1_0=>(c2_1(X26)|~c0_1(X26)|~c1_1(X26)))|hskp3)&(![X27]:(ndr1_0=>(c0_1(X27)|c2_1(X27)|~c1_1(X27)))|![X28]:(ndr1_0=>(~c0_1(X28)|~c2_1(X28)|~c3_1(X28)))|hskp8)&(![X29]:(ndr1_0=>(c0_1(X29)|c2_1(X29)|~c1_1(X29)))|hskp1|hskp9)&(![X30]:(ndr1_0=>(c0_1(X30)|c3_1(X30)|~c1_1(X30)))|![X31]:(ndr1_0=>(c1_1(X31)|~c2_1(X31)|~c3_1(X31)))|hskp11)&(![X32]:(ndr1_0=>(c0_1(X32)|c3_1(X32)|~c1_1(X32)))|![X33]:(ndr1_0=>(c3_1(X33)|~c1_1(X33)|~c2_1(X33)))|hskp19)&(![X34]:(ndr1_0=>(c0_1(X34)|c3_1(X34)|~c1_1(X34)))|hskp29|hskp26)&(![X35]:(ndr1_0=>(c0_1(X35)|c3_1(X35)|~c2_1(X35)))|![X36]:(ndr1_0=>(c1_1(X36)|c2_1(X36)|~c0_1(X36)))|hskp27)&(![X37]:(ndr1_0=>(c0_1(X37)|~c1_1(X37)|~c2_1(X37)))|![X38]:(ndr1_0=>(c1_1(X38)|c2_1(X38)|~c3_1(X38)))|hskp8)&(![X39]:(ndr1_0=>(c0_1(X39)|~c1_1(X39)|~c2_1(X39)))|![X40]:(ndr1_0=>(~c0_1(X40)|~c1_1(X40)|~c2_1(X40)))|hskp29)&(![X41]:(ndr1_0=>(c0_1(X41)|~c1_1(X41)|~c2_1(X41)))|hskp20|hskp19)&(![X42]:(ndr1_0=>(c0_1(X42)|~c1_1(X42)|~c3_1(X42)))|![X43]:(ndr1_0=>(c1_1(X43)|c3_1(X43)|~c2_1(X43)))|![X44]:(ndr1_0=>(c3_1(X44)|~c0_1(X44)|~c2_1(X44))))&(![X45]:(ndr1_0=>(c0_1(X45)|~c1_1(X45)|~c3_1(X45)))|![X46]:(ndr1_0=>(c2_1(X46)|~c0_1(X46)|~c1_1(X46)))|hskp16)&(![X47]:(ndr1_0=>(c0_1(X47)|~c2_1(X47)|~c3_1(X47)))|![X48]:(ndr1_0=>(c1_1(X48)|c3_1(X48)|~c0_1(X48)))|hskp15)&(![X49]:(ndr1_0=>(c0_1(X49)|~c2_1(X49)|~c3_1(X49)))|![X50]:(ndr1_0=>(c1_1(X50)|c3_1(X50)|~c2_1(X50)))|hskp27)&(![X51]:(ndr1_0=>(c0_1(X51)|~c2_1(X51)|~c3_1(X51)))|![X52]:(ndr1_0=>(c1_1(X52)|~c0_1(X52)|~c3_1(X52)))|![X53]:(ndr1_0=>(c2_1(X53)|~c1_1(X53)|~c3_1(X53))))&(![X54]:(ndr1_0=>(c0_1(X54)|~c2_1(X54)|~c3_1(X54)))|![X55]:(ndr1_0=>(c1_1(X55)|~c2_1(X55)|~c3_1(X55)))|![X56]:(ndr1_0=>(c2_1(X56)|c3_1(X56)|~c1_1(X56))))&(![X57]:(ndr1_0=>(c0_1(X57)|~c2_1(X57)|~c3_1(X57)))|![X58]:(ndr1_0=>(c3_1(X58)|~c0_1(X58)|~c1_1(X58)))|hskp27)&(![X59]:(ndr1_0=>(c1_1(X59)|c2_1(X59)|c3_1(X59)))|![X60]:(ndr1_0=>(c1_1(X60)|~c0_1(X60)|~c3_1(X60)))|![X61]:(ndr1_0=>(c2_1(X61)|c3_1(X61)|~c1_1(X61))))&(![X62]:(ndr1_0=>(c1_1(X62)|c2_1(X62)|c3_1(X62)))|![X63]:(ndr1_0=>(c2_1(X63)|c3_1(X63)|~c1_1(X63)))|hskp9)&(![X64]:(ndr1_0=>(c1_1(X64)|c2_1(X64)|c3_1(X64)))|hskp8|hskp21)&(![X65]:(ndr1_0=>(c1_1(X65)|c2_1(X65)|c3_1(X65)))|hskp22|hskp16)&(![X66]:(ndr1_0=>(c1_1(X66)|c2_1(X66)|~c0_1(X66)))|hskp26|hskp27)&(![X67]:(ndr1_0=>(c1_1(X67)|c2_1(X67)|~c3_1(X67)))|![X68]:(ndr1_0=>(c2_1(X68)|c3_1(X68)|~c0_1(X68)))|hskp9)&(![X69]:(ndr1_0=>(c1_1(X69)|c2_1(X69)|~c3_1(X69)))|hskp29|hskp20)&(![X70]:(ndr1_0=>(c1_1(X70)|c2_1(X70)|~c3_1(X70)))|hskp9|hskp13)&(![X71]:(ndr1_0=>(c1_1(X71)|c3_1(X71)|~c0_1(X71)))|![X72]:(ndr1_0=>(c2_1(X72)|~c1_1(X72)|~c3_1(X72)))|hskp5)&(![X73]:(ndr1_0=>(c1_1(X73)|c3_1(X73)|~c0_1(X73)))|![X74]:(ndr1_0=>(~c0_1(X74)|~c1_1(X74)|~c2_1(X74)))|hskp21)&(![X75]:(ndr1_0=>(c1_1(X75)|c3_1(X75)|~c2_1(X75)))|![X76]:(ndr1_0=>(c1_1(X76)|~c2_1(X76)|~c3_1(X76)))|![X77]:(ndr1_0=>(~c0_1(X77)|~c1_1(X77)|~c2_1(X77))))&(![X78]:(ndr1_0=>(c1_1(X78)|c3_1(X78)|~c2_1(X78)))|hskp8|hskp23)&(![X79]:(ndr1_0=>(c1_1(X79)|~c0_1(X79)|~c2_1(X79)))|hskp8|hskp18)&(![X80]:(ndr1_0=>(c1_1(X80)|~c0_1(X80)|~c3_1(X80)))|hskp26|hskp23)&(![X81]:(ndr1_0=>(c1_1(X81)|~c0_1(X81)|~c3_1(X81)))|hskp7|hskp1)&(![X82]:(ndr1_0=>(c1_1(X82)|~c2_1(X82)|~c3_1(X82)))|![X83]:(ndr1_0=>(c2_1(X83)|~c0_1(X83)|~c1_1(X83)))|hskp18)&(![X84]:(ndr1_0=>(c2_1(X84)|c3_1(X84)|~c0_1(X84)))|![X85]:(ndr1_0=>(c2_1(X85)|~c1_1(X85)|~c3_1(X85)))|![X86]:(ndr1_0=>(~c0_1(X86)|~c1_1(X86)|~c3_1(X86))))&(![X87]:(ndr1_0=>(c2_1(X87)|c3_1(X87)|~c0_1(X87)))|![X88]:(ndr1_0=>(~c0_1(X88)|~c2_1(X88)|~c3_1(X88)))|hskp24)&(![X89]:(ndr1_0=>(c2_1(X89)|c3_1(X89)|~c1_1(X89)))|![X90]:(ndr1_0=>(c2_1(X90)|~c0_1(X90)|~c1_1(X90)))|![X91]:(ndr1_0=>(c3_1(X91)|~c0_1(X91)|~c1_1(X91))))&(![X92]:(ndr1_0=>(c2_1(X92)|c3_1(X92)|~c1_1(X92)))|![X93]:(ndr1_0=>(~c0_1(X93)|~c1_1(X93)|~c3_1(X93)))|hskp20)&(![X94]:(ndr1_0=>(c2_1(X94)|c3_1(X94)|~c1_1(X94)))|hskp17|hskp15)&(![X95]:(ndr1_0=>(c2_1(X95)|c3_1(X95)|~c1_1(X95)))|hskp15|hskp9)&(![X96]:(ndr1_0=>(c2_1(X96)|~c0_1(X96)|~c1_1(X96)))|![X97]:(ndr1_0=>(~c1_1(X97)|~c2_1(X97)|~c3_1(X97)))|hskp10)&(![X98]:(ndr1_0=>(c2_1(X98)|~c0_1(X98)|~c1_1(X98)))|hskp26|hskp10)&(![X99]:(ndr1_0=>(c2_1(X99)|~c0_1(X99)|~c3_1(X99)))|hskp27|hskp22)&(![X100]:(ndr1_0=>(c2_1(X100)|~c1_1(X100)|~c3_1(X100)))|![X101]:(ndr1_0=>(~c0_1(X101)|~c2_1(X101)|~c3_1(X101)))|hskp16)&(![X102]:(ndr1_0=>(c2_1(X102)|~c1_1(X102)|~c3_1(X102)))|hskp14|hskp19)&(![X103]:(ndr1_0=>(~c0_1(X103)|~c1_1(X103)|~c2_1(X103)))|hskp26|hskp3)&(![X104]:(ndr1_0=>(~c0_1(X104)|~c1_1(X104)|~c2_1(X104)))|hskp0|hskp24)&(![X105]:(ndr1_0=>(~c0_1(X105)|~c2_1(X105)|~c3_1(X105)))|hskp28|hskp0)&(hskp29|hskp27|hskp1)&(hskp8|hskp17|hskp16)&(hskp8|hskp10|hskp24)&(hskp18|hskp10|hskp15)&(hskp18|hskp22|hskp12)&(hskp18|hskp1|hskp6)&(hskp10|hskp28|hskp0)&(hskp25|hskp6|hskp5)&(hskp25|hskp9|hskp24)&(hskp15|hskp4|hskp19)))			
../../TPTP-v7.3.0/Problems/SYN/SYN637-1.p		Unsatisfiable	UNKNOWN		UNKNOWN		cnf					
../../TPTP-v7.3.0/Problems/SYN/SYN457+1.p		Theorem	UNKNOWN		UNKNOWN		fof		(~((~hskp0|(ndr1_0&c1_1(a1637)&c0_1(a1637)&~c2_1(a1637)))&(~hskp1|(ndr1_0&~c1_1(a1643)&c3_1(a1643)&~c2_1(a1643)))&(~hskp2|(ndr1_0&~c1_1(a1645)&~c0_1(a1645)&~c3_1(a1645)))&(~hskp3|(ndr1_0&c0_1(a1646)&~c1_1(a1646)&~c2_1(a1646)))&(~hskp4|(ndr1_0&c1_1(a1647)&~c0_1(a1647)&~c2_1(a1647)))&(~hskp5|(ndr1_0&c3_1(a1648)&~c1_1(a1648)&~c0_1(a1648)))&(~hskp6|(ndr1_0&~c1_1(a1650)&~c2_1(a1650)&~c3_1(a1650)))&(~hskp7|(ndr1_0&c3_1(a1655)&c0_1(a1655)&~c2_1(a1655)))&(~hskp8|(ndr1_0&c2_1(a1657)&~c1_1(a1657)&~c0_1(a1657)))&(~hskp9|(ndr1_0&~c3_1(a1660)&~c0_1(a1660)&~c1_1(a1660)))&(~hskp10|(ndr1_0&~c2_1(a1663)&~c3_1(a1663)&~c0_1(a1663)))&(~hskp11|(ndr1_0&~c3_1(a1664)&~c2_1(a1664)&~c1_1(a1664)))&(~hskp12|(ndr1_0&c2_1(a1666)&c3_1(a1666)&~c1_1(a1666)))&(~hskp13|(ndr1_0&c0_1(a1667)&c3_1(a1667)&~c1_1(a1667)))&(~hskp14|(ndr1_0&c2_1(a1671)&~c1_1(a1671)&~c3_1(a1671)))&(~hskp15|(ndr1_0&c3_1(a1672)&c1_1(a1672)&~c0_1(a1672)))&(~hskp16|(ndr1_0&~c0_1(a1677)&~c2_1(a1677)&~c1_1(a1677)))&(~hskp17|(ndr1_0&~c0_1(a1678)&~c1_1(a1678)&~c2_1(a1678)))&(~hskp18|(ndr1_0&~c3_1(a1680)&~c1_1(a1680)&~c0_1(a1680)))&(~hskp19|(ndr1_0&~c1_1(a1681)&~c3_1(a1681)&~c2_1(a1681)))&(~hskp20|(ndr1_0&~c2_1(a1682)&~c1_1(a1682)&~c3_1(a1682)))&(~hskp21|(ndr1_0&c3_1(a1683)&c2_1(a1683)&~c1_1(a1683)))&(~hskp22|(ndr1_0&~c0_1(a1684)&c2_1(a1684)&~c3_1(a1684)))&(~hskp23|(ndr1_0&~c0_1(a1685)&c2_1(a1685)&~c1_1(a1685)))&(~hskp24|(ndr1_0&~c0_1(a1689)&c3_1(a1689)&~c1_1(a1689)))&(~hskp25|(ndr1_0&c2_1(a1690)&~c0_1(a1690)&~c1_1(a1690)))&(~hskp26|(ndr1_0&~c3_1(a1691)&~c1_1(a1691)&~c2_1(a1691)))&(~hskp27|(ndr1_0&~c0_1(a1693)&~c3_1(a1693)&~c2_1(a1693)))&(~hskp28|(ndr1_0&~c1_1(a1694)&c2_1(a1694)&~c3_1(a1694)))&(~hskp29|(ndr1_0&c2_1(a1695)&c0_1(a1695)&~c3_1(a1695)))&(~hskp30|(ndr1_0&c1_1(a1698)&c3_1(a1698)&~c0_1(a1698)))&(~hskp31|(ndr1_0&c2_1(a1700)&~c0_1(a1700)&~c3_1(a1700)))&(~hskp32|(ndr1_0&c1_1(a1701)&c0_1(a1701)&~c3_1(a1701)))&(~hskp33|(ndr1_0&c3_1(a1704)&~c0_1(a1704)&~c2_1(a1704)))&(~hskp34|(ndr1_0&c2_1(a1705)&~c3_1(a1705)&~c1_1(a1705)))&(~hskp35|(ndr1_0&~c0_1(a1706)&~c3_1(a1706)&~c1_1(a1706)))&(~hskp36|(ndr1_0&~c2_1(a1712)&~c0_1(a1712)&~c1_1(a1712)))&(~hskp37|(ndr1_0&c2_1(a1714)&c0_1(a1714)&~c1_1(a1714)))&(~hskp38|(ndr1_0&c3_1(a1718)&~c2_1(a1718)&~c0_1(a1718)))&(~hskp39|(ndr1_0&~c1_1(a1721)&c3_1(a1721)&~c0_1(a1721)))&(~hskp40|(ndr1_0&c1_1(a1725)&c3_1(a1725)&~c2_1(a1725)))&(~hskp41|(ndr1_0&c0_1(a1726)&c2_1(a1726)&~c1_1(a1726)))&(~hskp42|(ndr1_0&c1_1(a1638)&~c3_1(a1638)&c0_1(a1638)))&(~hskp43|(ndr1_0&~c1_1(a1639)&c2_1(a1639)&c0_1(a1639)))&(~hskp44|(ndr1_0&c3_1(a1640)&c2_1(a1640)&c1_1(a1640)))&(~hskp45|(ndr1_0&~c3_1(a1641)&~c1_1(a1641)&c2_1(a1641)))&(~hskp46|(ndr1_0&~c2_1(a1642)&~c1_1(a1642)&c0_1(a1642)))&(~hskp47|(ndr1_0&~c1_1(a1644)&~c0_1(a1644)&c3_1(a1644)))&(~hskp48|(ndr1_0&~c3_1(a1649)&~c2_1(a1649)&c0_1(a1649)))&(~hskp49|(ndr1_0&c3_1(a1651)&~c2_1(a1651)&c1_1(a1651)))&(~hskp50|(ndr1_0&c3_1(a1652)&c2_1(a1652)&c0_1(a1652)))&(~hskp51|(ndr1_0&c2_1(a1653)&~c0_1(a1653)&c1_1(a1653)))&(~hskp52|(ndr1_0&c0_1(a1654)&c2_1(a1654)&c3_1(a1654)))&(~hskp53|(ndr1_0&~c3_1(a1656)&c2_1(a1656)&c0_1(a1656)))&(~hskp54|(ndr1_0&c3_1(a1658)&~c0_1(a1658)&c1_1(a1658)))&(~hskp55|(ndr1_0&~c2_1(a1661)&~c3_1(a1661)&c1_1(a1661)))&(~hskp56|(ndr1_0&c0_1(a1662)&~c2_1(a1662)&c1_1(a1662)))&(~hskp57|(ndr1_0&c0_1(a1665)&~c1_1(a1665)&c3_1(a1665)))&(~hskp58|(ndr1_0&~c0_1(a1668)&~c1_1(a1668)&c3_1(a1668)))&(~hskp59|(ndr1_0&c3_1(a1669)&~c2_1(a1669)&c0_1(a1669)))&(~hskp60|(ndr1_0&~c1_1(a1673)&c3_1(a1673)&c2_1(a1673)))&(~hskp61|(ndr1_0&~c1_1(a1674)&~c2_1(a1674)&c3_1(a1674)))&(~hskp62|(ndr1_0&~c3_1(a1675)&c1_1(a1675)&c0_1(a1675)))&(~hskp63|(ndr1_0&~c0_1(a1676)&c2_1(a1676)&c3_1(a1676)))&(~hskp64|(ndr1_0&~c3_1(a1686)&~c1_1(a1686)&c0_1(a1686)))&(~hskp65|(ndr1_0&~c3_1(a1687)&~c0_1(a1687)&c2_1(a1687)))&(~hskp66|(ndr1_0&~c1_1(a1692)&~c2_1(a1692)&c0_1(a1692)))&(~hskp67|(ndr1_0&c1_1(a1702)&c2_1(a1702)&c3_1(a1702)))&(~hskp68|(ndr1_0&~c1_1(a1707)&c3_1(a1707)&c0_1(a1707)))&(~hskp69|(ndr1_0&~c1_1(a1709)&c0_1(a1709)&c3_1(a1709)))&(~hskp70|(ndr1_0&~c0_1(a1710)&~c3_1(a1710)&c1_1(a1710)))&(~hskp71|(ndr1_0&~c2_1(a1713)&c3_1(a1713)&c0_1(a1713)))&(~hskp72|(ndr1_0&~c2_1(a1715)&c1_1(a1715)&c3_1(a1715)))&(~hskp73|(ndr1_0&c2_1(a1716)&~c3_1(a1716)&c0_1(a1716)))&(~hskp74|(ndr1_0&~c3_1(a1717)&c0_1(a1717)&c2_1(a1717)))&(~hskp75|(ndr1_0&c0_1(a1724)&~c2_1(a1724)&c3_1(a1724)))&(hskp0|![U]:(ndr1_0=>(~c2_1(U)|~c0_1(U)|c3_1(U)))|hskp42)&(hskp43|hskp44|hskp45)&(![V]:(ndr1_0=>(c0_1(V)|~c1_1(V)|c2_1(V)))|hskp46|![W]:(ndr1_0=>(~c2_1(W)|c0_1(W)|~c3_1(W))))&(![X]:(ndr1_0=>(c2_1(X)|c0_1(X)|c3_1(X)))|hskp1|![Y]:(ndr1_0=>(c1_1(Y)|~c0_1(Y)|c2_1(Y))))&(hskp47|hskp2|hskp3)&(![Z]:(ndr1_0=>(c1_1(Z)|c0_1(Z)|~c3_1(Z)))|hskp4|hskp5)&(![X1]:(ndr1_0=>(~c0_1(X1)|~c3_1(X1)|c2_1(X1)))|hskp48|hskp6)&(![X2]:(ndr1_0=>(c2_1(X2)|c0_1(X2)|~c1_1(X2)))|![X3]:(ndr1_0=>(c1_1(X3)|c2_1(X3)|c0_1(X3)))|hskp49)&(hskp50|![X4]:(ndr1_0=>(~c1_1(X4)|~c0_1(X4)|~c2_1(X4)))|hskp51)&(hskp52|![X5]:(ndr1_0=>(~c2_1(X5)|~c0_1(X5)|c3_1(X5)))|hskp7)&(hskp53|hskp8|hskp54)&(![X6]:(ndr1_0=>(c2_1(X6)|c3_1(X6)|c0_1(X6)))|![X7]:(ndr1_0=>(~c0_1(X7)|c1_1(X7)|~c2_1(X7)))|![X8]:(ndr1_0=>(~c0_1(X8)|~c3_1(X8)|~c2_1(X8))))&(hskp2|![X9]:(ndr1_0=>(c3_1(X9)|c1_1(X9)|~c0_1(X9)))|![X10]:(ndr1_0=>(~c1_1(X10)|c3_1(X10)|~c0_1(X10))))&(hskp9|hskp55|![X11]:(ndr1_0=>(~c0_1(X11)|~c2_1(X11)|c3_1(X11))))&(![X12]:(ndr1_0=>(~c0_1(X12)|c1_1(X12)|c3_1(X12)))|![X13]:(ndr1_0=>(c2_1(X13)|c0_1(X13)|~c3_1(X13)))|![X14]:(ndr1_0=>(c2_1(X14)|~c3_1(X14)|~c0_1(X14))))&(hskp56|![X15]:(ndr1_0=>(c2_1(X15)|c3_1(X15)|c0_1(X15)))|hskp10)&(![X16]:(ndr1_0=>(~c0_1(X16)|c2_1(X16)|~c3_1(X16)))|hskp11|hskp57)&(hskp12|hskp13|![X17]:(ndr1_0=>(~c2_1(X17)|~c3_1(X17)|~c1_1(X17))))&(hskp58|hskp59|![X18]:(ndr1_0=>(c1_1(X18)|~c0_1(X18)|c2_1(X18))))&(hskp10|hskp14|hskp15)&(![X19]:(ndr1_0=>(~c2_1(X19)|c1_1(X19)|~c3_1(X19)))|![X20]:(ndr1_0=>(~c3_1(X20)|c2_1(X20)|c0_1(X20)))|![X21]:(ndr1_0=>(c2_1(X21)|~c0_1(X21)|~c3_1(X21))))&(hskp60|![X22]:(ndr1_0=>(c0_1(X22)|c1_1(X22)|~c3_1(X22)))|![X23]:(ndr1_0=>(c3_1(X23)|~c2_1(X23)|c1_1(X23))))&(![X24]:(ndr1_0=>(~c1_1(X24)|~c3_1(X24)|c0_1(X24)))|hskp61|hskp62)&(![X25]:(ndr1_0=>(~c1_1(X25)|~c2_1(X25)|c3_1(X25)))|![X26]:(ndr1_0=>(~c0_1(X26)|~c3_1(X26)|c1_1(X26)))|![X27]:(ndr1_0=>(c0_1(X27)|~c3_1(X27)|c1_1(X27))))&(hskp63|![X28]:(ndr1_0=>(c1_1(X28)|~c0_1(X28)|~c3_1(X28)))|![X29]:(ndr1_0=>(~c2_1(X29)|~c1_1(X29)|~c3_1(X29))))&(![X30]:(ndr1_0=>(~c0_1(X30)|c1_1(X30)|~c3_1(X30)))|hskp16|hskp17)&(hskp60|hskp18|![X31]:(ndr1_0=>(c1_1(X31)|~c2_1(X31)|c3_1(X31))))&(hskp19|![X32]:(ndr1_0=>(~c0_1(X32)|~c1_1(X32)|c3_1(X32)))|hskp20)&(![X33]:(ndr1_0=>(~c1_1(X33)|c0_1(X33)|c2_1(X33)))|hskp21|![X34]:(ndr1_0=>(~c1_1(X34)|c2_1(X34)|c3_1(X34))))&(![X35]:(ndr1_0=>(~c2_1(X35)|c0_1(X35)|c3_1(X35)))|hskp22|![X36]:(ndr1_0=>(c3_1(X36)|~c0_1(X36)|c2_1(X36))))&(hskp23|hskp64|hskp65)&(hskp61|hskp24|![X37]:(ndr1_0=>(~c3_1(X37)|c1_1(X37)|c0_1(X37))))&(hskp25|![X38]:(ndr1_0=>(c1_1(X38)|c0_1(X38)|c3_1(X38)))|![X39]:(ndr1_0=>(~c1_1(X39)|~c3_1(X39)|c0_1(X39))))&(![X40]:(ndr1_0=>(~c2_1(X40)|~c3_1(X40)|~c0_1(X40)))|hskp26|![X41]:(ndr1_0=>(~c2_1(X41)|~c3_1(X41)|c1_1(X41))))&(hskp66|hskp27|hskp28)&(hskp29|hskp52|hskp53)&(![X42]:(ndr1_0=>(~c0_1(X42)|~c1_1(X42)|c2_1(X42)))|![X43]:(ndr1_0=>(c0_1(X43)|~c3_1(X43)|c1_1(X43)))|hskp30)&(hskp63|hskp31|hskp32)&(![X44]:(ndr1_0=>(c1_1(X44)|~c3_1(X44)|~c2_1(X44)))|![X45]:(ndr1_0=>(~c3_1(X45)|~c0_1(X45)|c1_1(X45)))|hskp67)&(![X46]:(ndr1_0=>(c2_1(X46)|~c0_1(X46)|~c3_1(X46)))|hskp61|hskp33)&(hskp34|![X47]:(ndr1_0=>(~c1_1(X47)|~c3_1(X47)|c2_1(X47)))|![X48]:(ndr1_0=>(c1_1(X48)|~c0_1(X48)|~c2_1(X48))))&(hskp35|hskp68|![X49]:(ndr1_0=>(c0_1(X49)|~c1_1(X49)|c2_1(X49))))&(![X50]:(ndr1_0=>(c2_1(X50)|~c1_1(X50)|~c3_1(X50)))|![X51]:(ndr1_0=>(~c1_1(X51)|~c0_1(X51)|~c3_1(X51)))|hskp13)&(hskp69|![X52]:(ndr1_0=>(~c1_1(X52)|c2_1(X52)|c3_1(X52)))|![X53]:(ndr1_0=>(~c3_1(X53)|c0_1(X53)|c1_1(X53))))&(hskp70|![X54]:(ndr1_0=>(c1_1(X54)|c0_1(X54)|~c2_1(X54)))|![X55]:(ndr1_0=>(c2_1(X55)|c0_1(X55)|c3_1(X55))))&(![X56]:(ndr1_0=>(~c2_1(X56)|~c1_1(X56)|~c0_1(X56)))|![X57]:(ndr1_0=>(c2_1(X57)|~c1_1(X57)|~c3_1(X57)))|hskp0)&(![X58]:(ndr1_0=>(c2_1(X58)|~c1_1(X58)|c0_1(X58)))|hskp36|hskp71)&(![X59]:(ndr1_0=>(c2_1(X59)|c1_1(X59)|c3_1(X59)))|![X60]:(ndr1_0=>(c1_1(X60)|c2_1(X60)|c0_1(X60)))|![X61]:(ndr1_0=>(c3_1(X61)|~c0_1(X61)|~c2_1(X61))))&(hskp37|![X62]:(ndr1_0=>(c3_1(X62)|c0_1(X62)|c2_1(X62)))|hskp72)&(hskp73|![X63]:(ndr1_0=>(~c1_1(X63)|~c3_1(X63)|c0_1(X63)))|![X64]:(ndr1_0=>(~c3_1(X64)|~c2_1(X64)|c1_1(X64))))&(hskp74|hskp38|![X65]:(ndr1_0=>(~c3_1(X65)|~c2_1(X65)|~c0_1(X65))))&(![X66]:(ndr1_0=>(~c1_1(X66)|~c0_1(X66)|~c3_1(X66)))|hskp47|![X67]:(ndr1_0=>(~c0_1(X67)|c3_1(X67)|c2_1(X67))))&(![X68]:(ndr1_0=>(c1_1(X68)|c2_1(X68)|~c3_1(X68)))|![X69]:(ndr1_0=>(~c3_1(X69)|~c0_1(X69)|~c1_1(X69)))|![X70]:(ndr1_0=>(~c0_1(X70)|c2_1(X70)|c1_1(X70))))&(![X71]:(ndr1_0=>(~c2_1(X71)|c1_1(X71)|c3_1(X71)))|hskp57|![X72]:(ndr1_0=>(c2_1(X72)|c3_1(X72)|~c0_1(X72))))&(hskp39|![X73]:(ndr1_0=>(c0_1(X73)|~c3_1(X73)|~c2_1(X73)))|![X74]:(ndr1_0=>(c2_1(X74)|~c0_1(X74)|~c3_1(X74))))&(![X75]:(ndr1_0=>(c0_1(X75)|c1_1(X75)|~c3_1(X75)))|hskp29|![X76]:(ndr1_0=>(~c0_1(X76)|c1_1(X76)|~c3_1(X76))))&(hskp61|![X77]:(ndr1_0=>(c2_1(X77)|~c0_1(X77)|~c1_1(X77)))|![X78]:(ndr1_0=>(~c0_1(X78)|c2_1(X78)|c3_1(X78))))&(![X79]:(ndr1_0=>(~c2_1(X79)|c3_1(X79)|~c1_1(X79)))|hskp75|![X80]:(ndr1_0=>(~c3_1(X80)|c1_1(X80)|c2_1(X80))))&(![X81]:(ndr1_0=>(c1_1(X81)|~c2_1(X81)|c3_1(X81)))|hskp40|![X82]:(ndr1_0=>(~c0_1(X82)|~c1_1(X82)|~c3_1(X82))))&(![X83]:(ndr1_0=>(c2_1(X83)|~c1_1(X83)|c0_1(X83)))|hskp41|hskp30)))			
../../TPTP-v7.3.0/Problems/SYN/SYN063-1.p		Unsatisfiable	UNKNOWN		UNKNOWN		cnf					
../../TPTP-v7.3.0/Problems/SYN/SYN762-1.p		Unsatisfiable	UNKNOWN		UNKNOWN		cnf					
../../TPTP-v7.3.0/Problems/SYN/SYN200-1.p		Unsatisfiable	UNKNOWN		UNKNOWN		cnf					
../../TPTP-v7.3.0/Problems/SYN/SYN416+1.p		Theorem	YES	DTS/Alligator/AlexHappy/output/SYN416+1_dts.html	UNKNOWN		fof		((p=>q)|(q=>p))			
../../TPTP-v7.3.0/Problems/SYN/SYN092-1.003.p		Satisfiable	UNKNOWN		UNKNOWN		cnf	(p_0|~p_1|~p_2),(p_0|~q_1|~q_2),(p_1|~p_2|~p_3),(p_1|~q_2|~q_3),(p_2|~p_3|~p_4),(p_2|~q_3|~q_4),(p_3|~p_4|~p_5),(p_3|~q_4|~q_5),(q_0|~p_1|~q_2),(q_0|~q_1|~p_2),(q_1|~p_2|~q_3),(q_1|~q_2|~p_3),(q_2|~p_3|~q_4),(q_2|~q_3|~p_4),(q_3|~p_4|~q_5),(q_3|~q_4|~p_5),(p_5|~p_2),(p_6|~p_3),(q_5|~q_2),(q_6|~q_3),(sym_p_0|sym_q_0),(~sym_p_0|sym_p_1|sym_p_2),(~sym_p_0|sym_q_1|sym_q_2),(~sym_p_1|sym_p_2|sym_p_3),(~sym_p_1|sym_q_2|sym_q_3),(~sym_p_2|sym_p_3|sym_p_4),(~sym_p_2|sym_q_3|sym_q_4),(~sym_p_3|sym_p_4|sym_p_5),(~sym_p_3|sym_q_4|sym_q_5),(~sym_q_0|sym_p_1|sym_q_2),(~sym_q_0|sym_q_1|sym_p_2),(~sym_q_1|sym_p_2|sym_q_3),(~sym_q_1|sym_q_2|sym_p_3),(~sym_q_2|sym_p_3|sym_q_4),(~sym_q_2|sym_q_3|sym_p_4),(~sym_q_3|sym_p_4|sym_q_5),(~sym_q_3|sym_q_4|sym_p_5),(~sym_p_5|sym_p_2),(~sym_p_6|sym_p_3),(~sym_q_5|sym_q_2),(~sym_q_6|sym_q_3),(p_0|~p_1|~p_2),(p_0|~q_1|~q_2),(p_1|~p_2|~p_3),(p_1|~q_2|~q_3),(p_2|~p_3|~p_4),(p_2|~q_3|~q_4),(p_3|~p_4|~p_5),(p_3|~q_4|~q_5),(q_0|~p_1|~q_2),(q_0|~q_1|~p_2),(q_1|~p_2|~q_3),(q_1|~q_2|~p_3),(q_2|~p_3|~q_4),(q_2|~q_3|~p_4),(q_3|~p_4|~q_5),(q_3|~q_4|~p_5),(p_5|~p_2),(p_6|~p_3),(q_5|~q_2),(q_6|~q_3),(sym_p_0|sym_q_0),(~sym_p_0|sym_p_1|sym_p_2),(~sym_p_0|sym_q_1|sym_q_2),(~sym_p_1|sym_p_2|sym_p_3),(~sym_p_1|sym_q_2|sym_q_3),(~sym_p_2|sym_p_3|sym_p_4),(~sym_p_2|sym_q_3|sym_q_4),(~sym_p_3|sym_p_4|sym_p_5),(~sym_p_3|sym_q_4|sym_q_5),(~sym_q_0|sym_p_1|sym_q_2),(~sym_q_0|sym_q_1|sym_p_2),(~sym_q_1|sym_p_2|sym_q_3),(~sym_q_1|sym_q_2|sym_p_3),(~sym_q_2|sym_p_3|sym_q_4),(~sym_q_2|sym_q_3|sym_p_4),(~sym_q_3|sym_p_4|sym_q_5),(~sym_q_3|sym_q_4|sym_p_5),(~sym_p_5|sym_p_2),(~sym_p_6|sym_p_3),(~sym_q_5|sym_q_2),(~sym_q_6|sym_q_3)				
../../TPTP-v7.3.0/Problems/SYN/SYN475+1.p		Theorem	UNKNOWN		UNKNOWN		fof		(~((~hskp0|(ndr1_0&c0_1(a1000)&c2_1(a1000)&~c3_1(a1000)))&(~hskp1|(ndr1_0&c2_1(a1001)&c3_1(a1001)&~c1_1(a1001)))&(~hskp2|(ndr1_0&c0_1(a1002)&c2_1(a1002)&~c1_1(a1002)))&(~hskp3|(ndr1_0&c1_1(a1003)&~c0_1(a1003)&~c2_1(a1003)))&(~hskp4|(ndr1_0&c1_1(a1004)&c2_1(a1004)&~c3_1(a1004)))&(~hskp5|(ndr1_0&~c1_1(a1005)&~c2_1(a1005)&~c3_1(a1005)))&(~hskp6|(ndr1_0&c0_1(a1006)&c3_1(a1006)&~c2_1(a1006)))&(~hskp7|(ndr1_0&c2_1(a1008)&~c1_1(a1008)&~c3_1(a1008)))&(~hskp8|(ndr1_0&c0_1(a1010)&c3_1(a1010)&~c1_1(a1010)))&(~hskp9|(ndr1_0&c0_1(a1011)&c1_1(a1011)&~c2_1(a1011)))&(~hskp10|(ndr1_0&c0_1(a1012)&~c1_1(a1012)&~c3_1(a1012)))&(~hskp11|(ndr1_0&c3_1(a1015)&~c0_1(a1015)&~c1_1(a1015)))&(~hskp12|(ndr1_0&c1_1(a1019)&c2_1(a1019)&~c0_1(a1019)))&(~hskp13|(ndr1_0&c3_1(a1023)&~c1_1(a1023)&~c2_1(a1023)))&(~hskp14|(ndr1_0&c0_1(a1025)&~c2_1(a1025)&~c3_1(a1025)))&(~hskp15|(ndr1_0&c2_1(a1026)&~c0_1(a1026)&~c1_1(a1026)))&(~hskp16|(ndr1_0&c1_1(a1030)&~c2_1(a1030)&~c3_1(a1030)))&(~hskp17|(ndr1_0&c2_1(a1032)&c3_1(a1032)&~c0_1(a1032)))&(~hskp18|(ndr1_0&c1_1(a1036)&c3_1(a1036)&~c2_1(a1036)))&(~hskp19|(ndr1_0&~c0_1(a1037)&~c1_1(a1037)&~c3_1(a1037)))&(~hskp20|(ndr1_0&~c0_1(a1038)&~c1_1(a1038)&~c2_1(a1038)))&(~hskp21|(ndr1_0&c2_1(a1041)&~c0_1(a1041)&~c3_1(a1041)))&(~hskp22|(ndr1_0&c0_1(a1043)&~c1_1(a1043)&~c2_1(a1043)))&(~hskp23|(ndr1_0&c0_1(a1044)&c1_1(a1044)&~c3_1(a1044)))&(~hskp24|(ndr1_0&c1_1(a1045)&c3_1(a1045)&~c0_1(a1045)))&(~hskp25|(ndr1_0&c1_1(a1048)&~c0_1(a1048)&~c3_1(a1048)))&(~hskp26|(ndr1_0&c3_1(a1052)&~c0_1(a1052)&~c2_1(a1052)))&(~hskp27|(ndr1_0&c0_1(a1029)&c2_1(a1029)&c3_1(a1029)))&(~hskp28|(ndr1_0&c0_1(a1033)&c1_1(a1033)&c2_1(a1033)))&(~hskp29|(ndr1_0&c0_1(a1040)&c1_1(a1040)&c3_1(a1040)))&(![U]:(ndr1_0=>(c0_1(U)|c1_1(U)|c2_1(U)))|![V]:(ndr1_0=>(c0_1(V)|c1_1(V)|~c2_1(V)))|![W]:(ndr1_0=>(c0_1(W)|c2_1(W)|~c3_1(W))))&(![X]:(ndr1_0=>(c0_1(X)|c1_1(X)|c2_1(X)))|hskp0|hskp1)&(![Y]:(ndr1_0=>(c0_1(Y)|c1_1(Y)|c3_1(Y)))|![Z]:(ndr1_0=>(c1_1(Z)|c2_1(Z)|c3_1(Z)))|hskp2)&(![X1]:(ndr1_0=>(c0_1(X1)|c1_1(X1)|~c2_1(X1)))|![X2]:(ndr1_0=>(c1_1(X2)|~c0_1(X2)|~c2_1(X2)))|![X3]:(ndr1_0=>(c2_1(X3)|~c0_1(X3)|~c1_1(X3))))&(![X4]:(ndr1_0=>(c0_1(X4)|c1_1(X4)|~c2_1(X4)))|![X5]:(ndr1_0=>(c2_1(X5)|c3_1(X5)|~c1_1(X5)))|hskp3)&(![X6]:(ndr1_0=>(c0_1(X6)|c1_1(X6)|~c2_1(X6)))|![X7]:(ndr1_0=>(c2_1(X7)|~c0_1(X7)|~c3_1(X7)))|hskp4)&(![X8]:(ndr1_0=>(c0_1(X8)|c1_1(X8)|~c3_1(X8)))|![X9]:(ndr1_0=>(c0_1(X9)|c2_1(X9)|~c3_1(X9)))|![X10]:(ndr1_0=>(c1_1(X10)|c3_1(X10)|~c2_1(X10))))&(![X11]:(ndr1_0=>(c0_1(X11)|c1_1(X11)|~c3_1(X11)))|![X12]:(ndr1_0=>(~c0_1(X12)|~c1_1(X12)|~c2_1(X12)))|hskp5)&(![X13]:(ndr1_0=>(c0_1(X13)|c2_1(X13)|c3_1(X13)))|![X14]:(ndr1_0=>(c0_1(X14)|c3_1(X14)|~c1_1(X14)))|![X15]:(ndr1_0=>(c1_1(X15)|c2_1(X15)|c3_1(X15))))&(![X16]:(ndr1_0=>(c0_1(X16)|c2_1(X16)|c3_1(X16)))|![X17]:(ndr1_0=>(c0_1(X17)|~c2_1(X17)|~c3_1(X17)))|hskp6)&(![X18]:(ndr1_0=>(c0_1(X18)|c2_1(X18)|c3_1(X18)))|![X19]:(ndr1_0=>(c1_1(X19)|c3_1(X19)|~c2_1(X19)))|![X20]:(ndr1_0=>(c2_1(X20)|c3_1(X20)|~c0_1(X20))))&(![X21]:(ndr1_0=>(c0_1(X21)|c2_1(X21)|~c1_1(X21)))|![X22]:(ndr1_0=>(c0_1(X22)|~c1_1(X22)|~c2_1(X22)))|hskp0)&(![X23]:(ndr1_0=>(c0_1(X23)|c2_1(X23)|~c1_1(X23)))|![X24]:(ndr1_0=>(c1_1(X24)|c2_1(X24)|~c3_1(X24)))|hskp7)&(![X25]:(ndr1_0=>(c0_1(X25)|c2_1(X25)|~c1_1(X25)))|![X26]:(ndr1_0=>(c1_1(X26)|c3_1(X26)|~c0_1(X26)))|hskp4)&(![X27]:(ndr1_0=>(c0_1(X27)|c2_1(X27)|~c1_1(X27)))|![X28]:(ndr1_0=>(c1_1(X28)|c3_1(X28)|~c2_1(X28)))|hskp8)&(![X29]:(ndr1_0=>(c0_1(X29)|c2_1(X29)|~c1_1(X29)))|hskp9|hskp10)&(![X30]:(ndr1_0=>(c0_1(X30)|c2_1(X30)|~c1_1(X30)))|hskp8|hskp7)&(![X31]:(ndr1_0=>(c0_1(X31)|c3_1(X31)|~c1_1(X31)))|![X32]:(ndr1_0=>(c0_1(X32)|~c1_1(X32)|~c3_1(X32)))|hskp11)&(![X33]:(ndr1_0=>(c0_1(X33)|c3_1(X33)|~c1_1(X33)))|![X34]:(ndr1_0=>(c1_1(X34)|c2_1(X34)|~c3_1(X34)))|![X35]:(ndr1_0=>(~c1_1(X35)|~c2_1(X35)|~c3_1(X35))))&(![X36]:(ndr1_0=>(c0_1(X36)|c3_1(X36)|~c1_1(X36)))|![X37]:(ndr1_0=>(c1_1(X37)|c3_1(X37)|~c2_1(X37)))|hskp7)&(![X38]:(ndr1_0=>(c0_1(X38)|c3_1(X38)|~c1_1(X38)))|![X39]:(ndr1_0=>(c1_1(X39)|~c0_1(X39)|~c3_1(X39)))|![X40]:(ndr1_0=>(c3_1(X40)|~c0_1(X40)|~c2_1(X40))))&(![X41]:(ndr1_0=>(c0_1(X41)|c3_1(X41)|~c1_1(X41)))|![X42]:(ndr1_0=>(~c0_1(X42)|~c2_1(X42)|~c3_1(X42)))|hskp6)&(![X43]:(ndr1_0=>(c0_1(X43)|c3_1(X43)|~c1_1(X43)))|hskp6|hskp12)&(![X44]:(ndr1_0=>(c0_1(X44)|c3_1(X44)|~c2_1(X44)))|![X45]:(ndr1_0=>(c1_1(X45)|~c0_1(X45)|~c2_1(X45)))|![X46]:(ndr1_0=>(c2_1(X46)|c3_1(X46)|~c0_1(X46))))&(![X47]:(ndr1_0=>(c0_1(X47)|c3_1(X47)|~c2_1(X47)))|![X48]:(ndr1_0=>(c1_1(X48)|~c0_1(X48)|~c3_1(X48)))|hskp11)&(![X49]:(ndr1_0=>(c0_1(X49)|c3_1(X49)|~c2_1(X49)))|hskp2|hskp1)&(![X50]:(ndr1_0=>(c0_1(X50)|~c1_1(X50)|~c2_1(X50)))|![X51]:(ndr1_0=>(c1_1(X51)|c2_1(X51)|~c3_1(X51)))|hskp13)&(![X52]:(ndr1_0=>(c0_1(X52)|~c1_1(X52)|~c2_1(X52)))|![X53]:(ndr1_0=>(c1_1(X53)|~c2_1(X53)|~c3_1(X53)))|hskp8)&(![X54]:(ndr1_0=>(c0_1(X54)|~c1_1(X54)|~c2_1(X54)))|![X55]:(ndr1_0=>(c2_1(X55)|~c0_1(X55)|~c3_1(X55)))|hskp14)&(![X56]:(ndr1_0=>(c0_1(X56)|~c1_1(X56)|~c3_1(X56)))|![X57]:(ndr1_0=>(c0_1(X57)|~c2_1(X57)|~c3_1(X57)))|![X58]:(ndr1_0=>(~c1_1(X58)|~c2_1(X58)|~c3_1(X58))))&(![X59]:(ndr1_0=>(c0_1(X59)|~c1_1(X59)|~c3_1(X59)))|![X60]:(ndr1_0=>(c1_1(X60)|~c0_1(X60)|~c3_1(X60)))|hskp15)&(![X61]:(ndr1_0=>(c0_1(X61)|~c2_1(X61)|~c3_1(X61)))|![X62]:(ndr1_0=>(c2_1(X62)|c3_1(X62)|~c1_1(X62)))|hskp9)&(![X63]:(ndr1_0=>(c1_1(X63)|c2_1(X63)|c3_1(X63)))|![X64]:(ndr1_0=>(c1_1(X64)|c3_1(X64)|~c0_1(X64)))|hskp13)&(![X65]:(ndr1_0=>(c1_1(X65)|c2_1(X65)|c3_1(X65)))|![X66]:(ndr1_0=>(c1_1(X66)|~c0_1(X66)|~c2_1(X66)))|hskp27)&(![X67]:(ndr1_0=>(c1_1(X67)|c2_1(X67)|c3_1(X67)))|![X68]:(ndr1_0=>(c2_1(X68)|c3_1(X68)|~c1_1(X68)))|hskp16)&(![X69]:(ndr1_0=>(c1_1(X69)|c2_1(X69)|c3_1(X69)))|![X70]:(ndr1_0=>(c2_1(X70)|~c0_1(X70)|~c3_1(X70)))|hskp12)&(![X71]:(ndr1_0=>(c1_1(X71)|c2_1(X71)|c3_1(X71)))|![X72]:(ndr1_0=>(c3_1(X72)|~c0_1(X72)|~c1_1(X72)))|hskp17)&(![X73]:(ndr1_0=>(c1_1(X73)|c2_1(X73)|~c3_1(X73)))|hskp28|hskp8)&(![X74]:(ndr1_0=>(c1_1(X74)|c2_1(X74)|~c3_1(X74)))|hskp10|hskp18)&(![X75]:(ndr1_0=>(c1_1(X75)|c3_1(X75)|~c0_1(X75)))|![X76]:(ndr1_0=>(c1_1(X76)|~c0_1(X76)|~c2_1(X76)))|hskp19)&(![X77]:(ndr1_0=>(c1_1(X77)|c3_1(X77)|~c0_1(X77)))|![X78]:(ndr1_0=>(c2_1(X78)|c3_1(X78)|~c0_1(X78)))|hskp20)&(![X79]:(ndr1_0=>(c1_1(X79)|c3_1(X79)|~c0_1(X79)))|![X80]:(ndr1_0=>(c3_1(X80)|~c1_1(X80)|~c2_1(X80)))|hskp10)&(![X81]:(ndr1_0=>(c1_1(X81)|c3_1(X81)|~c0_1(X81)))|hskp29|hskp21)&(![X82]:(ndr1_0=>(c1_1(X82)|~c0_1(X82)|~c2_1(X82)))|![X83]:(ndr1_0=>(c1_1(X83)|~c2_1(X83)|~c3_1(X83)))|hskp6)&(![X84]:(ndr1_0=>(c1_1(X84)|~c0_1(X84)|~c3_1(X84)))|![X85]:(ndr1_0=>(c2_1(X85)|c3_1(X85)|~c1_1(X85)))|hskp22)&(![X86]:(ndr1_0=>(c1_1(X86)|~c0_1(X86)|~c3_1(X86)))|![X87]:(ndr1_0=>(c2_1(X87)|~c0_1(X87)|~c1_1(X87)))|![X88]:(ndr1_0=>(~c1_1(X88)|~c2_1(X88)|~c3_1(X88))))&(![X89]:(ndr1_0=>(c1_1(X89)|~c0_1(X89)|~c3_1(X89)))|hskp23)&(![X90]:(ndr1_0=>(c1_1(X90)|~c0_1(X90)|~c3_1(X90)))|hskp24|hskp15)&(![X91]:(ndr1_0=>(c1_1(X91)|~c2_1(X91)|~c3_1(X91)))|![X92]:(ndr1_0=>(c2_1(X92)|~c0_1(X92)|~c3_1(X92)))|![X93]:(ndr1_0=>(c3_1(X93)|~c1_1(X93)|~c2_1(X93))))&(![X94]:(ndr1_0=>(c2_1(X94)|c3_1(X94)|~c0_1(X94)))|hskp3|hskp25)&(![X95]:(ndr1_0=>(c2_1(X95)|c3_1(X95)|~c1_1(X95)))|![X96]:(ndr1_0=>(c3_1(X96)|~c0_1(X96)|~c2_1(X96)))|hskp15)&(![X97]:(ndr1_0=>(c2_1(X97)|~c0_1(X97)|~c1_1(X97)))|![X98]:(ndr1_0=>(~c0_1(X98)|~c2_1(X98)|~c3_1(X98)))|hskp6)&(![X99]:(ndr1_0=>(c2_1(X99)|~c0_1(X99)|~c1_1(X99)))|hskp8|hskp26)&(![X100]:(ndr1_0=>(c2_1(X100)|~c0_1(X100)|~c1_1(X100)))|hskp6|hskp13)&(![X101]:(ndr1_0=>(c2_1(X101)|~c0_1(X101)|~c3_1(X101)))|hskp23|hskp3)&(![X102]:(ndr1_0=>(c2_1(X102)|~c1_1(X102)|~c3_1(X102)))|hskp6|hskp22)&(![X103]:(ndr1_0=>(c3_1(X103)|~c0_1(X103)|~c1_1(X103)))|hskp4|hskp19)&(![X104]:(ndr1_0=>(c3_1(X104)|~c0_1(X104)|~c2_1(X104)))|![X105]:(ndr1_0=>(~c0_1(X105)|~c1_1(X105)|~c2_1(X105)))|hskp17)&(![X106]:(ndr1_0=>(c3_1(X106)|~c1_1(X106)|~c2_1(X106)))|hskp23|hskp4)&(![X107]:(ndr1_0=>(~c0_1(X107)|~c1_1(X107)|~c2_1(X107)))|hskp9|hskp12)&(![X108]:(ndr1_0=>(~c0_1(X108)|~c1_1(X108)|~c2_1(X108)))|hskp7)&(![X109]:(ndr1_0=>(~c0_1(X109)|~c2_1(X109)|~c3_1(X109)))|hskp24|hskp3)&(![X110]:(ndr1_0=>(~c0_1(X110)|~c2_1(X110)|~c3_1(X110)))|hskp26|hskp19)&(hskp29|hskp23|hskp13)&(hskp29|hskp12|hskp5)&(hskp29|hskp3|hskp26)&(hskp23|hskp18|hskp20)&(hskp27|hskp6|hskp14)&(hskp27|hskp7|hskp26)&(hskp22|hskp14|hskp12)&(hskp4|hskp21|hskp7)&(hskp24|hskp25|hskp19)))			
../../TPTP-v7.3.0/Problems/SYN/SYN370+1.p		Theorem	UNKNOWN		UNKNOWN		fof		(?[V]:![Y]:?[Z]:((big_p(a,Y,h(Y))|big_p(V,Y,f(Y)))=>big_p(V,Y,Z)))			
../../TPTP-v7.3.0/Problems/SYN/SYN539+1.p		CounterSatisfiable	UNKNOWN		UNKNOWN		fof		(~((c4_0|(ndr1_0&c2_1(a587)&c3_1(a587)&c5_1(a587)))&((ndr1_0&ndr1_1(a588)&~c1_2(a588,a589)&c2_2(a588,a589)&c3_2(a588,a589)&ndr1_1(a588)&~c4_2(a588,a590)&c2_2(a588,a590)&c1_2(a588,a590)&ndr1_1(a588)&c5_2(a588,a591)&~c2_2(a588,a591))|~c2_0|![U]:(ndr1_0=>(c2_1(U)|c5_1(U)|~c3_1(U))))&(~c3_0|~c1_0|~c4_0)&((ndr1_0&~c3_1(a592)&![V]:(ndr1_1(a592)=>(c5_2(a592,V)|c4_2(a592,V)|~c1_2(a592,V)))&~c4_1(a592))|(ndr1_0&![W]:(ndr1_1(a593)=>(~c4_2(a593,W)|c5_2(a593,W)|~c1_2(a593,W)))&c2_1(a593)&~c5_1(a593))|(ndr1_0&c1_1(a594)&c4_1(a594)))&(~c5_0|![X]:(ndr1_0=>((ndr1_1(X)&~c4_2(X,a595)&~c1_2(X,a595))|~c1_1(X)|![Y]:(ndr1_1(X)=>(c2_2(X,Y)|~c5_2(X,Y))))))&(![Z]:(ndr1_0=>(c2_1(Z)|![X1]:(ndr1_1(Z)=>(~c2_2(Z,X1)|c3_2(Z,X1)))|c1_1(Z)))|c2_0|(ndr1_0&![X2]:(ndr1_1(a596)=>(c3_2(a596,X2)|~c4_2(a596,X2)|~c1_2(a596,X2)))&ndr1_1(a596)&c5_2(a596,a597)&~c2_2(a596,a597)&~c1_2(a596,a597)&ndr1_1(a596)&c1_2(a596,a598)&~c4_2(a596,a598)&c2_2(a596,a598)))&(![X3]:(ndr1_0=>((ndr1_1(X3)&c2_2(X3,a599)&~c3_2(X3,a599)&~c5_2(X3,a599))|(ndr1_1(X3)&c1_2(X3,a600)&~c3_2(X3,a600)&c2_2(X3,a600))|c2_1(X3)))|![X4]:(ndr1_0=>(~c3_1(X4)|c2_1(X4)|(ndr1_1(X4)&c4_2(X4,a601)&c2_2(X4,a601)&c5_2(X4,a601))))|c2_0)&(c1_0|![X5]:(ndr1_0=>((ndr1_1(X5)&~c2_2(X5,a602)&c3_2(X5,a602))|(ndr1_1(X5)&c5_2(X5,a603)&c3_2(X5,a603)&~c4_2(X5,a603))|(ndr1_1(X5)&c4_2(X5,a604)&c3_2(X5,a604)&~c1_2(X5,a604))))|![X6]:(ndr1_0=>(![X7]:(ndr1_1(X6)=>(c4_2(X6,X7)|c1_2(X6,X7)|~c5_2(X6,X7)))|~c1_1(X6))))&(~c1_0|(ndr1_0&![X8]:(ndr1_1(a605)=>(~c3_2(a605,X8)|c2_2(a605,X8)))&![X9]:(ndr1_1(a605)=>(c5_2(a605,X9)|c3_2(a605,X9)|~c1_2(a605,X9))))|![X10]:(ndr1_0=>(![X11]:(ndr1_1(X10)=>(c4_2(X10,X11)|c5_2(X10,X11)))|c3_1(X10))))&(![X12]:(ndr1_0=>((ndr1_1(X12)&c4_2(X12,a606)&c3_2(X12,a606))|~c3_1(X12)|![X13]:(ndr1_1(X12)=>(~c2_2(X12,X13)|c3_2(X12,X13)|c5_2(X12,X13)))))|c5_0)&(![X14]:(ndr1_0=>(c4_1(X14)|(ndr1_1(X14)&~c1_2(X14,a607)&c4_2(X14,a607)&c3_2(X14,a607))|c2_1(X14)))|~c2_0|c5_0)&(![X15]:(ndr1_0=>(~c1_1(X15)|![X16]:(ndr1_1(X15)=>(c5_2(X15,X16)|c4_2(X15,X16)))|~c3_1(X15)))|(ndr1_0&![X17]:(ndr1_1(a608)=>(~c3_2(a608,X17)|c2_2(a608,X17)))&![X18]:(ndr1_1(a608)=>(~c2_2(a608,X18)|~c5_2(a608,X18)))&ndr1_1(a608)&c5_2(a608,a609)&~c4_2(a608,a609))|![X19]:(ndr1_0=>(c5_1(X19)|(ndr1_1(X19)&c2_2(X19,a610)&c3_2(X19,a610)&~c1_2(X19,a610))|c1_1(X19))))&(~c4_0|~c2_0|(ndr1_0&ndr1_1(a611)&c5_2(a611,a612)&~c1_2(a611,a612)&![X20]:(ndr1_1(a611)=>(c5_2(a611,X20)|~c3_2(a611,X20)|c2_2(a611,X20)))&~c1_1(a611)))&(~c3_0|![X21]:(ndr1_0=>(~c3_1(X21)|c5_1(X21)))|(ndr1_0&~c3_1(a613)&ndr1_1(a613)&c1_2(a613,a614)&~c4_2(a613,a614)&~c3_2(a613,a614)&![X22]:(ndr1_1(a613)=>(~c2_2(a613,X22)|c1_2(a613,X22)))))&((ndr1_0&~c1_1(a615)&![X23]:(ndr1_1(a615)=>(~c5_2(a615,X23)|~c2_2(a615,X23)|~c3_2(a615,X23)))&![X24]:(ndr1_1(a615)=>(~c2_2(a615,X24)|c3_2(a615,X24)|c1_2(a615,X24))))|~c1_0|~c3_0)&(c4_0|~c5_0|(ndr1_0&~c3_1(a616)&c1_1(a616)&~c2_1(a616)))&(~c2_0|![X25]:(ndr1_0=>((ndr1_1(X25)&c4_2(X25,a617)&~c1_2(X25,a617))|c1_1(X25)|![X26]:(ndr1_1(X25)=>(~c5_2(X25,X26)|c2_2(X25,X26)|~c1_2(X25,X26))))))&(![X27]:(ndr1_0=>(c1_1(X27)|(ndr1_1(X27)&~c4_2(X27,a618)&~c3_2(X27,a618)&~c2_2(X27,a618))|~c2_1(X27)))|c2_0|c4_0)&(~c5_0|(ndr1_0&c4_1(a619)&c1_1(a619)&c5_1(a619))|c1_0)&(c4_0|~c3_0|c1_0)&(~c5_0|~c1_0|(ndr1_0&~c4_1(a620)))&(![X28]:(ndr1_0=>c2_1(X28))|c2_0|![X29]:(ndr1_0=>(~c2_1(X29)|(ndr1_1(X29)&c1_2(X29,a621)&c4_2(X29,a621)&~c2_2(X29,a621))|(ndr1_1(X29)&~c1_2(X29,a622)&c5_2(X29,a622)))))&(~c4_0|![X30]:(ndr1_0=>(~c2_1(X30)|![X31]:(ndr1_1(X30)=>(c2_2(X30,X31)|~c1_2(X30,X31)|~c4_2(X30,X31)))|c4_1(X30)))|~c3_0)&(~c4_0|~c1_0|![X32]:(ndr1_0=>((ndr1_1(X32)&~c3_2(X32,a623))|~c3_1(X32)|![X33]:(ndr1_1(X32)=>(~c4_2(X32,X33)|c1_2(X32,X33)|~c2_2(X32,X33))))))&((ndr1_0&![X34]:(ndr1_1(a624)=>(c3_2(a624,X34)|c2_2(a624,X34)|c5_2(a624,X34)))&ndr1_1(a624)&c3_2(a624,a625)&~c1_2(a624,a625)&~c2_2(a624,a625)&ndr1_1(a624)&c5_2(a624,a626)&~c3_2(a624,a626)&c4_2(a624,a626))|c2_0|![X35]:(ndr1_0=>(~c3_1(X35)|(ndr1_1(X35)&~c2_2(X35,a627)&c1_2(X35,a627))|![X36]:(ndr1_1(X35)=>(~c5_2(X35,X36)|~c1_2(X35,X36)|~c3_2(X35,X36))))))&(![X37]:(ndr1_0=>(![X38]:(ndr1_1(X37)=>(c2_2(X37,X38)|~c1_2(X37,X38)|c3_2(X37,X38)))|(ndr1_1(X37)&c4_2(X37,a628)&~c1_2(X37,a628)&~c5_2(X37,a628))|~c4_1(X37)))|(ndr1_0&ndr1_1(a629)&~c2_2(a629,a630)&~c5_2(a629,a630)&~c2_1(a629)&c3_1(a629))|~c3_0)&(~c4_0|(ndr1_0&c1_1(a631)&~c3_1(a631)))&(![X39]:(ndr1_0=>(![X40]:(ndr1_1(X39)=>(c3_2(X39,X40)|~c1_2(X39,X40)|c5_2(X39,X40)))|c2_1(X39)|(ndr1_1(X39)&~c2_2(X39,a632)&~c3_2(X39,a632))))|c3_0|(ndr1_0&~c3_1(a633)&![X41]:(ndr1_1(a633)=>(c1_2(a633,X41)|~c3_2(a633,X41)))&~c1_1(a633)))&((ndr1_0&~c2_1(a634))|![X42]:(ndr1_0=>((ndr1_1(X42)&~c2_2(X42,a635))|~c5_1(X42)|![X43]:(ndr1_1(X42)=>(c2_2(X42,X43)|~c1_2(X42,X43)))))|c1_0)&(c3_0|~c1_0|c5_0)&(~c5_0|~c2_0|![X44]:(ndr1_0=>(![X45]:(ndr1_1(X44)=>(c1_2(X44,X45)|~c2_2(X44,X45)))|![X46]:(ndr1_1(X44)=>(c4_2(X44,X46)|~c2_2(X44,X46)))|(ndr1_1(X44)&c2_2(X44,a636)&~c3_2(X44,a636)))))&c5_0&(c3_0|(ndr1_0&~c3_1(a637)&~c2_1(a637)&ndr1_1(a637)&c1_2(a637,a638)&~c4_2(a637,a638)))&(![X47]:(ndr1_0=>((ndr1_1(X47)&~c1_2(X47,a639)&~c2_2(X47,a639)&c5_2(X47,a639))|~c5_1(X47)|c3_1(X47)))|c4_0)))			
../../TPTP-v7.3.0/Problems/SYN/SYN558-1.p		Unsatisfiable	UNKNOWN		UNKNOWN		cnf					
../../TPTP-v7.3.0/Problems/SYN/SYN540+1.p		CounterSatisfiable	UNKNOWN		UNKNOWN		fof		(~((![U]:(ndr1_0=>(c2_1(U)|(ndr1_1(U)&c5_2(U,a681)&~c1_2(U,a681)&c4_2(U,a681))|![V]:(ndr1_1(U)=>(c2_2(U,V)|~c4_2(U,V)|c1_2(U,V)))))|c1_0|c4_0)&(![W]:(ndr1_0=>(![X]:(ndr1_1(W)=>(~c2_2(W,X)|c5_2(W,X)))|(ndr1_1(W)&c1_2(W,a682)&~c4_2(W,a682))|![Y]:(ndr1_1(W)=>(~c4_2(W,Y)|~c2_2(W,Y)|c3_2(W,Y)))))|![Z]:(ndr1_0=>(~c4_1(Z)|c5_1(Z)))|c4_0)&(![X1]:(ndr1_0=>((ndr1_1(X1)&c4_2(X1,a683)&c1_2(X1,a683))|(ndr1_1(X1)&c1_2(X1,a684)&~c2_2(X1,a684))))|c3_0|(ndr1_0&~c1_1(a685)&ndr1_1(a685)&~c3_2(a685,a686)&~c5_2(a685,a686)&~c4_2(a685,a686)&![X2]:(ndr1_1(a685)=>(c1_2(a685,X2)|~c2_2(a685,X2)))))&((ndr1_0&![X3]:(ndr1_1(a687)=>(~c2_2(a687,X3)|~c1_2(a687,X3)|~c4_2(a687,X3)))&~c1_1(a687)&ndr1_1(a687)&c4_2(a687,a688)&c2_2(a687,a688)&~c5_2(a687,a688))|c4_0|(ndr1_0&ndr1_1(a689)&~c1_2(a689,a690)&c2_2(a689,a690)&c3_2(a689,a690)&![X4]:(ndr1_1(a689)=>(c3_2(a689,X4)|~c5_2(a689,X4)|~c4_2(a689,X4)))&ndr1_1(a689)&c5_2(a689,a691)&~c4_2(a689,a691)&c1_2(a689,a691)))&((ndr1_0&~c1_1(a692)&~c4_1(a692)&![X5]:(ndr1_1(a692)=>(c4_2(a692,X5)|~c3_2(a692,X5)|c2_2(a692,X5))))|(ndr1_0&c2_1(a693)&~c5_1(a693)&![X6]:(ndr1_1(a693)=>(c2_2(a693,X6)|~c1_2(a693,X6))))|c3_0)&(~c1_0|c2_0)&(c2_0|c5_0|![X7]:(ndr1_0=>(~c5_1(X7)|c2_1(X7)|c1_1(X7))))&(c2_0|c3_0|~c5_0)&(c4_0|(ndr1_0&~c3_1(a694)&~c1_1(a694)&![X8]:(ndr1_1(a694)=>(c2_2(a694,X8)|c4_2(a694,X8)|c3_2(a694,X8)))))&(c1_0|~c2_0|~c4_0)&(~c3_0|![X9]:(ndr1_0=>(~c5_1(X9)|~c3_1(X9)|c4_1(X9))))&(![X10]:(ndr1_0=>(![X11]:(ndr1_1(X10)=>(~c1_2(X10,X11)|~c2_2(X10,X11)))|(ndr1_1(X10)&c3_2(X10,a695)&c2_2(X10,a695))|![X12]:(ndr1_1(X10)=>(~c2_2(X10,X12)|c3_2(X10,X12)|~c4_2(X10,X12)))))|c2_0)&(![X13]:(ndr1_0=>(![X14]:(ndr1_1(X13)=>(~c3_2(X13,X14)|c1_2(X13,X14)))|c4_1(X13)))|~c1_0|(ndr1_0&c2_1(a696)&c5_1(a696)))&(~c4_0|(ndr1_0&c5_1(a697)&~c2_1(a697)&~c4_1(a697)))&(c5_0|(ndr1_0&c3_1(a698)&ndr1_1(a698)&~c4_2(a698,a699)&~c1_2(a698,a699)&![X15]:(ndr1_1(a698)=>(c5_2(a698,X15)|c1_2(a698,X15)|c4_2(a698,X15)))))&(c4_0|(ndr1_0&~c5_1(a700)&ndr1_1(a700)&~c1_2(a700,a701)&~c4_2(a700,a701)&~c2_2(a700,a701)&~c3_1(a700))|~c1_0)&((ndr1_0&![X16]:(ndr1_1(a702)=>(c4_2(a702,X16)|~c1_2(a702,X16)))&![X17]:(ndr1_1(a702)=>(~c5_2(a702,X17)|c1_2(a702,X17)))&![X18]:(ndr1_1(a702)=>(~c5_2(a702,X18)|c1_2(a702,X18)|~c2_2(a702,X18))))|c1_0)&(c3_0|![X19]:(ndr1_0=>(c5_1(X19)|(ndr1_1(X19)&~c1_2(X19,a703)&~c3_2(X19,a703))))|~c5_0)&(![X20]:(ndr1_0=>(![X21]:(ndr1_1(X20)=>(c1_2(X20,X21)|~c2_2(X20,X21)))|c1_1(X20)))|c4_0)&(c2_0|~c4_0)&(~c5_0|~c1_0|c4_0)&(~c2_0|~c1_0)&(![X22]:(ndr1_0=>(![X23]:(ndr1_1(X22)=>(~c3_2(X22,X23)|~c2_2(X22,X23)))|c3_1(X22)))|(ndr1_0&ndr1_1(a704)&c3_2(a704,a705)&c4_2(a704,a705)&c1_2(a704,a705)&~c4_1(a704)&~c5_1(a704))|~c2_0)&(~c3_0|(ndr1_0&~c4_1(a706)&ndr1_1(a706)&~c1_2(a706,a707)&~c5_2(a706,a707)&![X24]:(ndr1_1(a706)=>(~c5_2(a706,X24)|c2_2(a706,X24)|~c3_2(a706,X24))))|![X25]:(ndr1_0=>((ndr1_1(X25)&c2_2(X25,a708)&~c5_2(X25,a708)&c1_2(X25,a708))|c5_1(X25)|~c4_1(X25))))&(c4_0|![X26]:(ndr1_0=>((ndr1_1(X26)&~c1_2(X26,a709)&c2_2(X26,a709)&c4_2(X26,a709))|~c2_1(X26)))|c5_0)&((ndr1_0&c1_1(a710)&![X27]:(ndr1_1(a710)=>(~c3_2(a710,X27)|~c5_2(a710,X27)|c4_2(a710,X27))))|c3_0|![X28]:(ndr1_0=>((ndr1_1(X28)&c4_2(X28,a711)&~c2_2(X28,a711))|![X29]:(ndr1_1(X28)=>(c2_2(X28,X29)|c1_2(X28,X29)))|~c4_1(X28))))&(~c5_0|![X30]:(ndr1_0=>((ndr1_1(X30)&c3_2(X30,a712)&~c5_2(X30,a712)&c1_2(X30,a712))|![X31]:(ndr1_1(X30)=>(~c1_2(X30,X31)|c4_2(X30,X31)|~c3_2(X30,X31)))|~c4_1(X30)))|~c4_0)&(~c3_0|c1_0|(ndr1_0&~c3_1(a713)&![X32]:(ndr1_1(a713)=>c2_2(a713,X32))&ndr1_1(a713)&~c1_2(a713,a714)&~c2_2(a713,a714)&~c3_2(a713,a714)))&(~c3_0|(ndr1_0&~c3_1(a715)&ndr1_1(a715)&~c5_2(a715,a716)&~c4_2(a715,a716)&~c2_2(a715,a716))|![X33]:(ndr1_0=>(![X34]:(ndr1_1(X33)=>(c2_2(X33,X34)|~c3_2(X33,X34)))|c2_1(X33)|![X35]:(ndr1_1(X33)=>(c3_2(X33,X35)|~c2_2(X33,X35))))))&((ndr1_0&c4_1(a717)&ndr1_1(a717)&c5_2(a717,a718)&c1_2(a717,a718))|~c3_0|(ndr1_0&ndr1_1(a719)&c4_2(a719,a720)&c2_2(a719,a720)&~c2_1(a719)&ndr1_1(a719)&c4_2(a719,a721)&~c5_2(a719,a721)&c1_2(a719,a721)))&((ndr1_0&![X36]:(ndr1_1(a722)=>(~c1_2(a722,X36)|~c5_2(a722,X36)|~c4_2(a722,X36)))&![X37]:(ndr1_1(a722)=>(c1_2(a722,X37)|~c2_2(a722,X37)|~c3_2(a722,X37)))&c3_1(a722))|c1_0|(ndr1_0&ndr1_1(a723)&c4_2(a723,a724)&c2_2(a723,a724)&~c5_2(a723,a724)&![X38]:(ndr1_1(a723)=>(~c4_2(a723,X38)|~c5_2(a723,X38)|~c2_2(a723,X38)))))&(![X39]:(ndr1_0=>(![X40]:(ndr1_1(X39)=>(~c1_2(X39,X40)|c5_2(X39,X40)|~c4_2(X39,X40)))|c4_1(X39)|~c1_1(X39)))|~c3_0)))			
../../TPTP-v7.3.0/Problems/SYN/SYN080-1.p		Unsatisfiable	UNKNOWN		UNKNOWN		cnf	(f(X)=g(Y)),(f(X)=g(Y))				
../../TPTP-v7.3.0/Problems/SYN/SYN079-1.p		Unsatisfiable	UNKNOWN		UNKNOWN		cnf	(big_f(f(a,b),f(b,c))),(big_f(f(b,c),f(a,c))),(~big_f(X,Y)|~big_f(Y,Z)|big_f(X,Z)),(big_f(f(a,b),f(b,c))),(big_f(f(b,c),f(a,c))),(~big_f(X,Y)|~big_f(Y,Z)|big_f(X,Z))				
../../TPTP-v7.3.0/Problems/SYN/SYN119-1.p		Unsatisfiable	UNKNOWN		UNKNOWN		cnf					
../../TPTP-v7.3.0/Problems/SYN/SYN820-1.p		Unsatisfiable	UNKNOWN		UNKNOWN		cnf					
../../TPTP-v7.3.0/Problems/SYN/SYN243-1.p		Unsatisfiable	UNKNOWN		UNKNOWN		cnf					
../../TPTP-v7.3.0/Problems/SYN/SYN531+1.p		CounterSatisfiable	UNKNOWN		UNKNOWN		fof		(~((![U]:(ndr1_0=>(![V]:(ndr1_1(U)=>(c3_2(U,V)|c2_2(U,V)))|c3_1(U)))|~c1_0|~c5_0)&(![W]:(ndr1_0=>((ndr1_1(W)&c5_2(W,a387)&c2_2(W,a387)&c3_2(W,a387))|(ndr1_1(W)&c3_2(W,a388)&~c1_2(W,a388)&c2_2(W,a388))|c2_1(W)))|![X]:(ndr1_0=>(~c1_1(X)|~c5_1(X)|(ndr1_1(X)&c1_2(X,a389)&~c3_2(X,a389)))))&(![Y]:(ndr1_0=>(c3_1(Y)|![Z]:(ndr1_1(Y)=>(c1_2(Y,Z)|~c3_2(Y,Z)))|c5_1(Y)))|(ndr1_0&~c1_1(a390)&![X1]:(ndr1_1(a390)=>(c1_2(a390,X1)|c5_2(a390,X1))))|(ndr1_0&![X2]:(ndr1_1(a391)=>(c4_2(a391,X2)|~c1_2(a391,X2)|~c3_2(a391,X2)))&~c3_1(a391)&![X3]:(ndr1_1(a391)=>(c4_2(a391,X3)|c1_2(a391,X3)|~c5_2(a391,X3)))))&(~c4_0|![X4]:(ndr1_0=>(c4_1(X4)|c2_1(X4)|c5_1(X4))))&((ndr1_0&c5_1(a392)&c3_1(a392)&c1_1(a392))|c5_0|(ndr1_0&ndr1_1(a393)&~c2_2(a393,a394)&~c3_2(a393,a394)&c5_2(a393,a394)&ndr1_1(a393)&~c1_2(a393,a395)&c2_2(a393,a395)&c3_1(a393)))&(~c1_0|(ndr1_0&~c3_1(a396)&c4_1(a396)&ndr1_1(a396)&~c5_2(a396,a397)&~c4_2(a396,a397)&c3_2(a396,a397))|~c2_0)&(c3_0|c4_0|![X5]:(ndr1_0=>(~c3_1(X5)|(ndr1_1(X5)&c3_2(X5,a398))|~c1_1(X5))))&(c4_0|~c5_0|~c2_0)&(~c2_0|~c3_0)&(![X6]:(ndr1_0=>(c4_1(X6)|c5_1(X6)|~c3_1(X6)))|~c2_0)&((ndr1_0&~c2_1(a399)&![X7]:(ndr1_1(a399)=>(~c2_2(a399,X7)|~c1_2(a399,X7)|~c5_2(a399,X7))))|c3_0|~c5_0)&(c3_0|![X8]:(ndr1_0=>(![X9]:(ndr1_1(X8)=>(c3_2(X8,X9)|c2_2(X8,X9)|c4_2(X8,X9)))|c1_1(X8)))|c2_0)&(~c2_0|(ndr1_0&c2_1(a400)&~c1_1(a400)&![X10]:(ndr1_1(a400)=>~c3_2(a400,X10)))|(ndr1_0&ndr1_1(a401)&c2_2(a401,a402)&~c1_2(a401,a402)&c4_1(a401)))&(![X11]:(ndr1_0=>(c2_1(X11)|c1_1(X11)|~c3_1(X11)))|~c5_0|(ndr1_0&c1_1(a403)&ndr1_1(a403)&c3_2(a403,a404)&~c4_2(a403,a404)&c2_1(a403)))&(c5_0|c4_0)&(~c5_0|c1_0|c3_0)&(![X12]:(ndr1_0=>(~c1_1(X12)|![X13]:(ndr1_1(X12)=>(c2_2(X12,X13)|~c3_2(X12,X13)|c5_2(X12,X13)))|(ndr1_1(X12)&~c5_2(X12,a405)&~c2_2(X12,a405)&~c1_2(X12,a405))))|![X14]:(ndr1_0=>(![X15]:(ndr1_1(X14)=>(c1_2(X14,X15)|c3_2(X14,X15)))|(ndr1_1(X14)&c4_2(X14,a406)&c2_2(X14,a406)&c3_2(X14,a406)))))&((ndr1_0&ndr1_1(a407)&~c3_2(a407,a408)&c1_2(a407,a408)&~c5_2(a407,a408)&~c2_1(a407)&ndr1_1(a407)&~c3_2(a407,a409)&c1_2(a407,a409)&c2_2(a407,a409))|![X16]:(ndr1_0=>(c5_1(X16)|![X17]:(ndr1_1(X16)=>(c2_2(X16,X17)|c1_2(X16,X17)))|![X18]:(ndr1_1(X16)=>(~c4_2(X16,X18)|c2_2(X16,X18))))))&(c2_0|~c5_0)&(c1_0|![X19]:(ndr1_0=>((ndr1_1(X19)&c1_2(X19,a410)&~c4_2(X19,a410)&c2_2(X19,a410))|c4_1(X19)))|c4_0)))			
../../TPTP-v7.3.0/Problems/SYN/SYN363+1.p		Theorem	UNKNOWN		UNKNOWN		fof		((![X]:big_r(X,b)&![Y]:(?[Z]:big_r(Y,Z)=>big_r(a,Y)))=>?[U]:![V]:big_r(U,V))			
../../TPTP-v7.3.0/Problems/SYN/SYN646-1.p		Unsatisfiable	UNKNOWN		UNKNOWN		cnf					
../../TPTP-v7.3.0/Problems/SYN/SYN048+1.p		Theorem	UNKNOWN		UNKNOWN		fof		(?[Y]:![X]:(big_f(Y)=>big_f(X)))			
../../TPTP-v7.3.0/Problems/SYN/SYN470-1.p		Unsatisfiable	UNKNOWN		UNKNOWN		cnf					
../../TPTP-v7.3.0/Problems/SYN/SYN631-1.p		Unsatisfiable	UNKNOWN		UNKNOWN		cnf					
../../TPTP-v7.3.0/Problems/SYN/SYN278-1.p		Unsatisfiable	UNKNOWN		UNKNOWN		cnf					
../../TPTP-v7.3.0/Problems/SYN/SYN217-1.p		Unsatisfiable	UNKNOWN		UNKNOWN		cnf					
../../TPTP-v7.3.0/Problems/SYN/SYN724-1.p		Unsatisfiable	UNKNOWN		UNKNOWN		cnf					
../../TPTP-v7.3.0/Problems/SYN/SYN280-1.p		Unsatisfiable	UNKNOWN		UNKNOWN		cnf					
../../TPTP-v7.3.0/Problems/SYN/SYN331+1.p		Theorem	UNKNOWN		UNKNOWN		fof		(?[X,Y]:![Z]:(big_f(X,Z)=>(big_f(Y,Z)=>((big_f(X,Y)<=>big_f(Z,Z))=>((big_f(Y,X)|big_f(Z,Z))=>(big_f(Z,X)|big_f(Z,Y)))))))			
../../TPTP-v7.3.0/Problems/SYN/SYN548+1.p			UNKNOWN		UNKNOWN					Parser Error"TokenHead"		
../../TPTP-v7.3.0/Problems/SYN/SYN031-1.p		Unsatisfiable	UNKNOWN		UNKNOWN		cnf	(g(A,a)|g(f(A),A)),(g(A,a)|g(A,f(A))),(~g(A,B)|g(f(B),B)),(~g(A,B)|g(B,f(B))),(g(A,a)|g(f(A),A)),(g(A,a)|g(A,f(A))),(~g(A,B)|g(f(B),B)),(~g(A,B)|g(B,f(B)))				
../../TPTP-v7.3.0/Problems/SYN/SYN089-1.002.p		Unsatisfiable	UNKNOWN		UNKNOWN		cnf	(p_1_2|~p_2_2|~p_1_1),(p_1_2|~q_2_2|~q_1_1),(q_1_2|~p_2_2|~q_1_1),(q_1_2|~q_2_2|~p_1_1),(p_1_1|~p_1_2),(q_1_1|~q_1_2),(p_2_2|~p_1_2),(q_2_2|~q_1_2),(p_1_1),(q_1_1),(p_2_2),(q_2_2),(p_1_2|~p_2_2|~p_1_1),(p_1_2|~q_2_2|~q_1_1),(q_1_2|~p_2_2|~q_1_1),(q_1_2|~q_2_2|~p_1_1),(p_1_1|~p_1_2),(q_1_1|~q_1_2),(p_2_2|~p_1_2),(q_2_2|~q_1_2),(p_1_1),(q_1_1),(p_2_2),(q_2_2)				
../../TPTP-v7.3.0/Problems/SYN/SYN657-1.p		Unsatisfiable	UNKNOWN		UNKNOWN		cnf					
../../TPTP-v7.3.0/Problems/SYN/SYN800-1.p		Satisfiable	UNKNOWN		UNKNOWN		cnf					
../../TPTP-v7.3.0/Problems/SYN/SYN718-1.p		Unsatisfiable	UNKNOWN		UNKNOWN		cnf					
../../TPTP-v7.3.0/Problems/SYN/SYN515-1.p		Satisfiable	UNKNOWN		UNKNOWN		cnf					
../../TPTP-v7.3.0/Problems/SYN/SYN165-1.p		Unsatisfiable	UNKNOWN		UNKNOWN		cnf					
../../TPTP-v7.3.0/Problems/SYN/SYN467-1.p		Unsatisfiable	UNKNOWN		UNKNOWN		cnf					
../../TPTP-v7.3.0/Problems/SYN/SYN450-1.p		Unsatisfiable	UNKNOWN		UNKNOWN		cnf					
../../TPTP-v7.3.0/Problems/SYN/SYN320+1.p		CounterSatisfiable	UNKNOWN		UNKNOWN		fof		(?[Z,X]:![Y1,Y2]:((~big_f(X,Z)=>big_f(Z,Y1))=>(big_f(Y2,Z)=>big_f(Z,Y2))))			
../../TPTP-v7.3.0/Problems/SYN/SYN967+1.p		Theorem	UNKNOWN		UNKNOWN		fof		(![A,B]:(![Y]:(q(Y)=>p(Y))=>?[X]:((p(X)=>p(A))&(q(X)=>p(B)))))			
../../TPTP-v7.3.0/Problems/SYN/SYN081+1.p		Theorem	UNKNOWN		UNKNOWN		fof	(![X]:(big_f(X)<=>~big_f(f(X)))),(![X]:(big_f(X)<=>~big_f(f(X))))	(?[X]:(big_f(X)&~big_f(f(X))))			
../../TPTP-v7.3.0/Problems/SYN/SYN161-1.p		Unsatisfiable	UNKNOWN		UNKNOWN		cnf					
../../TPTP-v7.3.0/Problems/SYN/SYN671-1.p		Unsatisfiable	UNKNOWN		UNKNOWN		cnf					
../../TPTP-v7.3.0/Problems/SYN/SYN968+1.p		Theorem	UNKNOWN		UNKNOWN		fof		(?[X]:![Y]:(p(X)=>p(Y)))			
../../TPTP-v7.3.0/Problems/SYN/SYN894-1.p		Unsatisfiable	UNKNOWN		UNKNOWN		cnf					
../../TPTP-v7.3.0/Problems/SYN/SYN090-1.008.p		Unsatisfiable	UNKNOWN		UNKNOWN		cnf	(p_0|~p_1|~p_2),(p_0|~q_1|~q_2),(p_1|~p_2|~p_3),(p_1|~q_2|~q_3),(p_2|~p_3|~p_4),(p_2|~q_3|~q_4),(p_3|~p_4|~p_5),(p_3|~q_4|~q_5),(p_4|~p_5|~p_6),(p_4|~q_5|~q_6),(p_5|~p_6|~p_7),(p_5|~q_6|~q_7),(p_6|~p_7|~p_8),(p_6|~q_7|~q_8),(p_7|~p_8|~p_9),(p_7|~q_8|~q_9),(p_8|~p_9|~p_10),(p_8|~q_9|~q_10),(p_9|~p_10|~p_11),(p_9|~q_10|~q_11),(p_10|~p_11|~p_12),(p_10|~q_11|~q_12),(p_11|~p_12|~p_13),(p_11|~q_12|~q_13),(p_12|~p_13|~p_14),(p_12|~q_13|~q_14),(p_13|~p_14|~p_15),(p_13|~q_14|~q_15),(q_0|~p_1|~q_2),(q_0|~q_1|~p_2),(q_1|~p_2|~q_3),(q_1|~q_2|~p_3),(q_2|~p_3|~q_4),(q_2|~q_3|~p_4),(q_3|~p_4|~q_5),(q_3|~q_4|~p_5),(q_4|~p_5|~q_6),(q_4|~q_5|~p_6),(q_5|~p_6|~q_7),(q_5|~q_6|~p_7),(q_6|~p_7|~q_8),(q_6|~q_7|~p_8),(q_7|~p_8|~q_9),(q_7|~q_8|~p_9),(q_8|~p_9|~q_10),(q_8|~q_9|~p_10),(q_9|~p_10|~q_11),(q_9|~q_10|~p_11),(q_10|~p_11|~q_12),(q_10|~q_11|~p_12),(q_11|~p_12|~q_13),(q_11|~q_12|~p_13),(q_12|~p_13|~q_14),(q_12|~q_13|~p_14),(q_13|~p_14|~q_15),(q_13|~q_14|~p_15),(p_15|~p_7),(p_16|~p_8),(q_15|~q_7),(q_16|~q_8),(p_14),(p_15),(q_14),(q_15),(p_0|~p_1|~p_2),(p_0|~q_1|~q_2),(p_1|~p_2|~p_3),(p_1|~q_2|~q_3),(p_2|~p_3|~p_4),(p_2|~q_3|~q_4),(p_3|~p_4|~p_5),(p_3|~q_4|~q_5),(p_4|~p_5|~p_6),(p_4|~q_5|~q_6),(p_5|~p_6|~p_7),(p_5|~q_6|~q_7),(p_6|~p_7|~p_8),(p_6|~q_7|~q_8),(p_7|~p_8|~p_9),(p_7|~q_8|~q_9),(p_8|~p_9|~p_10),(p_8|~q_9|~q_10),(p_9|~p_10|~p_11),(p_9|~q_10|~q_11),(p_10|~p_11|~p_12),(p_10|~q_11|~q_12),(p_11|~p_12|~p_13),(p_11|~q_12|~q_13),(p_12|~p_13|~p_14),(p_12|~q_13|~q_14),(p_13|~p_14|~p_15),(p_13|~q_14|~q_15),(q_0|~p_1|~q_2),(q_0|~q_1|~p_2),(q_1|~p_2|~q_3),(q_1|~q_2|~p_3),(q_2|~p_3|~q_4),(q_2|~q_3|~p_4),(q_3|~p_4|~q_5),(q_3|~q_4|~p_5),(q_4|~p_5|~q_6),(q_4|~q_5|~p_6),(q_5|~p_6|~q_7),(q_5|~q_6|~p_7),(q_6|~p_7|~q_8),(q_6|~q_7|~p_8),(q_7|~p_8|~q_9),(q_7|~q_8|~p_9),(q_8|~p_9|~q_10),(q_8|~q_9|~p_10),(q_9|~p_10|~q_11),(q_9|~q_10|~p_11),(q_10|~p_11|~q_12),(q_10|~q_11|~p_12),(q_11|~p_12|~q_13),(q_11|~q_12|~p_13),(q_12|~p_13|~q_14),(q_12|~q_13|~p_14),(q_13|~p_14|~q_15),(q_13|~q_14|~p_15),(p_15|~p_7),(p_16|~p_8),(q_15|~q_7),(q_16|~q_8),(p_14),(p_15),(q_14),(q_15)				
../../TPTP-v7.3.0/Problems/SYN/SYN037-2.p		Unsatisfiable	UNKNOWN		UNKNOWN		cnf					
../../TPTP-v7.3.0/Problems/SYN/SYN190-1.p		Unsatisfiable	UNKNOWN		UNKNOWN		cnf					
../../TPTP-v7.3.0/Problems/SYN/SYN643-1.p		Unsatisfiable	UNKNOWN		UNKNOWN		cnf					
../../TPTP-v7.3.0/Problems/SYN/SYN851-1.p		Satisfiable	UNKNOWN		UNKNOWN		cnf					
../../TPTP-v7.3.0/Problems/SYN/SYN753-1.p		Satisfiable	UNKNOWN		UNKNOWN		cnf					
../../TPTP-v7.3.0/Problems/SYN/SYN772-1.p		Satisfiable	UNKNOWN		UNKNOWN		cnf					
../../TPTP-v7.3.0/Problems/SYN/SYN197-1.p		Unsatisfiable	UNKNOWN		UNKNOWN		cnf					
../../TPTP-v7.3.0/Problems/SYN/SYN731-1.p		Unsatisfiable	UNKNOWN		UNKNOWN		cnf					
../../TPTP-v7.3.0/Problems/SYN/SYN804-1.p		Satisfiable	UNKNOWN		UNKNOWN		cnf					
../../TPTP-v7.3.0/Problems/SYN/SYN512-1.p		Unsatisfiable	UNKNOWN		UNKNOWN		cnf					
../../TPTP-v7.3.0/Problems/SYN/SYN341-1.p		Unsatisfiable	UNKNOWN		UNKNOWN		cnf					
../../TPTP-v7.3.0/Problems/SYN/SYN726+1.p		Theorem	UNKNOWN		UNKNOWN		fof		(((![X,Y,Z]:((p(X,Y)&p(Y,Z))=>p(X,Z))&![X,Y,Z]:((q(X,Y)&q(Y,Z))=>q(X,Z))&![X,Y]:(q(X,Y)=>q(Y,X))&![X,Y]:(p(X,Y)|q(X,Y)))=>![X,Y]:p(X,Y))|![X,Y]:q(X,Y))			
../../TPTP-v7.3.0/Problems/SYN/SYN058+1.p		Theorem	UNKNOWN		UNKNOWN		fof	(![X]:(big_p(X)=>![Z]:big_q(Z))),(![X]:(big_q(X)|big_r(X))=>?[X1]:(big_q(X1)&big_s(X1))),(?[X]:big_s(X)=>![X1]:(big_f(X1)=>big_g(X1))),(![X]:(big_p(X)=>![Z]:big_q(Z))),(![X]:(big_q(X)|big_r(X))=>?[X1]:(big_q(X1)&big_s(X1))),(?[X]:big_s(X)=>![X1]:(big_f(X1)=>big_g(X1)))	(![X]:((big_p(X)&big_f(X))=>big_g(X)))			
../../TPTP-v7.3.0/Problems/SYN/SYN436-1.p		Unsatisfiable	UNKNOWN		UNKNOWN		cnf					
../../TPTP-v7.3.0/Problems/SYN/SYN500+1.p		Theorem	UNKNOWN		UNKNOWN		fof		(~((~hskp0|(ndr1_0&c1_1(a1)&c3_1(a1)&~c2_1(a1)))&(~hskp1|(ndr1_0&c0_1(a2)&~c1_1(a2)&~c2_1(a2)))&(~hskp2|(ndr1_0&c3_1(a3)&~c1_1(a3)&~c2_1(a3)))&(~hskp3|(ndr1_0&c2_1(a5)&~c0_1(a5)&~c1_1(a5)))&(~hskp4|(ndr1_0&~c0_1(a7)&~c1_1(a7)&~c3_1(a7)))&(~hskp5|(ndr1_0&c1_1(a8)&~c2_1(a8)&~c3_1(a8)))&(~hskp6|(ndr1_0&c0_1(a10)&c3_1(a10)&~c2_1(a10)))&(~hskp7|(ndr1_0&c1_1(a11)&~c0_1(a11)&~c2_1(a11)))&(~hskp8|(ndr1_0&c3_1(a14)&~c0_1(a14)&~c2_1(a14)))&(~hskp9|(ndr1_0&~c0_1(a15)&~c1_1(a15)&~c2_1(a15)))&(~hskp10|(ndr1_0&~c1_1(a18)&~c2_1(a18)&~c3_1(a18)))&(~hskp11|(ndr1_0&c1_1(a19)&c2_1(a19)&~c0_1(a19)))&(~hskp12|(ndr1_0&~c0_1(a20)&~c2_1(a20)&~c3_1(a20)))&(~hskp13|(ndr1_0&c3_1(a22)&~c0_1(a22)&~c1_1(a22)))&(~hskp14|(ndr1_0&c0_1(a25)&c1_1(a25)&~c2_1(a25)))&(~hskp15|(ndr1_0&c2_1(a28)&c3_1(a28)&~c1_1(a28)))&(~hskp16|(ndr1_0&c0_1(a32)&c2_1(a32)&~c1_1(a32)))&(~hskp17|(ndr1_0&c0_1(a33)&~c1_1(a33)&~c3_1(a33)))&(~hskp18|(ndr1_0&c0_1(a39)&c3_1(a39)&~c1_1(a39)))&(~hskp19|(ndr1_0&c2_1(a40)&~c0_1(a40)&~c3_1(a40)))&(~hskp20|(ndr1_0&c0_1(a43)&c1_1(a43)&~c3_1(a43)))&(~hskp21|(ndr1_0&c2_1(a47)&c3_1(a47)&~c0_1(a47)))&(~hskp22|(ndr1_0&c1_1(a48)&~c0_1(a48)&~c3_1(a48)))&(~hskp23|(ndr1_0&c2_1(a63)&~c1_1(a63)&~c3_1(a63)))&(~hskp24|(ndr1_0&c1_1(a64)&c3_1(a64)&~c0_1(a64)))&(~hskp25|(ndr1_0&c0_1(a73)&c2_1(a73)&~c3_1(a73)))&(~hskp26|(ndr1_0&c0_1(a4)&c1_1(a4)&c3_1(a4)))&(~hskp27|(ndr1_0&c1_1(a13)&c2_1(a13)&c3_1(a13)))&(~hskp28|(ndr1_0&c0_1(a23)&c1_1(a23)&c2_1(a23)))&(~hskp29|(ndr1_0&c0_1(a77)&c2_1(a77)&c3_1(a77)))&(![U]:(ndr1_0=>(c0_1(U)|c1_1(U)|c2_1(U)))|![V]:(ndr1_0=>(c0_1(V)|~c1_1(V)|~c3_1(V)))|![W]:(ndr1_0=>(c1_1(W)|~c0_1(W)|~c3_1(W))))&(![X]:(ndr1_0=>(c0_1(X)|c1_1(X)|c2_1(X)))|![Y]:(ndr1_0=>(c1_1(Y)|c2_1(Y)|c3_1(Y)))|![Z]:(ndr1_0=>(c2_1(Z)|c3_1(Z)|~c1_1(Z))))&(![X1]:(ndr1_0=>(c0_1(X1)|c1_1(X1)|c2_1(X1)))|![X2]:(ndr1_0=>(c1_1(X2)|~c0_1(X2)|~c3_1(X2)))|![X3]:(ndr1_0=>(c2_1(X3)|~c1_1(X3)|~c3_1(X3))))&(![X4]:(ndr1_0=>(c0_1(X4)|c1_1(X4)|c2_1(X4)))|![X5]:(ndr1_0=>(c1_1(X5)|~c2_1(X5)|~c3_1(X5)))|![X6]:(ndr1_0=>(~c1_1(X6)|~c2_1(X6)|~c3_1(X6))))&(![X7]:(ndr1_0=>(c0_1(X7)|c1_1(X7)|c2_1(X7)))|![X8]:(ndr1_0=>(c2_1(X8)|c3_1(X8)|~c1_1(X8)))|hskp0)&(![X9]:(ndr1_0=>(c0_1(X9)|c1_1(X9)|c3_1(X9)))|![X10]:(ndr1_0=>(c0_1(X10)|c1_1(X10)|~c2_1(X10)))|![X11]:(ndr1_0=>(c2_1(X11)|c3_1(X11)|~c0_1(X11))))&(![X12]:(ndr1_0=>(c0_1(X12)|c1_1(X12)|c3_1(X12)))|![X13]:(ndr1_0=>(c0_1(X13)|~c1_1(X13)|~c2_1(X13)))|hskp1)&(![X14]:(ndr1_0=>(c0_1(X14)|c1_1(X14)|c3_1(X14)))|![X15]:(ndr1_0=>(c2_1(X15)|~c1_1(X15)|~c3_1(X15)))|hskp2)&(![X16]:(ndr1_0=>(c0_1(X16)|c1_1(X16)|c3_1(X16)))|hskp26|hskp3)&(![X17]:(ndr1_0=>(c0_1(X17)|c1_1(X17)|~c2_1(X17)))|![X18]:(ndr1_0=>(c0_1(X18)|~c1_1(X18)|~c3_1(X18)))|![X19]:(ndr1_0=>(c2_1(X19)|~c0_1(X19)|~c3_1(X19))))&(![X20]:(ndr1_0=>(c0_1(X20)|c1_1(X20)|~c2_1(X20)))|hskp0|hskp4)&(![X21]:(ndr1_0=>(c0_1(X21)|c1_1(X21)|~c3_1(X21)))|![X22]:(ndr1_0=>(c0_1(X22)|c2_1(X22)|~c1_1(X22)))|![X23]:(ndr1_0=>(c1_1(X23)|~c2_1(X23)|~c3_1(X23))))&(![X24]:(ndr1_0=>(c0_1(X24)|c1_1(X24)|~c3_1(X24)))|![X25]:(ndr1_0=>(c0_1(X25)|~c1_1(X25)|~c2_1(X25)))|hskp5)&(![X26]:(ndr1_0=>(c0_1(X26)|c1_1(X26)|~c3_1(X26)))|![X27]:(ndr1_0=>(c0_1(X27)|~c2_1(X27)|~c3_1(X27)))|![X28]:(ndr1_0=>(c1_1(X28)|c3_1(X28)|~c2_1(X28))))&(![X29]:(ndr1_0=>(c0_1(X29)|c1_1(X29)|~c3_1(X29)))|![X30]:(ndr1_0=>(c0_1(X30)|~c2_1(X30)|~c3_1(X30)))|![X31]:(ndr1_0=>(c2_1(X31)|~c0_1(X31)|~c1_1(X31))))&(![X32]:(ndr1_0=>(c0_1(X32)|c1_1(X32)|~c3_1(X32)))|![X33]:(ndr1_0=>(c1_1(X33)|c3_1(X33)|~c2_1(X33)))|![X34]:(ndr1_0=>(c2_1(X34)|c3_1(X34)|~c0_1(X34))))&(![X35]:(ndr1_0=>(c0_1(X35)|c1_1(X35)|~c3_1(X35)))|![X36]:(ndr1_0=>(c1_1(X36)|~c2_1(X36)|~c3_1(X36)))|hskp2)&(![X37]:(ndr1_0=>(c0_1(X37)|c1_1(X37)|~c3_1(X37)))|hskp6|hskp7)&(![X38]:(ndr1_0=>(c0_1(X38)|c2_1(X38)|c3_1(X38)))|![X39]:(ndr1_0=>(c1_1(X39)|c3_1(X39)|~c2_1(X39)))|![X40]:(ndr1_0=>(c3_1(X40)|~c1_1(X40)|~c2_1(X40))))&(![X41]:(ndr1_0=>(c0_1(X41)|c2_1(X41)|c3_1(X41)))|hskp1|hskp27)&(![X42]:(ndr1_0=>(c0_1(X42)|c2_1(X42)|c3_1(X42)))|hskp8|hskp9)&(![X43]:(ndr1_0=>(c0_1(X43)|c2_1(X43)|~c1_1(X43)))|![X44]:(ndr1_0=>(c0_1(X44)|c3_1(X44)|~c1_1(X44)))|hskp4)&(![X45]:(ndr1_0=>(c0_1(X45)|c2_1(X45)|~c1_1(X45)))|hskp1|hskp10)&(![X46]:(ndr1_0=>(c0_1(X46)|c2_1(X46)|~c1_1(X46)))|hskp11|hskp12)&(![X47]:(ndr1_0=>(c0_1(X47)|c2_1(X47)|~c1_1(X47)))|hskp0|hskp13)&(![X48]:(ndr1_0=>(c0_1(X48)|c2_1(X48)|~c3_1(X48)))|![X49]:(ndr1_0=>(c0_1(X49)|~c2_1(X49)|~c3_1(X49)))|hskp28)&(![X50]:(ndr1_0=>(c0_1(X50)|c2_1(X50)|~c3_1(X50)))|![X51]:(ndr1_0=>(c2_1(X51)|~c0_1(X51)|~c1_1(X51)))|hskp3)&(![X52]:(ndr1_0=>(c0_1(X52)|c3_1(X52)|~c1_1(X52)))|![X53]:(ndr1_0=>(c1_1(X53)|c3_1(X53)|~c0_1(X53)))|![X54]:(ndr1_0=>(c2_1(X54)|c3_1(X54)|~c1_1(X54))))&(![X55]:(ndr1_0=>(c0_1(X55)|c3_1(X55)|~c1_1(X55)))|![X56]:(ndr1_0=>(c3_1(X56)|~c0_1(X56)|~c2_1(X56)))|hskp14)&(![X57]:(ndr1_0=>(c0_1(X57)|c3_1(X57)|~c1_1(X57)))|![X58]:(ndr1_0=>(~c0_1(X58)|~c1_1(X58)|~c3_1(X58)))|hskp13)&(![X59]:(ndr1_0=>(c0_1(X59)|c3_1(X59)|~c1_1(X59)))|![X60]:(ndr1_0=>(~c1_1(X60)|~c2_1(X60)|~c3_1(X60)))|hskp28)&(![X61]:(ndr1_0=>(c0_1(X61)|c3_1(X61)|~c2_1(X61)))|![X62]:(ndr1_0=>(c2_1(X62)|c3_1(X62)|~c0_1(X62)))|![X63]:(ndr1_0=>(~c0_1(X63)|~c1_1(X63)|~c2_1(X63))))&(![X64]:(ndr1_0=>(c0_1(X64)|c3_1(X64)|~c2_1(X64)))|hskp15|hskp13)&(![X65]:(ndr1_0=>(c0_1(X65)|~c1_1(X65)|~c2_1(X65)))|![X66]:(ndr1_0=>(c1_1(X66)|c3_1(X66)|~c0_1(X66)))|hskp3)&(![X67]:(ndr1_0=>(c0_1(X67)|~c1_1(X67)|~c2_1(X67)))|hskp26|hskp16)&(![X68]:(ndr1_0=>(c0_1(X68)|~c1_1(X68)|~c2_1(X68)))|hskp17|hskp5)&(![X69]:(ndr1_0=>(c0_1(X69)|~c1_1(X69)|~c2_1(X69)))|hskp13|hskp10)&(![X70]:(ndr1_0=>(c0_1(X70)|~c1_1(X70)|~c3_1(X70)))|![X71]:(ndr1_0=>(c0_1(X71)|~c2_1(X71)|~c3_1(X71)))|hskp12)&(![X72]:(ndr1_0=>(c0_1(X72)|~c1_1(X72)|~c3_1(X72)))|![X73]:(ndr1_0=>(c1_1(X73)|~c2_1(X73)|~c3_1(X73)))|![X74]:(ndr1_0=>(c3_1(X74)|~c1_1(X74)|~c2_1(X74))))&(![X75]:(ndr1_0=>(c0_1(X75)|~c1_1(X75)|~c3_1(X75)))|![X76]:(ndr1_0=>(c2_1(X76)|c3_1(X76)|~c0_1(X76)))|hskp15)&(![X77]:(ndr1_0=>(c0_1(X77)|~c1_1(X77)|~c3_1(X77)))|![X78]:(ndr1_0=>(c3_1(X78)|~c0_1(X78)|~c1_1(X78)))|hskp18)&(![X79]:(ndr1_0=>(c0_1(X79)|~c2_1(X79)|~c3_1(X79)))|![X80]:(ndr1_0=>(~c0_1(X80)|~c2_1(X80)|~c3_1(X80)))|hskp19)&(![X81]:(ndr1_0=>(c0_1(X81)|~c2_1(X81)|~c3_1(X81)))|hskp3|hskp2)&(![X82]:(ndr1_0=>(c1_1(X82)|c2_1(X82)|c3_1(X82)))|![X83]:(ndr1_0=>(c1_1(X83)|~c0_1(X83)|~c2_1(X83)))|hskp20)&(![X84]:(ndr1_0=>(c1_1(X84)|c2_1(X84)|c3_1(X84)))|hskp11|hskp12)&(![X85]:(ndr1_0=>(c1_1(X85)|c2_1(X85)|~c0_1(X85)))|![X86]:(ndr1_0=>(c1_1(X86)|~c0_1(X86)|~c2_1(X86)))|![X87]:(ndr1_0=>(c2_1(X87)|~c0_1(X87)|~c3_1(X87))))&(![X88]:(ndr1_0=>(c1_1(X88)|c2_1(X88)|~c0_1(X88)))|![X89]:(ndr1_0=>(c1_1(X89)|~c0_1(X89)|~c2_1(X89)))|![X90]:(ndr1_0=>(~c0_1(X90)|~c2_1(X90)|~c3_1(X90))))&(![X91]:(ndr1_0=>(c1_1(X91)|c2_1(X91)|~c0_1(X91)))|![X92]:(ndr1_0=>(c1_1(X92)|~c2_1(X92)|~c3_1(X92)))|hskp8)&(![X93]:(ndr1_0=>(c1_1(X93)|c2_1(X93)|~c3_1(X93)))|![X94]:(ndr1_0=>(c1_1(X94)|~c2_1(X94)|~c3_1(X94)))|![X95]:(ndr1_0=>(c3_1(X95)|~c0_1(X95)|~c1_1(X95))))&(![X96]:(ndr1_0=>(c1_1(X96)|c2_1(X96)|~c3_1(X96)))|![X97]:(ndr1_0=>(~c0_1(X97)|~c1_1(X97)|~c2_1(X97)))|hskp21)&(![X98]:(ndr1_0=>(c1_1(X98)|c3_1(X98)|~c0_1(X98)))|![X99]:(ndr1_0=>(c1_1(X99)|~c2_1(X99)|~c3_1(X99)))|hskp22)&(![X100]:(ndr1_0=>(c1_1(X100)|c3_1(X100)|~c0_1(X100)))|hskp1|hskp17)&(![X101]:(ndr1_0=>(c1_1(X101)|c3_1(X101)|~c0_1(X101)))|hskp11|hskp9)&(![X102]:(ndr1_0=>(c1_1(X102)|c3_1(X102)|~c2_1(X102)))|![X103]:(ndr1_0=>(c1_1(X103)|~c0_1(X103)|~c3_1(X103)))|![X104]:(ndr1_0=>(c2_1(X104)|~c0_1(X104)|~c1_1(X104))))&(![X105]:(ndr1_0=>(c1_1(X105)|c3_1(X105)|~c2_1(X105)))|![X106]:(ndr1_0=>(c2_1(X106)|c3_1(X106)|~c0_1(X106)))|![X107]:(ndr1_0=>(~c0_1(X107)|~c1_1(X107)|~c2_1(X107))))&(![X108]:(ndr1_0=>(c1_1(X108)|c3_1(X108)|~c2_1(X108)))|![X109]:(ndr1_0=>(c2_1(X109)|c3_1(X109)|~c1_1(X109)))|hskp1)&(![X110]:(ndr1_0=>(c1_1(X110)|c3_1(X110)|~c2_1(X110)))|![X111]:(ndr1_0=>(c2_1(X111)|~c0_1(X111)|~c3_1(X111)))|![X112]:(ndr1_0=>(~c0_1(X112)|~c1_1(X112)|~c3_1(X112))))&(![X113]:(ndr1_0=>(c1_1(X113)|~c0_1(X113)|~c2_1(X113)))|![X114]:(ndr1_0=>(c1_1(X114)|~c2_1(X114)|~c3_1(X114)))|![X115]:(ndr1_0=>(c2_1(X115)|~c0_1(X115)|~c1_1(X115))))&(![X116]:(ndr1_0=>(c1_1(X116)|~c0_1(X116)|~c2_1(X116)))|![X117]:(ndr1_0=>(c1_1(X117)|~c2_1(X117)|~c3_1(X117)))|![X118]:(ndr1_0=>(~c0_1(X118)|~c1_1(X118)|~c2_1(X118))))&(![X119]:(ndr1_0=>(c1_1(X119)|~c0_1(X119)|~c2_1(X119)))|![X120]:(ndr1_0=>(c3_1(X120)|~c0_1(X120)|~c1_1(X120)))|hskp12)&(![X121]:(ndr1_0=>(c1_1(X121)|~c0_1(X121)|~c2_1(X121)))|hskp18|hskp19)&(![X122]:(ndr1_0=>(c1_1(X122)|~c0_1(X122)|~c2_1(X122)))|hskp11|hskp21)&(![X123]:(ndr1_0=>(c1_1(X123)|~c2_1(X123)|~c3_1(X123)))|![X124]:(ndr1_0=>(c3_1(X124)|~c0_1(X124)|~c2_1(X124)))|hskp8)&(![X125]:(ndr1_0=>(c2_1(X125)|c3_1(X125)|~c0_1(X125)))|![X126]:(ndr1_0=>(c3_1(X126)|~c1_1(X126)|~c2_1(X126)))|hskp20)&(![X127]:(ndr1_0=>(c2_1(X127)|c3_1(X127)|~c0_1(X127)))|![X128]:(ndr1_0=>(~c0_1(X128)|~c1_1(X128)|~c3_1(X128)))|hskp13)&(![X129]:(ndr1_0=>(c2_1(X129)|c3_1(X129)|~c0_1(X129)))|hskp26|hskp23)&(![X130]:(ndr1_0=>(c2_1(X130)|c3_1(X130)|~c0_1(X130)))|hskp24|hskp22)&(![X131]:(ndr1_0=>(c2_1(X131)|c3_1(X131)|~c1_1(X131)))|hskp19)&(![X132]:(ndr1_0=>(c2_1(X132)|~c0_1(X132)|~c1_1(X132)))|hskp20|hskp6)&(![X133]:(ndr1_0=>(c3_1(X133)|~c0_1(X133)|~c2_1(X133)))|hskp28|hskp18)&(![X134]:(ndr1_0=>(c3_1(X134)|~c1_1(X134)|~c2_1(X134)))|hskp6|hskp2)&(![X135]:(ndr1_0=>(~c0_1(X135)|~c1_1(X135)|~c3_1(X135)))|hskp25)&(hskp14|hskp20|hskp12)&(hskp29|hskp24|hskp19)&(hskp25|hskp22|hskp9)&(hskp1|hskp27|hskp4)&(hskp17|hskp22|hskp19)&(hskp27|hskp9)&(hskp11|hskp0|hskp22)&(hskp11|hskp21|hskp12)))			
../../TPTP-v7.3.0/Problems/SYN/SYN086-1.003.p		Satisfiable	UNKNOWN		UNKNOWN		cnf	(p_1_2|~p_2_2|~p_1_1),(p_1_2|~q_2_2|~q_1_1),(p_1_3|~p_2_3|~p_1_2),(p_1_3|~q_2_3|~q_1_2),(p_2_3|~p_3_3|~p_2_2),(p_2_3|~q_3_3|~q_2_2),(q_1_2|~p_2_2|~q_1_1),(q_1_2|~q_2_2|~p_1_1),(q_1_3|~p_2_3|~q_1_2),(q_1_3|~q_2_3|~p_1_2),(q_2_3|~p_3_3|~q_2_2),(q_2_3|~q_3_3|~p_2_2),(p_1_1|~p_1_2),(q_1_1|~q_1_2),(p_2_2|~p_1_2),(p_3_3|~p_2_3),(q_2_2|~q_1_2),(q_3_3|~q_2_3),(p_1_2|~p_2_2|~p_1_1),(p_1_2|~q_2_2|~q_1_1),(p_1_3|~p_2_3|~p_1_2),(p_1_3|~q_2_3|~q_1_2),(p_2_3|~p_3_3|~p_2_2),(p_2_3|~q_3_3|~q_2_2),(q_1_2|~p_2_2|~q_1_1),(q_1_2|~q_2_2|~p_1_1),(q_1_3|~p_2_3|~q_1_2),(q_1_3|~q_2_3|~p_1_2),(q_2_3|~p_3_3|~q_2_2),(q_2_3|~q_3_3|~p_2_2),(p_1_1|~p_1_2),(q_1_1|~q_1_2),(p_2_2|~p_1_2),(p_3_3|~p_2_3),(q_2_2|~q_1_2),(q_3_3|~q_2_3)				
../../TPTP-v7.3.0/Problems/SYN/SYN846-1.p		Unsatisfiable	UNKNOWN		UNKNOWN		cnf					
../../TPTP-v7.3.0/Problems/SYN/SYN856-1.p		Unsatisfiable	UNKNOWN		UNKNOWN		cnf					
../../TPTP-v7.3.0/Problems/SYN/SYN347-1.p		Unsatisfiable	UNKNOWN		UNKNOWN		cnf					
../../TPTP-v7.3.0/Problems/SYN/SYN377+1.p		Theorem	UNKNOWN		UNKNOWN		fof		(![X]:(big_p(X)<=>![Y]:big_p(Y))<=>(?[X]:big_p(X)<=>![Y]:big_p(Y)))			
../../TPTP-v7.3.0/Problems/SYN/SYN508+1.p		Theorem	UNKNOWN		UNKNOWN		fof		(~((~hskp0|(ndr1_0&~c0_1(a706)&~c1_1(a706)&~c2_1(a706)))&(~hskp1|(ndr1_0&c0_1(a707)&~c1_1(a707)&~c2_1(a707)))&(~hskp2|(ndr1_0&c1_1(a708)&~c0_1(a708)&~c3_1(a708)))&(~hskp3|(ndr1_0&~c1_1(a710)&~c2_1(a710)&~c3_1(a710)))&(~hskp4|(ndr1_0&c0_1(a711)&~c1_1(a711)&~c3_1(a711)))&(~hskp5|(ndr1_0&~c0_1(a713)&~c2_1(a713)&~c3_1(a713)))&(~hskp6|(ndr1_0&c0_1(a716)&c2_1(a716)&~c3_1(a716)))&(~hskp7|(ndr1_0&c0_1(a717)&~c2_1(a717)&~c3_1(a717)))&(~hskp8|(ndr1_0&c1_1(a718)&~c0_1(a718)&~c2_1(a718)))&(~hskp9|(ndr1_0&c1_1(a719)&c2_1(a719)&~c0_1(a719)))&(~hskp10|(ndr1_0&c3_1(a720)&~c1_1(a720)&~c2_1(a720)))&(~hskp11|(ndr1_0&c3_1(a721)&~c0_1(a721)&~c1_1(a721)))&(~hskp12|(ndr1_0&c2_1(a725)&~c0_1(a725)&~c1_1(a725)))&(~hskp13|(ndr1_0&c3_1(a727)&~c0_1(a727)&~c2_1(a727)))&(~hskp14|(ndr1_0&c1_1(a730)&c3_1(a730)&~c2_1(a730)))&(~hskp15|(ndr1_0&c2_1(a731)&~c0_1(a731)&~c3_1(a731)))&(~hskp16|(ndr1_0&c0_1(a732)&c3_1(a732)&~c1_1(a732)))&(~hskp17|(ndr1_0&~c0_1(a734)&~c1_1(a734)&~c3_1(a734)))&(~hskp18|(ndr1_0&c2_1(a739)&c3_1(a739)&~c1_1(a739)))&(~hskp19|(ndr1_0&c1_1(a741)&c3_1(a741)&~c0_1(a741)))&(~hskp20|(ndr1_0&c1_1(a747)&~c2_1(a747)&~c3_1(a747)))&(~hskp21|(ndr1_0&c2_1(a748)&c3_1(a748)&~c0_1(a748)))&(~hskp22|(ndr1_0&c1_1(a756)&c2_1(a756)&~c3_1(a756)))&(~hskp23|(ndr1_0&c0_1(a757)&c1_1(a757)&~c2_1(a757)))&(~hskp24|(ndr1_0&c0_1(a762)&c3_1(a762)&~c2_1(a762)))&(~hskp25|(ndr1_0&c0_1(a764)&c2_1(a764)&~c1_1(a764)))&(~hskp26|(ndr1_0&c0_1(a773)&c1_1(a773)&~c3_1(a773)))&(~hskp27|(ndr1_0&c2_1(a780)&~c1_1(a780)&~c3_1(a780)))&(~hskp28|(ndr1_0&c0_1(a705)&c1_1(a705)&c2_1(a705)))&(~hskp29|(ndr1_0&c1_1(a709)&c2_1(a709)&c3_1(a709)))&(~hskp30|(ndr1_0&c0_1(a714)&c2_1(a714)&c3_1(a714)))&(~hskp31|(ndr1_0&c0_1(a723)&c1_1(a723)&c3_1(a723)))&(![U]:(ndr1_0=>(c0_1(U)|c1_1(U)|c2_1(U)))|hskp28|hskp0)&(![V]:(ndr1_0=>(c0_1(V)|c1_1(V)|c2_1(V)))|hskp1|hskp2)&(![W]:(ndr1_0=>(c0_1(W)|c1_1(W)|c3_1(W)))|![X]:(ndr1_0=>(c0_1(X)|c1_1(X)|~c2_1(X)))|![Y]:(ndr1_0=>(~c0_1(Y)|~c2_1(Y)|~c3_1(Y))))&(![Z]:(ndr1_0=>(c0_1(Z)|c1_1(Z)|c3_1(Z)))|![X1]:(ndr1_0=>(c0_1(X1)|c2_1(X1)|c3_1(X1)))|hskp29)&(![X2]:(ndr1_0=>(c0_1(X2)|c1_1(X2)|c3_1(X2)))|![X3]:(ndr1_0=>(c0_1(X3)|~c2_1(X3)|~c3_1(X3)))|![X4]:(ndr1_0=>(~c0_1(X4)|~c1_1(X4)|~c3_1(X4))))&(![X5]:(ndr1_0=>(c0_1(X5)|c1_1(X5)|c3_1(X5)))|![X6]:(ndr1_0=>(c2_1(X6)|~c0_1(X6)|~c3_1(X6)))|hskp3)&(![X7]:(ndr1_0=>(c0_1(X7)|c1_1(X7)|~c2_1(X7)))|![X8]:(ndr1_0=>(c0_1(X8)|c1_1(X8)|~c3_1(X8)))|![X9]:(ndr1_0=>(c0_1(X9)|~c2_1(X9)|~c3_1(X9))))&(![X10]:(ndr1_0=>(c0_1(X10)|c1_1(X10)|~c2_1(X10)))|![X11]:(ndr1_0=>(c0_1(X11)|c1_1(X11)|~c3_1(X11)))|![X12]:(ndr1_0=>(c2_1(X12)|c3_1(X12)|~c1_1(X12))))&(![X13]:(ndr1_0=>(c0_1(X13)|c1_1(X13)|~c2_1(X13)))|![X14]:(ndr1_0=>(c0_1(X14)|c3_1(X14)|~c2_1(X14)))|hskp4)&(![X15]:(ndr1_0=>(c0_1(X15)|c1_1(X15)|~c2_1(X15)))|![X16]:(ndr1_0=>(c1_1(X16)|~c2_1(X16)|~c3_1(X16)))|![X17]:(ndr1_0=>(~c1_1(X17)|~c2_1(X17)|~c3_1(X17))))&(![X18]:(ndr1_0=>(c0_1(X18)|c1_1(X18)|~c2_1(X18)))|hskp4|hskp5)&(![X19]:(ndr1_0=>(c0_1(X19)|c1_1(X19)|~c3_1(X19)))|![X20]:(ndr1_0=>(c0_1(X20)|c2_1(X20)|c3_1(X20)))|![X21]:(ndr1_0=>(c3_1(X21)|~c0_1(X21)|~c2_1(X21))))&(![X22]:(ndr1_0=>(c0_1(X22)|c1_1(X22)|~c3_1(X22)))|![X23]:(ndr1_0=>(c1_1(X23)|~c0_1(X23)|~c2_1(X23)))|hskp30)&(![X24]:(ndr1_0=>(c0_1(X24)|c1_1(X24)|~c3_1(X24)))|![X25]:(ndr1_0=>(c2_1(X25)|c3_1(X25)|~c0_1(X25)))|hskp29)&(![X26]:(ndr1_0=>(c0_1(X26)|c1_1(X26)|~c3_1(X26)))|![X27]:(ndr1_0=>(c2_1(X27)|~c1_1(X27)|~c3_1(X27)))|hskp6)&(![X28]:(ndr1_0=>(c0_1(X28)|c1_1(X28)|~c3_1(X28)))|hskp7|hskp8)&(![X29]:(ndr1_0=>(c0_1(X29)|c2_1(X29)|c3_1(X29)))|![X30]:(ndr1_0=>(c1_1(X30)|c2_1(X30)|~c0_1(X30)))|![X31]:(ndr1_0=>(~c0_1(X31)|~c2_1(X31)|~c3_1(X31))))&(![X32]:(ndr1_0=>(c0_1(X32)|c2_1(X32)|c3_1(X32)))|hskp9|hskp10)&(![X33]:(ndr1_0=>(c0_1(X33)|c2_1(X33)|~c1_1(X33)))|![X34]:(ndr1_0=>(c1_1(X34)|c2_1(X34)|~c0_1(X34)))|![X35]:(ndr1_0=>(c1_1(X35)|c2_1(X35)|~c3_1(X35))))&(![X36]:(ndr1_0=>(c0_1(X36)|c2_1(X36)|~c1_1(X36)))|![X37]:(ndr1_0=>(c1_1(X37)|~c2_1(X37)|~c3_1(X37)))|![X38]:(ndr1_0=>(~c0_1(X38)|~c1_1(X38)|~c2_1(X38))))&(![X39]:(ndr1_0=>(c0_1(X39)|c2_1(X39)|~c1_1(X39)))|![X40]:(ndr1_0=>(c1_1(X40)|~c2_1(X40)|~c3_1(X40)))|hskp11)&(![X41]:(ndr1_0=>(c0_1(X41)|c2_1(X41)|~c1_1(X41)))|![X42]:(ndr1_0=>(c3_1(X42)|~c0_1(X42)|~c1_1(X42)))|hskp28)&(![X43]:(ndr1_0=>(c0_1(X43)|c2_1(X43)|~c1_1(X43)))|![X44]:(ndr1_0=>(~c0_1(X44)|~c1_1(X44)|~c3_1(X44)))|hskp31)&(![X45]:(ndr1_0=>(c0_1(X45)|c2_1(X45)|~c1_1(X45)))|hskp1|hskp12)&(![X46]:(ndr1_0=>(c0_1(X46)|c2_1(X46)|~c1_1(X46)))|hskp8|hskp13)&(![X47]:(ndr1_0=>(c0_1(X47)|c2_1(X47)|~c3_1(X47)))|hskp30|hskp7)&(![X48]:(ndr1_0=>(c0_1(X48)|c2_1(X48)|~c3_1(X48)))|hskp14|hskp15)&(![X49]:(ndr1_0=>(c0_1(X49)|c3_1(X49)|~c1_1(X49)))|![X50]:(ndr1_0=>(c2_1(X50)|~c0_1(X50)|~c3_1(X50)))|hskp16)&(![X51]:(ndr1_0=>(c0_1(X51)|c3_1(X51)|~c1_1(X51)))|hskp15|hskp17)&(![X52]:(ndr1_0=>(c0_1(X52)|c3_1(X52)|~c2_1(X52)))|![X53]:(ndr1_0=>(c1_1(X53)|~c2_1(X53)|~c3_1(X53)))|hskp29)&(![X54]:(ndr1_0=>(c0_1(X54)|c3_1(X54)|~c2_1(X54)))|hskp4|hskp3)&(![X55]:(ndr1_0=>(c0_1(X55)|~c1_1(X55)|~c2_1(X55)))|hskp28|hskp18)&(![X56]:(ndr1_0=>(c0_1(X56)|~c1_1(X56)|~c3_1(X56)))|![X57]:(ndr1_0=>(c1_1(X57)|~c0_1(X57)|~c3_1(X57)))|hskp2)&(![X58]:(ndr1_0=>(c0_1(X58)|~c1_1(X58)|~c3_1(X58)))|![X59]:(ndr1_0=>(~c0_1(X59)|~c1_1(X59)|~c3_1(X59)))|hskp19)&(![X60]:(ndr1_0=>(c0_1(X60)|~c1_1(X60)|~c3_1(X60)))|![X61]:(ndr1_0=>(~c0_1(X61)|~c2_1(X61)|~c3_1(X61)))|hskp28)&(![X62]:(ndr1_0=>(c0_1(X62)|~c1_1(X62)|~c3_1(X62)))|hskp1|hskp8)&(![X63]:(ndr1_0=>(c0_1(X63)|~c1_1(X63)|~c3_1(X63)))|hskp18|hskp17)&(![X64]:(ndr1_0=>(c0_1(X64)|~c2_1(X64)|~c3_1(X64)))|![X65]:(ndr1_0=>(c2_1(X65)|c3_1(X65)|~c1_1(X65)))|hskp20)&(![X66]:(ndr1_0=>(c0_1(X66)|~c2_1(X66)|~c3_1(X66)))|![X67]:(ndr1_0=>(c3_1(X67)|~c0_1(X67)|~c2_1(X67)))|![X68]:(ndr1_0=>(~c0_1(X68)|~c1_1(X68)|~c2_1(X68))))&(![X69]:(ndr1_0=>(c0_1(X69)|~c2_1(X69)|~c3_1(X69)))|hskp21|hskp17)&(![X70]:(ndr1_0=>(c1_1(X70)|c2_1(X70)|c3_1(X70)))|![X71]:(ndr1_0=>(c1_1(X71)|c3_1(X71)|~c0_1(X71)))|![X72]:(ndr1_0=>(c2_1(X72)|c3_1(X72)|~c1_1(X72))))&(![X73]:(ndr1_0=>(c1_1(X73)|c2_1(X73)|c3_1(X73)))|![X74]:(ndr1_0=>(c1_1(X74)|c3_1(X74)|~c2_1(X74)))|hskp17)&(![X75]:(ndr1_0=>(c1_1(X75)|c2_1(X75)|~c0_1(X75)))|hskp30|hskp18)&(![X76]:(ndr1_0=>(c1_1(X76)|c2_1(X76)|~c0_1(X76)))|hskp6|hskp13)&(![X77]:(ndr1_0=>(c1_1(X77)|c2_1(X77)|~c0_1(X77)))|hskp16|hskp22)&(![X78]:(ndr1_0=>(c1_1(X78)|c2_1(X78)|~c3_1(X78)))|![X79]:(ndr1_0=>(c1_1(X79)|~c0_1(X79)|~c3_1(X79)))|hskp23)&(![X80]:(ndr1_0=>(c1_1(X80)|c2_1(X80)|~c3_1(X80)))|![X81]:(ndr1_0=>(c3_1(X81)|~c1_1(X81)|~c2_1(X81))))&(![X82]:(ndr1_0=>(c1_1(X82)|c2_1(X82)|~c3_1(X82)))|hskp14|hskp17)&(![X83]:(ndr1_0=>(c1_1(X83)|c3_1(X83)|~c0_1(X83)))|![X84]:(ndr1_0=>(~c0_1(X84)|~c2_1(X84)|~c3_1(X84)))|hskp4)&(![X85]:(ndr1_0=>(c1_1(X85)|c3_1(X85)|~c2_1(X85)))|![X86]:(ndr1_0=>(c2_1(X86)|c3_1(X86)|~c0_1(X86)))|hskp13)&(![X87]:(ndr1_0=>(c1_1(X87)|c3_1(X87)|~c2_1(X87)))|hskp24|hskp18)&(![X88]:(ndr1_0=>(c1_1(X88)|~c0_1(X88)|~c3_1(X88)))|![X89]:(ndr1_0=>(~c0_1(X89)|~c2_1(X89)|~c3_1(X89)))|hskp25)&(![X90]:(ndr1_0=>(c1_1(X90)|~c0_1(X90)|~c3_1(X90)))|hskp29|hskp5)&(![X91]:(ndr1_0=>(c1_1(X91)|~c0_1(X91)|~c3_1(X91)))|hskp0|hskp5)&(![X92]:(ndr1_0=>(c1_1(X92)|~c2_1(X92)|~c3_1(X92)))|![X93]:(ndr1_0=>(c2_1(X93)|~c0_1(X93)|~c1_1(X93)))|hskp14)&(![X94]:(ndr1_0=>(c1_1(X94)|~c2_1(X94)|~c3_1(X94)))|hskp30|hskp22)&(![X95]:(ndr1_0=>(c2_1(X95)|c3_1(X95)|~c0_1(X95)))|![X96]:(ndr1_0=>(c3_1(X96)|~c0_1(X96)|~c1_1(X96)))|hskp16)&(![X97]:(ndr1_0=>(c2_1(X97)|c3_1(X97)|~c1_1(X97)))|hskp26|hskp11)&(![X98]:(ndr1_0=>(c2_1(X98)|c3_1(X98)|~c1_1(X98)))|hskp29|hskp13)&(![X99]:(ndr1_0=>(c2_1(X99)|~c0_1(X99)|~c1_1(X99)))|![X100]:(ndr1_0=>(c3_1(X100)|~c0_1(X100)|~c1_1(X100)))|![X101]:(ndr1_0=>(c3_1(X101)|~c0_1(X101)|~c2_1(X101))))&(![X102]:(ndr1_0=>(c2_1(X102)|~c0_1(X102)|~c1_1(X102)))|hskp28|hskp31)&(![X103]:(ndr1_0=>(c2_1(X103)|~c0_1(X103)|~c1_1(X103)))|hskp31|hskp27)&(![X104]:(ndr1_0=>(c2_1(X104)|~c0_1(X104)|~c1_1(X104)))|hskp16|hskp17)&(![X105]:(ndr1_0=>(c2_1(X105)|~c0_1(X105)|~c1_1(X105)))|hskp19|hskp8)&(![X106]:(ndr1_0=>(c3_1(X106)|~c0_1(X106)|~c1_1(X106)))|![X107]:(ndr1_0=>(~c0_1(X107)|~c2_1(X107)|~c3_1(X107)))|hskp2)&(![X108]:(ndr1_0=>(c3_1(X108)|~c0_1(X108)|~c1_1(X108)))|hskp7|hskp27)&(![X109]:(ndr1_0=>(c3_1(X109)|~c0_1(X109)|~c2_1(X109)))|hskp31|hskp1)&(![X110]:(ndr1_0=>(c3_1(X110)|~c1_1(X110)|~c2_1(X110)))|hskp8|hskp0)&(hskp23|hskp30|hskp17)&(hskp25|hskp29|hskp9)&(hskp25|hskp18|hskp12)&(hskp6|hskp1|hskp21)&(hskp6|hskp8|hskp18)&(hskp16|hskp24|hskp4)&(hskp24|hskp1|hskp2)&(hskp7|hskp14|hskp8)&(hskp29|hskp18|hskp10)&(hskp9|hskp20|hskp18)&(hskp22|hskp8|hskp11)&(hskp18|hskp11|hskp5)))			
../../TPTP-v7.3.0/Problems/SYN/SYN771-1.p		Satisfiable	UNKNOWN		UNKNOWN		cnf					
../../TPTP-v7.3.0/Problems/SYN/SYN250-1.p		Unsatisfiable	UNKNOWN		UNKNOWN		cnf					
../../TPTP-v7.3.0/Problems/SYN/SYN506+1.p		Theorem	UNKNOWN		UNKNOWN		fof		(~((~hskp0|(ndr1_0&c2_1(a322)&c3_1(a322)&~c0_1(a322)))&(~hskp1|(ndr1_0&~c1_1(a323)&~c2_1(a323)&~c3_1(a323)))&(~hskp2|(ndr1_0&~c0_1(a324)&~c1_1(a324)&~c3_1(a324)))&(~hskp3|(ndr1_0&c0_1(a325)&c1_1(a325)&~c2_1(a325)))&(~hskp4|(ndr1_0&c0_1(a326)&c2_1(a326)&~c1_1(a326)))&(~hskp5|(ndr1_0&c0_1(a327)&c1_1(a327)&~c3_1(a327)))&(~hskp6|(ndr1_0&c2_1(a329)&~c1_1(a329)&~c3_1(a329)))&(~hskp7|(ndr1_0&c3_1(a330)&~c0_1(a330)&~c1_1(a330)))&(~hskp8|(ndr1_0&~c0_1(a332)&~c2_1(a332)&~c3_1(a332)))&(~hskp9|(ndr1_0&c2_1(a334)&~c0_1(a334)&~c1_1(a334)))&(~hskp10|(ndr1_0&c0_1(a337)&~c2_1(a337)&~c3_1(a337)))&(~hskp11|(ndr1_0&~c0_1(a338)&~c1_1(a338)&~c2_1(a338)))&(~hskp12|(ndr1_0&c0_1(a345)&c3_1(a345)&~c2_1(a345)))&(~hskp13|(ndr1_0&c0_1(a346)&c2_1(a346)&~c3_1(a346)))&(~hskp14|(ndr1_0&c2_1(a347)&c3_1(a347)&~c1_1(a347)))&(~hskp15|(ndr1_0&c0_1(a348)&~c1_1(a348)&~c3_1(a348)))&(~hskp16|(ndr1_0&c1_1(a349)&c3_1(a349)&~c2_1(a349)))&(~hskp17|(ndr1_0&c1_1(a353)&c2_1(a353)&~c0_1(a353)))&(~hskp18|(ndr1_0&c1_1(a354)&~c2_1(a354)&~c3_1(a354)))&(~hskp19|(ndr1_0&c1_1(a355)&c2_1(a355)&~c3_1(a355)))&(~hskp20|(ndr1_0&c2_1(a358)&~c0_1(a358)&~c3_1(a358)))&(~hskp21|(ndr1_0&c3_1(a359)&~c0_1(a359)&~c2_1(a359)))&(~hskp22|(ndr1_0&c3_1(a367)&~c1_1(a367)&~c2_1(a367)))&(~hskp23|(ndr1_0&c1_1(a377)&c3_1(a377)&~c0_1(a377)))&(~hskp24|(ndr1_0&c1_1(a401)&~c0_1(a401)&~c2_1(a401)))&(~hskp25|(ndr1_0&c0_1(a419)&~c1_1(a419)&~c2_1(a419)))&(~hskp26|(ndr1_0&c0_1(a333)&c1_1(a333)&c3_1(a333)))&(~hskp27|(ndr1_0&c1_1(a341)&c2_1(a341)&c3_1(a341)))&(~hskp28|(ndr1_0&c0_1(a343)&c1_1(a343)&c2_1(a343)))&(![U]:(ndr1_0=>(c0_1(U)|c1_1(U)|c2_1(U)))|![V]:(ndr1_0=>(c0_1(V)|c2_1(V)|~c1_1(V)))|hskp0)&(![W]:(ndr1_0=>(c0_1(W)|c1_1(W)|c2_1(W)))|![X]:(ndr1_0=>(c0_1(X)|c2_1(X)|~c3_1(X)))|hskp1)&(![Y]:(ndr1_0=>(c0_1(Y)|c1_1(Y)|c2_1(Y)))|![Z]:(ndr1_0=>(c1_1(Z)|c3_1(Z)|~c2_1(Z)))|hskp2)&(![X1]:(ndr1_0=>(c0_1(X1)|c1_1(X1)|c2_1(X1)))|hskp3|hskp4)&(![X2]:(ndr1_0=>(c0_1(X2)|c1_1(X2)|c2_1(X2)))|hskp5|hskp1)&(![X3]:(ndr1_0=>(c0_1(X3)|c1_1(X3)|c3_1(X3)))|![X4]:(ndr1_0=>(~c0_1(X4)|~c1_1(X4)|~c2_1(X4)))|hskp6)&(![X5]:(ndr1_0=>(c0_1(X5)|c1_1(X5)|c3_1(X5)))|![X6]:(ndr1_0=>(~c0_1(X6)|~c2_1(X6)|~c3_1(X6)))|hskp7)&(![X7]:(ndr1_0=>(c0_1(X7)|c1_1(X7)|~c2_1(X7)))|![X8]:(ndr1_0=>(c0_1(X8)|~c1_1(X8)|~c2_1(X8)))|hskp5)&(![X9]:(ndr1_0=>(c0_1(X9)|c1_1(X9)|~c2_1(X9)))|![X10]:(ndr1_0=>(c1_1(X10)|~c0_1(X10)|~c3_1(X10)))|![X11]:(ndr1_0=>(c1_1(X11)|~c2_1(X11)|~c3_1(X11))))&(![X12]:(ndr1_0=>(c0_1(X12)|c1_1(X12)|~c2_1(X12)))|![X13]:(ndr1_0=>(~c1_1(X13)|~c2_1(X13)|~c3_1(X13)))|hskp8)&(![X14]:(ndr1_0=>(c0_1(X14)|c1_1(X14)|~c3_1(X14)))|![X15]:(ndr1_0=>(c1_1(X15)|c2_1(X15)|~c0_1(X15)))|hskp26)&(![X16]:(ndr1_0=>(c0_1(X16)|c1_1(X16)|~c3_1(X16)))|![X17]:(ndr1_0=>(c1_1(X17)|c2_1(X17)|~c0_1(X17)))|hskp9)&(![X18]:(ndr1_0=>(c0_1(X18)|c1_1(X18)|~c3_1(X18)))|![X19]:(ndr1_0=>(~c0_1(X19)|~c1_1(X19)|~c2_1(X19)))|hskp7)&(![X20]:(ndr1_0=>(c0_1(X20)|c2_1(X20)|c3_1(X20)))|hskp5|hskp10)&(![X21]:(ndr1_0=>(c0_1(X21)|c2_1(X21)|~c1_1(X21)))|![X22]:(ndr1_0=>(c0_1(X22)|c3_1(X22)|~c1_1(X22)))|hskp11)&(![X23]:(ndr1_0=>(c0_1(X23)|c2_1(X23)|~c1_1(X23)))|![X24]:(ndr1_0=>(c1_1(X24)|~c0_1(X24)|~c2_1(X24)))|![X25]:(ndr1_0=>(c2_1(X25)|c3_1(X25)|~c0_1(X25))))&(![X26]:(ndr1_0=>(c0_1(X26)|c2_1(X26)|~c1_1(X26)))|![X27]:(ndr1_0=>(c1_1(X27)|~c2_1(X27)|~c3_1(X27)))|hskp5)&(![X28]:(ndr1_0=>(c0_1(X28)|c2_1(X28)|~c1_1(X28)))|![X29]:(ndr1_0=>(c2_1(X29)|~c0_1(X29)|~c3_1(X29)))|![X30]:(ndr1_0=>(~c0_1(X30)|~c2_1(X30)|~c3_1(X30))))&(![X31]:(ndr1_0=>(c0_1(X31)|c2_1(X31)|~c1_1(X31)))|![X32]:(ndr1_0=>(c3_1(X32)|~c1_1(X32)|~c2_1(X32)))|![X33]:(ndr1_0=>(~c0_1(X33)|~c1_1(X33)|~c2_1(X33))))&(![X34]:(ndr1_0=>(c0_1(X34)|c2_1(X34)|~c1_1(X34)))|![X35]:(ndr1_0=>(c3_1(X35)|~c1_1(X35)|~c2_1(X35)))|hskp4)&(![X36]:(ndr1_0=>(c0_1(X36)|c2_1(X36)|~c3_1(X36)))|![X37]:(ndr1_0=>(c0_1(X37)|c3_1(X37)|~c1_1(X37)))|hskp27)&(![X38]:(ndr1_0=>(c0_1(X38)|c2_1(X38)|~c3_1(X38)))|![X39]:(ndr1_0=>(c0_1(X39)|c3_1(X39)|~c1_1(X39)))|hskp7)&(![X40]:(ndr1_0=>(c0_1(X40)|c2_1(X40)|~c3_1(X40)))|![X41]:(ndr1_0=>(c1_1(X41)|c2_1(X41)|~c0_1(X41)))|![X42]:(ndr1_0=>(c1_1(X42)|~c2_1(X42)|~c3_1(X42))))&(![X43]:(ndr1_0=>(c0_1(X43)|c2_1(X43)|~c3_1(X43)))|![X44]:(ndr1_0=>(c2_1(X44)|~c0_1(X44)|~c3_1(X44)))|hskp28)&(![X45]:(ndr1_0=>(c0_1(X45)|c3_1(X45)|~c1_1(X45)))|![X46]:(ndr1_0=>(c1_1(X46)|~c0_1(X46)|~c2_1(X46)))|![X47]:(ndr1_0=>(c2_1(X47)|c3_1(X47)|~c1_1(X47))))&(![X48]:(ndr1_0=>(c0_1(X48)|c3_1(X48)|~c1_1(X48)))|![X49]:(ndr1_0=>(c2_1(X49)|~c0_1(X49)|~c3_1(X49)))|hskp26)&(![X50]:(ndr1_0=>(c0_1(X50)|c3_1(X50)|~c2_1(X50)))|![X51]:(ndr1_0=>(c1_1(X51)|~c0_1(X51)|~c3_1(X51)))|hskp12)&(![X52]:(ndr1_0=>(c0_1(X52)|c3_1(X52)|~c2_1(X52)))|hskp13|hskp14)&(![X53]:(ndr1_0=>(c0_1(X53)|~c1_1(X53)|~c2_1(X53)))|![X54]:(ndr1_0=>(c1_1(X54)|c2_1(X54)|~c0_1(X54)))|hskp15)&(![X55]:(ndr1_0=>(c0_1(X55)|~c1_1(X55)|~c2_1(X55)))|hskp16|hskp9)&(![X56]:(ndr1_0=>(c0_1(X56)|~c1_1(X56)|~c3_1(X56)))|![X57]:(ndr1_0=>(c1_1(X57)|c2_1(X57)|~c0_1(X57)))|![X58]:(ndr1_0=>(c2_1(X58)|~c1_1(X58)|~c3_1(X58))))&(![X59]:(ndr1_0=>(c0_1(X59)|~c1_1(X59)|~c3_1(X59)))|![X60]:(ndr1_0=>(c1_1(X60)|~c0_1(X60)|~c2_1(X60)))|hskp12)&(![X61]:(ndr1_0=>(c0_1(X61)|~c2_1(X61)|~c3_1(X61)))|![X62]:(ndr1_0=>(c3_1(X62)|~c0_1(X62)|~c2_1(X62)))|hskp4)&(![X63]:(ndr1_0=>(c0_1(X63)|~c2_1(X63)|~c3_1(X63)))|hskp17|hskp18)&(![X64]:(ndr1_0=>(c0_1(X64)|~c2_1(X64)|~c3_1(X64)))|hskp19|hskp11)&(![X65]:(ndr1_0=>(c1_1(X65)|c2_1(X65)|c3_1(X65)))|![X66]:(ndr1_0=>(c1_1(X66)|c2_1(X66)|~c3_1(X66)))|hskp12)&(![X67]:(ndr1_0=>(c1_1(X67)|c2_1(X67)|c3_1(X67)))|![X68]:(ndr1_0=>(c1_1(X68)|~c0_1(X68)|~c3_1(X68)))|hskp20)&(![X69]:(ndr1_0=>(c1_1(X69)|c2_1(X69)|c3_1(X69)))|![X70]:(ndr1_0=>(c3_1(X70)|~c0_1(X70)|~c1_1(X70)))|hskp21)&(![X71]:(ndr1_0=>(c1_1(X71)|c2_1(X71)|c3_1(X71)))|hskp5|hskp14)&(![X72]:(ndr1_0=>(c1_1(X72)|c2_1(X72)|c3_1(X72)))|hskp15|hskp16)&(![X73]:(ndr1_0=>(c1_1(X73)|c2_1(X73)|~c0_1(X73)))|hskp19|hskp0)&(![X74]:(ndr1_0=>(c1_1(X74)|c2_1(X74)|~c0_1(X74)))|hskp7|hskp22)&(![X75]:(ndr1_0=>(c1_1(X75)|c2_1(X75)|~c3_1(X75)))|![X76]:(ndr1_0=>(c2_1(X76)|~c0_1(X76)|~c3_1(X76)))|hskp2)&(![X77]:(ndr1_0=>(c1_1(X77)|c2_1(X77)|~c3_1(X77)))|![X78]:(ndr1_0=>(c2_1(X78)|~c1_1(X78)|~c3_1(X78)))|![X79]:(ndr1_0=>(~c0_1(X79)|~c1_1(X79)|~c2_1(X79))))&(![X80]:(ndr1_0=>(c1_1(X80)|c3_1(X80)|~c0_1(X80)))|![X81]:(ndr1_0=>(c2_1(X81)|c3_1(X81)|~c0_1(X81)))|hskp22)&(![X82]:(ndr1_0=>(c1_1(X82)|c3_1(X82)|~c2_1(X82)))|![X83]:(ndr1_0=>(c1_1(X83)|~c0_1(X83)|~c2_1(X83)))|hskp5)&(![X84]:(ndr1_0=>(c1_1(X84)|c3_1(X84)|~c2_1(X84)))|![X85]:(ndr1_0=>(c1_1(X85)|~c0_1(X85)|~c3_1(X85)))|hskp19)&(![X86]:(ndr1_0=>(c1_1(X86)|~c0_1(X86)|~c2_1(X86)))|![X87]:(ndr1_0=>(c3_1(X87)|~c0_1(X87)|~c1_1(X87)))|hskp19)&(![X88]:(ndr1_0=>(c1_1(X88)|~c0_1(X88)|~c2_1(X88)))|![X89]:(ndr1_0=>(~c0_1(X89)|~c1_1(X89)|~c3_1(X89)))|hskp6)&(![X90]:(ndr1_0=>(c1_1(X90)|~c0_1(X90)|~c2_1(X90)))|hskp26|hskp27)&(![X91]:(ndr1_0=>(c1_1(X91)|~c0_1(X91)|~c3_1(X91)))|![X92]:(ndr1_0=>(c2_1(X92)|~c1_1(X92)|~c3_1(X92)))|hskp14)&(![X93]:(ndr1_0=>(c1_1(X93)|~c0_1(X93)|~c3_1(X93)))|hskp23|hskp22)&(![X94]:(ndr1_0=>(c1_1(X94)|~c2_1(X94)|~c3_1(X94)))|![X95]:(ndr1_0=>(c2_1(X95)|~c0_1(X95)|~c1_1(X95)))|hskp17)&(![X96]:(ndr1_0=>(c1_1(X96)|~c2_1(X96)|~c3_1(X96)))|![X97]:(ndr1_0=>(~c1_1(X97)|~c2_1(X97)|~c3_1(X97)))|hskp22)&(![X98]:(ndr1_0=>(c1_1(X98)|~c2_1(X98)|~c3_1(X98)))|hskp15)&(![X99]:(ndr1_0=>(c2_1(X99)|c3_1(X99)|~c0_1(X99)))|![X100]:(ndr1_0=>(c2_1(X100)|~c0_1(X100)|~c3_1(X100)))|![X101]:(ndr1_0=>(~c0_1(X101)|~c2_1(X101)|~c3_1(X101))))&(![X102]:(ndr1_0=>(c2_1(X102)|c3_1(X102)|~c0_1(X102)))|![X103]:(ndr1_0=>(~c0_1(X103)|~c1_1(X103)|~c2_1(X103)))|hskp10)&(![X104]:(ndr1_0=>(c2_1(X104)|c3_1(X104)|~c0_1(X104)))|hskp28|hskp27)&(![X105]:(ndr1_0=>(c2_1(X105)|c3_1(X105)|~c0_1(X105)))|hskp3|hskp8)&(![X106]:(ndr1_0=>(c2_1(X106)|~c0_1(X106)|~c1_1(X106)))|![X107]:(ndr1_0=>(c3_1(X107)|~c0_1(X107)|~c1_1(X107)))|hskp8)&(![X108]:(ndr1_0=>(c2_1(X108)|~c0_1(X108)|~c1_1(X108)))|![X109]:(ndr1_0=>(~c1_1(X109)|~c2_1(X109)|~c3_1(X109)))|hskp20)&(![X110]:(ndr1_0=>(c2_1(X110)|~c0_1(X110)|~c1_1(X110)))|hskp13|hskp12)&(![X111]:(ndr1_0=>(c2_1(X111)|~c1_1(X111)|~c3_1(X111)))|hskp28)&(![X112]:(ndr1_0=>(c3_1(X112)|~c0_1(X112)|~c2_1(X112)))|hskp3|hskp10)&(![X113]:(ndr1_0=>(c3_1(X113)|~c0_1(X113)|~c2_1(X113)))|hskp4|hskp16)&(![X114]:(ndr1_0=>(c3_1(X114)|~c0_1(X114)|~c2_1(X114)))|hskp2|hskp1)&(![X115]:(ndr1_0=>(c3_1(X115)|~c1_1(X115)|~c2_1(X115)))|hskp28|hskp7)&(![X116]:(ndr1_0=>(~c0_1(X116)|~c1_1(X116)|~c2_1(X116)))|hskp17|hskp24)&(![X117]:(ndr1_0=>(~c0_1(X117)|~c1_1(X117)|~c3_1(X117)))|![X118]:(ndr1_0=>(~c1_1(X118)|~c2_1(X118)|~c3_1(X118)))|hskp10)&(![X119]:(ndr1_0=>(~c0_1(X119)|~c2_1(X119)|~c3_1(X119)))|hskp5|hskp16)&(![X120]:(ndr1_0=>(~c1_1(X120)|~c2_1(X120)|~c3_1(X120)))|hskp3|hskp10)&(hskp26|hskp24|hskp2)&(hskp3|hskp5|hskp4)&(hskp4|hskp13|hskp8)&(hskp12|hskp17|hskp14)&(hskp25|hskp16)&(hskp25|hskp11|hskp1)&(hskp17|hskp24|hskp8)&(hskp17|hskp18|hskp11)&(hskp24|hskp7)))			
../../TPTP-v7.3.0/Problems/SYN/SYN211-1.p		Unsatisfiable	UNKNOWN		UNKNOWN		cnf					
../../TPTP-v7.3.0/Problems/SYN/SYN349+1.p		Theorem	UNKNOWN		UNKNOWN		fof		(?[X1]:![X2]:?[X3]:![X4]:((big_f(X1,X4)<=>big_f(X2,X4))=>(((big_f(X1,X4)<=>big_f(X4,X3))<=>big_f(X3,X4))<=>big_f(X4,X2))))			
../../TPTP-v7.3.0/Problems/SYN/SYN194-1.p		Unsatisfiable	UNKNOWN		UNKNOWN		cnf					
../../TPTP-v7.3.0/Problems/SYN/SYN125-1.p		Unsatisfiable	UNKNOWN		UNKNOWN		cnf					
../../TPTP-v7.3.0/Problems/SYN/SYN163-1.p		Unsatisfiable	UNKNOWN		UNKNOWN		cnf					
../../TPTP-v7.3.0/Problems/SYN/SYN414+1.p		CounterSatisfiable	UNKNOWN		UNKNOWN		fof		(![X]:(?[Y]:(h(X,Y)&f(Y))=>?[Z]:(h(X,Z)&g(Z)))<=>![U,V,W]:((h(U,V)&f(V))=>(h(U,W)&g(W))))			
../../TPTP-v7.3.0/Problems/SYN/SYN868-1.p		Satisfiable	UNKNOWN		UNKNOWN		cnf					
../../TPTP-v7.3.0/Problems/SYN/SYN103-1.p		Unsatisfiable	UNKNOWN		UNKNOWN		cnf					
../../TPTP-v7.3.0/Problems/SYN/SYN041-1.p		Unsatisfiable	UNKNOWN		UNKNOWN		cnf					
../../TPTP-v7.3.0/Problems/SYN/SYN352+1.p		Theorem	UNKNOWN		UNKNOWN		fof		(![X1,X2]:?[Y1,Y2]:![Z]:(big_f(X1,X2)=>((big_f(Y1,Y2)=>(big_f(X2,Z)|big_f(Y2,Z)))=>(((big_f(Y1,Y2)=>(big_f(X2,Z)<=>big_f(Y1,Z)))=>big_f(Z,Z))=>(big_f(Y1,Y2)&(big_f(Y1,Z)<=>big_f(Y2,Z)))))))			
../../TPTP-v7.3.0/Problems/SYN/SYN148-1.p		Unsatisfiable	UNKNOWN		UNKNOWN		cnf					
../../TPTP-v7.3.0/Problems/SYN/SYN615-1.p		Unsatisfiable	UNKNOWN		UNKNOWN		cnf					
../../TPTP-v7.3.0/Problems/SYN/SYN541-1.p		Satisfiable	UNKNOWN		UNKNOWN		cnf					
../../TPTP-v7.3.0/Problems/SYN/SYN335-1.p		Satisfiable	UNKNOWN		UNKNOWN		cnf					
../../TPTP-v7.3.0/Problems/SYN/SYN448-1.p		Unsatisfiable	UNKNOWN		UNKNOWN		cnf					
../../TPTP-v7.3.0/Problems/SYN/SYN221-1.p		Unsatisfiable	UNKNOWN		UNKNOWN		cnf					
../../TPTP-v7.3.0/Problems/SYN/SYN476-1.p		Unsatisfiable	UNKNOWN		UNKNOWN		cnf					
../../TPTP-v7.3.0/Problems/SYN/SYN973+1.p		Theorem	UNKNOWN		UNKNOWN		fof		(p(z)=>p(z))			
../../TPTP-v7.3.0/Problems/SYN/SYN009-2.p		Unsatisfiable	UNKNOWN		UNKNOWN		cnf					
../../TPTP-v7.3.0/Problems/SYN/SYN527-1.p		Satisfiable	UNKNOWN		UNKNOWN		cnf					
../../TPTP-v7.3.0/Problems/SYN/SYN828-1.p		Satisfiable	UNKNOWN		UNKNOWN		cnf					
../../TPTP-v7.3.0/Problems/SYN/SYN466+1.p		Theorem	UNKNOWN		UNKNOWN		fof		(~((~hskp0|(ndr1_0&c2_1(a101)&c3_1(a101)&~c0_1(a101)))&(~hskp1|(ndr1_0&c2_1(a102)&~c0_1(a102)&~c1_1(a102)))&(~hskp2|(ndr1_0&c0_1(a103)&c1_1(a103)&~c3_1(a103)))&(~hskp3|(ndr1_0&c0_1(a104)&c2_1(a104)&~c1_1(a104)))&(~hskp4|(ndr1_0&c2_1(a105)&c3_1(a105)&~c1_1(a105)))&(~hskp5|(ndr1_0&c0_1(a106)&c1_1(a106)&~c2_1(a106)))&(~hskp6|(ndr1_0&c1_1(a107)&c2_1(a107)&~c0_1(a107)))&(~hskp7|(ndr1_0&c1_1(a108)&c3_1(a108)&~c0_1(a108)))&(~hskp8|(ndr1_0&c1_1(a109)&~c0_1(a109)&~c3_1(a109)))&(~hskp9|(ndr1_0&c2_1(a110)&~c1_1(a110)&~c3_1(a110)))&(~hskp10|(ndr1_0&~c0_1(a111)&~c2_1(a111)&~c3_1(a111)))&(~hskp11|(ndr1_0&c1_1(a112)&~c2_1(a112)&~c3_1(a112)))&(~hskp12|(ndr1_0&c3_1(a113)&~c0_1(a113)&~c2_1(a113)))&(~hskp13|(ndr1_0&c1_1(a114)&c2_1(a114)&~c3_1(a114)))&(~hskp14|(ndr1_0&c0_1(a116)&c2_1(a116)&~c3_1(a116)))&(~hskp15|(ndr1_0&c0_1(a117)&c3_1(a117)&~c1_1(a117)))&(~hskp16|(ndr1_0&c1_1(a126)&c3_1(a126)&~c2_1(a126)))&(~hskp17|(ndr1_0&c3_1(a132)&~c0_1(a132)&~c1_1(a132)))&(~hskp18|(ndr1_0&c0_1(a134)&c3_1(a134)&~c2_1(a134)))&(~hskp19|(ndr1_0&c0_1(a135)&~c2_1(a135)&~c3_1(a135)))&(~hskp20|(ndr1_0&c0_1(a139)&~c1_1(a139)&~c3_1(a139)))&(~hskp21|(ndr1_0&c3_1(a143)&~c1_1(a143)&~c2_1(a143)))&(~hskp22|(ndr1_0&~c0_1(a145)&~c1_1(a145)&~c2_1(a145)))&(~hskp23|(ndr1_0&~c0_1(a153)&~c1_1(a153)&~c3_1(a153)))&(~hskp24|(ndr1_0&~c1_1(a163)&~c2_1(a163)&~c3_1(a163)))&(~hskp25|(ndr1_0&c1_1(a167)&~c0_1(a167)&~c2_1(a167)))&(~hskp26|(ndr1_0&c0_1(a187)&~c1_1(a187)&~c2_1(a187)))&(~hskp27|(ndr1_0&c2_1(a196)&~c0_1(a196)&~c3_1(a196)))&(~hskp28|(ndr1_0&c1_1(a118)&c2_1(a118)&c3_1(a118)))&(~hskp29|(ndr1_0&c0_1(a128)&c1_1(a128)&c2_1(a128)))&(~hskp30|(ndr1_0&c0_1(a131)&c2_1(a131)&c3_1(a131)))&(~hskp31|(ndr1_0&c0_1(a141)&c1_1(a141)&c3_1(a141)))&(![U]:(ndr1_0=>(c0_1(U)|c1_1(U)|c2_1(U)))|![V]:(ndr1_0=>(c0_1(V)|c1_1(V)|~c2_1(V)))|![W]:(ndr1_0=>(~c1_1(W)|~c2_1(W)|~c3_1(W))))&(![X]:(ndr1_0=>(c0_1(X)|c1_1(X)|c2_1(X)))|![Y]:(ndr1_0=>(c0_1(Y)|c1_1(Y)|~c3_1(Y)))|hskp0)&(![Z]:(ndr1_0=>(c0_1(Z)|c1_1(Z)|c2_1(Z)))|![X1]:(ndr1_0=>(c0_1(X1)|~c2_1(X1)|~c3_1(X1)))|hskp1)&(![X2]:(ndr1_0=>(c0_1(X2)|c1_1(X2)|c2_1(X2)))|![X3]:(ndr1_0=>(c2_1(X3)|~c1_1(X3)|~c3_1(X3)))|hskp2)&(![X4]:(ndr1_0=>(c0_1(X4)|c1_1(X4)|c2_1(X4)))|hskp3|hskp4)&(![X5]:(ndr1_0=>(c0_1(X5)|c1_1(X5)|c3_1(X5)))|![X6]:(ndr1_0=>(c0_1(X6)|c3_1(X6)|~c2_1(X6)))|![X7]:(ndr1_0=>(c3_1(X7)|~c0_1(X7)|~c2_1(X7))))&(![X8]:(ndr1_0=>(c0_1(X8)|c1_1(X8)|c3_1(X8)))|hskp5)&(![X9]:(ndr1_0=>(c0_1(X9)|c1_1(X9)|c3_1(X9)))|hskp6|hskp7)&(![X10]:(ndr1_0=>(c0_1(X10)|c1_1(X10)|c3_1(X10)))|hskp8|hskp9)&(![X11]:(ndr1_0=>(c0_1(X11)|c1_1(X11)|~c2_1(X11)))|![X12]:(ndr1_0=>(~c0_1(X12)|~c1_1(X12)|~c3_1(X12)))|hskp10)&(![X13]:(ndr1_0=>(c0_1(X13)|c1_1(X13)|~c3_1(X13)))|![X14]:(ndr1_0=>(c0_1(X14)|c2_1(X14)|~c3_1(X14)))|![X15]:(ndr1_0=>(~c0_1(X15)|~c1_1(X15)|~c3_1(X15))))&(![X16]:(ndr1_0=>(c0_1(X16)|c1_1(X16)|~c3_1(X16)))|![X17]:(ndr1_0=>(c1_1(X17)|c2_1(X17)|~c0_1(X17)))|![X18]:(ndr1_0=>(c2_1(X18)|~c0_1(X18)|~c1_1(X18))))&(![X19]:(ndr1_0=>(c0_1(X19)|c1_1(X19)|~c3_1(X19)))|![X20]:(ndr1_0=>(c2_1(X20)|c3_1(X20)|~c1_1(X20)))|hskp11)&(![X21]:(ndr1_0=>(c0_1(X21)|c1_1(X21)|~c3_1(X21)))|![X22]:(ndr1_0=>(c3_1(X22)|~c0_1(X22)|~c2_1(X22)))|hskp12)&(![X23]:(ndr1_0=>(c0_1(X23)|c1_1(X23)|~c3_1(X23)))|![X24]:(ndr1_0=>(~c0_1(X24)|~c2_1(X24)|~c3_1(X24)))|![X25]:(ndr1_0=>(~c1_1(X25)|~c2_1(X25)|~c3_1(X25))))&(![X26]:(ndr1_0=>(c0_1(X26)|c2_1(X26)|c3_1(X26)))|![X27]:(ndr1_0=>(~c0_1(X27)|~c1_1(X27)|~c3_1(X27)))|hskp13)&(![X28]:(ndr1_0=>(c0_1(X28)|c2_1(X28)|~c1_1(X28)))|![X29]:(ndr1_0=>(c1_1(X29)|c2_1(X29)|~c3_1(X29)))|hskp6)&(![X30]:(ndr1_0=>(c0_1(X30)|c2_1(X30)|~c3_1(X30)))|![X31]:(ndr1_0=>(c1_1(X31)|~c0_1(X31)|~c2_1(X31)))|hskp14)&(![X32]:(ndr1_0=>(c0_1(X32)|c2_1(X32)|~c3_1(X32)))|hskp15|hskp28)&(![X33]:(ndr1_0=>(c0_1(X33)|c3_1(X33)|~c1_1(X33)))|![X34]:(ndr1_0=>(c1_1(X34)|c2_1(X34)|~c3_1(X34)))|![X35]:(ndr1_0=>(c1_1(X35)|~c0_1(X35)|~c3_1(X35))))&(![X36]:(ndr1_0=>(c0_1(X36)|c3_1(X36)|~c1_1(X36)))|![X37]:(ndr1_0=>(c2_1(X37)|c3_1(X37)|~c0_1(X37)))|![X38]:(ndr1_0=>(c3_1(X38)|~c1_1(X38)|~c2_1(X38))))&(![X39]:(ndr1_0=>(c0_1(X39)|c3_1(X39)|~c1_1(X39)))|![X40]:(ndr1_0=>(~c0_1(X40)|~c1_1(X40)|~c3_1(X40)))|hskp8)&(![X41]:(ndr1_0=>(c0_1(X41)|c3_1(X41)|~c1_1(X41)))|hskp15|hskp10)&(![X42]:(ndr1_0=>(c0_1(X42)|c3_1(X42)|~c2_1(X42)))|hskp15|hskp0)&(![X43]:(ndr1_0=>(c0_1(X43)|~c1_1(X43)|~c2_1(X43)))|hskp2|hskp7)&(![X44]:(ndr1_0=>(c0_1(X44)|~c2_1(X44)|~c3_1(X44)))|![X45]:(ndr1_0=>(c1_1(X45)|c2_1(X45)|c3_1(X45)))|hskp16)&(![X46]:(ndr1_0=>(c0_1(X46)|~c2_1(X46)|~c3_1(X46)))|![X47]:(ndr1_0=>(c3_1(X47)|~c0_1(X47)|~c2_1(X47)))|hskp10)&(![X48]:(ndr1_0=>(c0_1(X48)|~c2_1(X48)|~c3_1(X48)))|hskp29|hskp11)&(![X49]:(ndr1_0=>(c1_1(X49)|c2_1(X49)|c3_1(X49)))|![X50]:(ndr1_0=>(c2_1(X50)|c3_1(X50)|~c0_1(X50)))|![X51]:(ndr1_0=>(~c1_1(X51)|~c2_1(X51)|~c3_1(X51))))&(![X52]:(ndr1_0=>(c1_1(X52)|c2_1(X52)|~c0_1(X52)))|![X53]:(ndr1_0=>(c1_1(X53)|c2_1(X53)|~c3_1(X53)))|hskp16)&(![X54]:(ndr1_0=>(c1_1(X54)|c2_1(X54)|~c0_1(X54)))|![X55]:(ndr1_0=>(c1_1(X55)|c3_1(X55)|~c2_1(X55)))|hskp30)&(![X56]:(ndr1_0=>(c1_1(X56)|c2_1(X56)|~c0_1(X56)))|![X57]:(ndr1_0=>(c2_1(X57)|~c0_1(X57)|~c1_1(X57)))|hskp17)&(![X58]:(ndr1_0=>(c1_1(X58)|c2_1(X58)|~c0_1(X58)))|![X59]:(ndr1_0=>(~c0_1(X59)|~c1_1(X59)|~c2_1(X59)))|hskp7)&(![X60]:(ndr1_0=>(c1_1(X60)|c3_1(X60)|~c0_1(X60)))|![X61]:(ndr1_0=>(c2_1(X61)|~c1_1(X61)|~c3_1(X61)))|![X62]:(ndr1_0=>(~c0_1(X62)|~c2_1(X62)|~c3_1(X62))))&(![X63]:(ndr1_0=>(c1_1(X63)|c3_1(X63)|~c0_1(X63)))|![X64]:(ndr1_0=>(c3_1(X64)|~c1_1(X64)|~c2_1(X64)))|hskp18)&(![X65]:(ndr1_0=>(c1_1(X65)|c3_1(X65)|~c2_1(X65)))|hskp19|hskp17)&(![X66]:(ndr1_0=>(c1_1(X66)|c3_1(X66)|~c2_1(X66)))|hskp28|hskp17)&(![X67]:(ndr1_0=>(c1_1(X67)|~c0_1(X67)|~c2_1(X67)))|![X68]:(ndr1_0=>(c1_1(X68)|~c0_1(X68)|~c3_1(X68)))|hskp20)&(![X69]:(ndr1_0=>(c1_1(X69)|~c0_1(X69)|~c2_1(X69)))|![X70]:(ndr1_0=>(c2_1(X70)|~c0_1(X70)|~c1_1(X70)))|![X71]:(ndr1_0=>(c2_1(X71)|~c0_1(X71)|~c3_1(X71))))&(![X72]:(ndr1_0=>(c1_1(X72)|~c0_1(X72)|~c2_1(X72)))|![X73]:(ndr1_0=>(c3_1(X73)|~c0_1(X73)|~c2_1(X73)))|hskp17)&(![X74]:(ndr1_0=>(c1_1(X74)|~c0_1(X74)|~c2_1(X74)))|![X75]:(ndr1_0=>(~c0_1(X75)|~c1_1(X75)|~c2_1(X75)))|hskp31)&(![X76]:(ndr1_0=>(c1_1(X76)|~c0_1(X76)|~c2_1(X76)))|hskp29|hskp21)&(![X77]:(ndr1_0=>(c1_1(X77)|~c0_1(X77)|~c3_1(X77)))|![X78]:(ndr1_0=>(c1_1(X78)|~c2_1(X78)|~c3_1(X78)))|hskp17)&(![X79]:(ndr1_0=>(c1_1(X79)|~c0_1(X79)|~c3_1(X79)))|![X80]:(ndr1_0=>(c3_1(X80)|~c0_1(X80)|~c1_1(X80)))|hskp22)&(![X81]:(ndr1_0=>(c1_1(X81)|~c0_1(X81)|~c3_1(X81)))|hskp31|hskp28)&(![X82]:(ndr1_0=>(c1_1(X82)|~c0_1(X82)|~c3_1(X82)))|hskp15|hskp28)&(![X83]:(ndr1_0=>(c1_1(X83)|~c0_1(X83)|~c3_1(X83)))|hskp28|hskp11)&(![X84]:(ndr1_0=>(c1_1(X84)|~c0_1(X84)|~c3_1(X84)))|hskp4|hskp23)&(![X85]:(ndr1_0=>(c1_1(X85)|~c0_1(X85)|~c3_1(X85)))|hskp4|hskp10)&(![X86]:(ndr1_0=>(c2_1(X86)|c3_1(X86)|~c0_1(X86)))|hskp19|hskp8)&(![X87]:(ndr1_0=>(c2_1(X87)|c3_1(X87)|~c1_1(X87)))|hskp19)&(![X88]:(ndr1_0=>(c2_1(X88)|~c0_1(X88)|~c1_1(X88)))|![X89]:(ndr1_0=>(c3_1(X89)|~c1_1(X89)|~c2_1(X89)))|hskp12)&(![X90]:(ndr1_0=>(c2_1(X90)|~c0_1(X90)|~c1_1(X90)))|hskp29|hskp4)&(![X91]:(ndr1_0=>(c2_1(X91)|~c0_1(X91)|~c1_1(X91)))|hskp1|hskp24)&(![X92]:(ndr1_0=>(c2_1(X92)|~c0_1(X92)|~c3_1(X92)))|hskp6|hskp16)&(![X93]:(ndr1_0=>(c2_1(X93)|~c1_1(X93)|~c3_1(X93)))|![X94]:(ndr1_0=>(~c0_1(X94)|~c2_1(X94)|~c3_1(X94)))|hskp1)&(![X95]:(ndr1_0=>(c3_1(X95)|~c0_1(X95)|~c1_1(X95)))|hskp25|hskp0)&(![X96]:(ndr1_0=>(c3_1(X96)|~c1_1(X96)|~c2_1(X96)))|hskp13|hskp4)&(![X97]:(ndr1_0=>(~c0_1(X97)|~c2_1(X97)|~c3_1(X97)))|hskp19|hskp11)&(![X98]:(ndr1_0=>(~c1_1(X98)|~c2_1(X98)|~c3_1(X98)))|hskp25|hskp0)&(hskp31|hskp30|hskp24)&(hskp5|hskp15|hskp13)&(hskp5|hskp16|hskp25)&(hskp5|hskp4|hskp9)&(hskp26|hskp7|hskp0)&(hskp26|hskp11|hskp4)&(hskp25|hskp8)&(hskp25|hskp27|hskp24)))			
../../TPTP-v7.3.0/Problems/SYN/SYN345+1.p		Theorem	UNKNOWN		UNKNOWN		fof		(![X1,X2]:?[Y1,Y2]:![Z]:(((big_f(X1,X2,Y1)=>big_f(Y2,Y1,Z))=>(big_f(X1,X1,X2)=>big_f(X1,X2,X2)))=>(((big_f(X2,Y1,Y2)=>big_f(Y1,Z,Z))=>(big_f(X1,X2,X2)=>big_f(X1,X1,X2)))=>(big_f(Y1,Y2,Z)=>(big_f(X2,X2,Y1)&(big_f(X1,X1,X2)<=>big_f(X1,X2,X2)))))))			
../../TPTP-v7.3.0/Problems/SYN/SYN553-1.p		Unsatisfiable	UNKNOWN		UNKNOWN		cnf					
../../TPTP-v7.3.0/Problems/SYN/SYN634-1.p		Unsatisfiable	UNKNOWN		UNKNOWN		cnf					
../../TPTP-v7.3.0/Problems/SYN/SYN793-1.p		Satisfiable	UNKNOWN		UNKNOWN		cnf					
../../TPTP-v7.3.0/Problems/SYN/SYN724+1.p		Theorem	UNKNOWN		UNKNOWN		fof		(![X]:(r(X)=>s(X))<=>![X]:((r(X)&s(X))<=>r(X)))			
../../TPTP-v7.3.0/Problems/SYN/SYN419+1.p		CounterSatisfiable	UNKNOWN		UNKNOWN		fof		(~((c7_0|c3_0|![U]:(ndr1_0=>(~c9_1(U)|~c1_1(U)|c8_1(U))))&((ndr1_0&c7_1(a147)&~c9_1(a147))|~c1_0|![V]:(ndr1_0=>((ndr1_1(V)&~c5_2(V,a148)&c7_2(V,a148)&c3_2(V,a148))|~c4_1(V))))&((ndr1_0&![W]:(ndr1_1(a149)=>(c1_2(a149,W)|~c4_2(a149,W)|~c7_2(a149,W)))&ndr1_1(a149)&~c9_2(a149,a150)&c7_2(a149,a150)&~c5_2(a149,a150)&ndr1_1(a149)&~c4_2(a149,a151)&~c1_2(a149,a151)&~c10_2(a149,a151))|~c4_0|(ndr1_0&ndr1_1(a152)&c7_2(a152,a153)&~c10_2(a152,a153)&c9_2(a152,a153)&![X]:(ndr1_1(a152)=>(~c4_2(a152,X)|~c2_2(a152,X)|~c10_2(a152,X)))&~c8_1(a152)))&(![Y]:(ndr1_0=>(c5_1(Y)|c8_1(Y)|(ndr1_1(Y)&~c10_2(Y,a154)&c6_2(Y,a154)&~c3_2(Y,a154))))|c3_0|~c1_0)&(![Z]:(ndr1_0=>((ndr1_1(Z)&~c1_2(Z,a155)&c10_2(Z,a155)&~c4_2(Z,a155))|c8_1(Z)|(ndr1_1(Z)&c3_2(Z,a156)&c6_2(Z,a156))))|c7_0|~c1_0)&(c8_0|c9_0|~c6_0)&(~c4_0|~c5_0|c3_0)&(~c7_0|(ndr1_0&c2_1(a157)&![X1]:(ndr1_1(a157)=>(c3_2(a157,X1)|~c9_2(a157,X1)|~c8_2(a157,X1)))))&(~c2_0|![X2]:(ndr1_0=>(~c7_1(X2)|c10_1(X2)|![X3]:(ndr1_1(X2)=>(~c6_2(X2,X3)|c1_2(X2,X3)|~c4_2(X2,X3)))))|~c4_0)&(![X4]:(ndr1_0=>(c3_1(X4)|![X5]:(ndr1_1(X4)=>(c9_2(X4,X5)|c10_2(X4,X5)|~c3_2(X4,X5)))|(ndr1_1(X4)&c9_2(X4,a158)&~c6_2(X4,a158)&c5_2(X4,a158))))|![X6]:(ndr1_0=>(![X7]:(ndr1_1(X6)=>(c8_2(X6,X7)|c4_2(X6,X7)|c6_2(X6,X7)))|c3_1(X6)|![X8]:(ndr1_1(X6)=>(~c2_2(X6,X8)|~c4_2(X6,X8)|~c6_2(X6,X8))))))&(![X9]:(ndr1_0=>(c2_1(X9)|(ndr1_1(X9)&~c8_2(X9,a159)&~c5_2(X9,a159)&c7_2(X9,a159))|![X10]:(ndr1_1(X9)=>(c5_2(X9,X10)|c10_2(X9,X10)))))|(ndr1_0&~c7_1(a160)&c10_1(a160)&![X11]:(ndr1_1(a160)=>(~c4_2(a160,X11)|c2_2(a160,X11)|c6_2(a160,X11))))|~c4_0)&(c3_0|c9_0|![X12]:(ndr1_0=>((ndr1_1(X12)&~c10_2(X12,a161)&~c3_2(X12,a161)&~c4_2(X12,a161))|~c7_1(X12)|![X13]:(ndr1_1(X12)=>(~c7_2(X12,X13)|~c9_2(X12,X13)|~c2_2(X12,X13))))))&(c8_0|(ndr1_0&c7_1(a162)&~c2_1(a162)&![X14]:(ndr1_1(a162)=>(~c1_2(a162,X14)|~c3_2(a162,X14)|c2_2(a162,X14)))))&(~c9_0|~c1_0|(ndr1_0&ndr1_1(a163)&~c5_2(a163,a164)&c9_2(a163,a164)&c10_2(a163,a164)&c1_1(a163)&![X15]:(ndr1_1(a163)=>(~c4_2(a163,X15)|c2_2(a163,X15)|~c6_2(a163,X15)))))&(c9_0|~c2_0|(ndr1_0&![X16]:(ndr1_1(a165)=>(c8_2(a165,X16)|~c10_2(a165,X16)|~c4_2(a165,X16)))&![X17]:(ndr1_1(a165)=>(c3_2(a165,X17)|~c2_2(a165,X17)|c5_2(a165,X17)))&ndr1_1(a165)&~c2_2(a165,a166)&c5_2(a165,a166)&c3_2(a165,a166)))&((ndr1_0&c2_1(a167)&![X18]:(ndr1_1(a167)=>(~c9_2(a167,X18)|c1_2(a167,X18)|c10_2(a167,X18)))&c7_1(a167))|c6_0|c10_0)&(c6_0|(ndr1_0&~c9_1(a168)&c1_1(a168)&c8_1(a168))|~c1_0)&(c3_0|![X19]:(ndr1_0=>(~c7_1(X19)|![X20]:(ndr1_1(X19)=>(c8_2(X19,X20)|~c7_2(X19,X20)))|![X21]:(ndr1_1(X19)=>(c7_2(X19,X21)|c8_2(X19,X21)))))|![X22]:(ndr1_0=>(![X23]:(ndr1_1(X22)=>(c9_2(X22,X23)|c7_2(X22,X23)|~c6_2(X22,X23)))|c9_1(X22)|~c5_1(X22))))&(~c9_0|c8_0|~c1_0)&((ndr1_0&![X24]:(ndr1_1(a169)=>(~c6_2(a169,X24)|~c10_2(a169,X24)))&c2_1(a169)&![X25]:(ndr1_1(a169)=>(~c1_2(a169,X25)|~c9_2(a169,X25)|~c8_2(a169,X25))))|(ndr1_0&~c8_1(a170)&![X26]:(ndr1_1(a170)=>(c3_2(a170,X26)|~c9_2(a170,X26)|~c10_2(a170,X26)))&c6_1(a170))|![X27]:(ndr1_0=>(![X28]:(ndr1_1(X27)=>c3_2(X27,X28))|~c2_1(X27)|![X29]:(ndr1_1(X27)=>(c9_2(X27,X29)|c5_2(X27,X29)|c6_2(X27,X29))))))&((ndr1_0&![X30]:(ndr1_1(a171)=>(c7_2(a171,X30)|c3_2(a171,X30)|~c10_2(a171,X30)))&~c1_1(a171)&~c8_1(a171))|(ndr1_0&~c5_1(a172)&![X31]:(ndr1_1(a172)=>(~c4_2(a172,X31)|c5_2(a172,X31)|~c8_2(a172,X31)))))&((ndr1_0&c7_1(a173)&c6_1(a173)&~c10_1(a173))|~c8_0|~c5_0)&((ndr1_0&c9_1(a174)&![X32]:(ndr1_1(a174)=>(c4_2(a174,X32)|c6_2(a174,X32)|~c8_2(a174,X32)))&~c1_1(a174))|~c5_0|(ndr1_0&c5_1(a175)&ndr1_1(a175)&c10_2(a175,a176)&~c4_2(a175,a176)&~c6_2(a175,a176)&c1_1(a175)))&((ndr1_0&ndr1_1(a177)&~c3_2(a177,a178)&~c9_2(a177,a178)&~c7_2(a177,a178)&![X33]:(ndr1_1(a177)=>(~c2_2(a177,X33)|~c6_2(a177,X33)|~c4_2(a177,X33)))&c1_1(a177))|c6_0)&(![X34]:(ndr1_0=>(~c9_1(X34)|c3_1(X34)|~c2_1(X34)))|![X35]:(ndr1_0=>(![X36]:(ndr1_1(X35)=>(~c4_2(X35,X36)|c6_2(X35,X36)|~c1_2(X35,X36)))|c2_1(X35))))&((ndr1_0&ndr1_1(a179)&~c8_2(a179,a180)&c5_2(a179,a180)&c10_2(a179,a180)&ndr1_1(a179)&c3_2(a179,a181)&c5_2(a179,a181)&~c9_1(a179))|![X37]:(ndr1_0=>((ndr1_1(X37)&~c9_2(X37,a182)&~c2_2(X37,a182))|![X38]:(ndr1_1(X37)=>(c3_2(X37,X38)|c10_2(X37,X38)|c7_2(X37,X38)))|![X39]:(ndr1_1(X37)=>(c3_2(X37,X39)|~c6_2(X37,X39)))))|![X40]:(ndr1_0=>(c4_1(X40)|~c7_1(X40)|c8_1(X40))))&(![X41]:(ndr1_0=>(c5_1(X41)|(ndr1_1(X41)&~c2_2(X41,a183)&~c6_2(X41,a183)&~c1_2(X41,a183))|c3_1(X41)))|~c7_0|![X42]:(ndr1_0=>((ndr1_1(X42)&c9_2(X42,a184)&~c7_2(X42,a184)&~c5_2(X42,a184))|![X43]:(ndr1_1(X42)=>(c9_2(X42,X43)|~c1_2(X42,X43)|~c6_2(X42,X43)))|~c4_1(X42))))&(![X44]:(ndr1_0=>(c4_1(X44)|c5_1(X44)))|~c9_0|c5_0)&(![X45]:(ndr1_0=>(~c10_1(X45)|![X46]:(ndr1_1(X45)=>(c2_2(X45,X46)|~c4_2(X45,X46)|~c10_2(X45,X46)))|~c5_1(X45)))|c2_0|~c6_0)&((ndr1_0&c5_1(a185)&![X47]:(ndr1_1(a185)=>(~c10_2(a185,X47)|~c8_2(a185,X47)|~c9_2(a185,X47)))&~c1_1(a185))|c5_0|![X48]:(ndr1_0=>(c6_1(X48)|(ndr1_1(X48)&c9_2(X48,a186)&~c3_2(X48,a186)&~c2_2(X48,a186))|~c5_1(X48))))&(c3_0|~c8_0|![X49]:(ndr1_0=>((ndr1_1(X49)&~c7_2(X49,a187)&~c1_2(X49,a187)&~c2_2(X49,a187))|~c7_1(X49)|(ndr1_1(X49)&c1_2(X49,a188)&c9_2(X49,a188)&c3_2(X49,a188)))))&(![X50]:(ndr1_0=>(![X51]:(ndr1_1(X50)=>(c7_2(X50,X51)|~c9_2(X50,X51)|~c10_2(X50,X51)))|![X52]:(ndr1_1(X50)=>(~c9_2(X50,X52)|c5_2(X50,X52)|~c4_2(X50,X52)))|~c8_1(X50)))|~c7_0|~c6_0)&(![X53]:(ndr1_0=>(c8_1(X53)|![X54]:(ndr1_1(X53)=>(~c10_2(X53,X54)|c6_2(X53,X54)))|c6_1(X53)))|(ndr1_0&c1_1(a189)&~c5_1(a189)&~c3_1(a189))|![X55]:(ndr1_0=>(~c10_1(X55)|![X56]:(ndr1_1(X55)=>(~c8_2(X55,X56)|~c2_2(X55,X56)))|~c3_1(X55))))&(c7_0|(ndr1_0&ndr1_1(a190)&c3_2(a190,a191)&~c8_2(a190,a191)&c7_2(a190,a191)&ndr1_1(a190)&~c10_2(a190,a192)&~c8_2(a190,a192)&c4_2(a190,a192))|~c10_0)&(~c4_0|![X57]:(ndr1_0=>(~c9_1(X57)|![X58]:(ndr1_1(X57)=>(c8_2(X57,X58)|~c10_2(X57,X58)))|c4_1(X57)))|c10_0)&(~c10_0|![X59]:(ndr1_0=>(~c2_1(X59)|~c3_1(X59)|(ndr1_1(X59)&~c6_2(X59,a193)&~c3_2(X59,a193)&~c10_2(X59,a193))))|![X60]:(ndr1_0=>((ndr1_1(X60)&c9_2(X60,a194)&~c3_2(X60,a194)&~c1_2(X60,a194))|~c10_1(X60)|c8_1(X60))))&((ndr1_0&c7_1(a195)&c2_1(a195)&ndr1_1(a195)&c10_2(a195,a196)&c2_2(a195,a196)&~c1_2(a195,a196))|c1_0|~c6_0)&(![X61]:(ndr1_0=>(![X62]:(ndr1_1(X61)=>(c6_2(X61,X62)|c2_2(X61,X62)|c10_2(X61,X62)))|(ndr1_1(X61)&~c7_2(X61,a197)&~c8_2(X61,a197)&~c5_2(X61,a197))|~c9_1(X61)))|![X63]:(ndr1_0=>(c6_1(X63)|(ndr1_1(X63)&c7_2(X63,a198)&c6_2(X63,a198)&~c5_2(X63,a198))|(ndr1_1(X63)&c7_2(X63,a199)&c10_2(X63,a199)&c9_2(X63,a199))))|~c6_0)&((ndr1_0&![X64]:(ndr1_1(a200)=>(c4_2(a200,X64)|~c6_2(a200,X64)))&ndr1_1(a200)&~c7_2(a200,a201)&c5_2(a200,a201)&~c8_2(a200,a201)&ndr1_1(a200)&c2_2(a200,a202)&c3_2(a200,a202)&c9_2(a200,a202))|![X65]:(ndr1_0=>((ndr1_1(X65)&c7_2(X65,a203)&~c3_2(X65,a203)&c10_2(X65,a203))|c1_1(X65)|c6_1(X65)))|(ndr1_0&ndr1_1(a204)&c6_2(a204,a205)&~c9_2(a204,a205)&~c3_2(a204,a205)&![X66]:(ndr1_1(a204)=>(~c8_2(a204,X66)|~c3_2(a204,X66)|c7_2(a204,X66)))&~c10_1(a204)))&(c9_0|c1_0|~c8_0)&((ndr1_0&~c5_1(a206)&![X67]:(ndr1_1(a206)=>(~c4_2(a206,X67)|c2_2(a206,X67)|c6_2(a206,X67)))&![X68]:(ndr1_1(a206)=>(c9_2(a206,X68)|c8_2(a206,X68))))|(ndr1_0&c6_1(a207)&c9_1(a207)&c1_1(a207))|~c7_0)&(c4_0|![X69]:(ndr1_0=>((ndr1_1(X69)&~c4_2(X69,a208)&c9_2(X69,a208))|~c5_1(X69)|c10_1(X69)))|~c6_0)&(c7_0|![X70]:(ndr1_0=>(![X71]:(ndr1_1(X70)=>(~c8_2(X70,X71)|~c4_2(X70,X71)|~c2_2(X70,X71)))|![X72]:(ndr1_1(X70)=>(c4_2(X70,X72)|~c9_2(X70,X72)|~c10_2(X70,X72)))|(ndr1_1(X70)&c10_2(X70,a209)&~c2_2(X70,a209)&~c4_2(X70,a209))))|~c10_0)&(![X73]:(ndr1_0=>((ndr1_1(X73)&~c1_2(X73,a210)&c7_2(X73,a210)&c3_2(X73,a210))|c3_1(X73)|(ndr1_1(X73)&c9_2(X73,a211)&~c4_2(X73,a211)&~c2_2(X73,a211))))|(ndr1_0&ndr1_1(a212)&c5_2(a212,a213)&~c8_2(a212,a213)&c4_2(a212,a213)&![X74]:(ndr1_1(a212)=>(c7_2(a212,X74)|c9_2(a212,X74)|~c5_2(a212,X74)))&![X75]:(ndr1_1(a212)=>(~c8_2(a212,X75)|~c5_2(a212,X75)|~c4_2(a212,X75))))|![X76]:(ndr1_0=>((ndr1_1(X76)&~c4_2(X76,a214)&~c6_2(X76,a214)&c8_2(X76,a214))|~c5_1(X76))))&((ndr1_0&~c1_1(a215)&![X77]:(ndr1_1(a215)=>(~c4_2(a215,X77)|~c5_2(a215,X77)))&c8_1(a215))|(ndr1_0&![X78]:(ndr1_1(a216)=>(c10_2(a216,X78)|c1_2(a216,X78)|c3_2(a216,X78)))&![X79]:(ndr1_1(a216)=>(~c6_2(a216,X79)|c5_2(a216,X79)|c8_2(a216,X79)))&ndr1_1(a216)&~c6_2(a216,a217)&c10_2(a216,a217)&~c8_2(a216,a217))|~c10_0)&(c5_0|~c6_0)&(![X80]:(ndr1_0=>(c4_1(X80)|~c7_1(X80)))|c2_0|c1_0)&(![X81]:(ndr1_0=>(![X82]:(ndr1_1(X81)=>(~c9_2(X81,X82)|~c7_2(X81,X82)))|c10_1(X81)|(ndr1_1(X81)&~c5_2(X81,a218)&c1_2(X81,a218)&c7_2(X81,a218))))|(ndr1_0&~c7_1(a219)&~c5_1(a219))|~c3_0)&(c2_0|~c1_0|~c3_0)&(~c9_0|c5_0|![X83]:(ndr1_0=>(![X84]:(ndr1_1(X83)=>(c7_2(X83,X84)|~c3_2(X83,X84)))|c6_1(X83)|~c1_1(X83))))&(~c4_0|![X85]:(ndr1_0=>(~c9_1(X85)|c10_1(X85)|(ndr1_1(X85)&~c2_2(X85,a220)&~c4_2(X85,a220)&~c9_2(X85,a220))))|~c3_0)&(![X86]:(ndr1_0=>(~c7_1(X86)|(ndr1_1(X86)&c1_2(X86,a221)&c5_2(X86,a221)&~c8_2(X86,a221))))|![X87]:(ndr1_0=>(c3_1(X87)|c5_1(X87)|![X88]:(ndr1_1(X87)=>(c8_2(X87,X88)|~c4_2(X87,X88)|~c7_2(X87,X88)))))|~c8_0)&((ndr1_0&c1_1(a222)&c4_1(a222))|~c7_0|![X89]:(ndr1_0=>((ndr1_1(X89)&c10_2(X89,a223)&c9_2(X89,a223)&~c6_2(X89,a223))|![X90]:(ndr1_1(X89)=>(c1_2(X89,X90)|~c7_2(X89,X90)|c9_2(X89,X90)))|c10_1(X89))))&(c10_0|(ndr1_0&~c1_1(a224)&![X91]:(ndr1_1(a224)=>(c4_2(a224,X91)|~c9_2(a224,X91)|c8_2(a224,X91)))&ndr1_1(a224)&c3_2(a224,a225)&~c4_2(a224,a225)&c9_2(a224,a225))|![X92]:(ndr1_0=>(c8_1(X92)|(ndr1_1(X92)&c3_2(X92,a226)&~c4_2(X92,a226)&~c8_2(X92,a226))|(ndr1_1(X92)&c10_2(X92,a227)&~c1_2(X92,a227)&~c7_2(X92,a227)))))&(c4_0|~c8_0|~c3_0)&(![X93]:(ndr1_0=>(![X94]:(ndr1_1(X93)=>(~c8_2(X93,X94)|~c10_2(X93,X94)))|(ndr1_1(X93)&~c10_2(X93,a228)&~c1_2(X93,a228))|c8_1(X93)))|![X95]:(ndr1_0=>((ndr1_1(X95)&c2_2(X95,a229)&~c7_2(X95,a229))|c2_1(X95)|c9_1(X95))))&(![X96]:(ndr1_0=>((ndr1_1(X96)&c7_2(X96,a230)&c6_2(X96,a230)&~c3_2(X96,a230))|c10_1(X96)|(ndr1_1(X96)&~c8_2(X96,a231)&~c1_2(X96,a231)&c2_2(X96,a231))))|(ndr1_0&ndr1_1(a232)&~c7_2(a232,a233)&c8_2(a232,a233)&![X97]:(ndr1_1(a232)=>(~c3_2(a232,X97)|~c6_2(a232,X97)|~c9_2(a232,X97)))&c6_1(a232))|~c10_0)&(~c8_0|(ndr1_0&c9_1(a234)&~c1_1(a234))|c4_0)&(![X98]:(ndr1_0=>(~c7_1(X98)|~c5_1(X98)|![X99]:(ndr1_1(X98)=>(~c4_2(X98,X99)|~c5_2(X98,X99)|~c10_2(X98,X99)))))|(ndr1_0&c8_1(a235)&~c5_1(a235))|c4_0)&(c8_0|c7_0)&(![X100]:(ndr1_0=>(~c5_1(X100)|c10_1(X100)|![X101]:(ndr1_1(X100)=>(c7_2(X100,X101)|~c3_2(X100,X101)|c6_2(X100,X101)))))|![X102]:(ndr1_0=>(~c10_1(X102)|![X103]:(ndr1_1(X102)=>(~c6_2(X102,X103)|~c3_2(X102,X103)|c9_2(X102,X103)))|c5_1(X102)))|~c8_0)&(~c5_0|~c2_0|![X104]:(ndr1_0=>(![X105]:(ndr1_1(X104)=>(c10_2(X104,X105)|c1_2(X104,X105)))|![X106]:(ndr1_1(X104)=>(~c10_2(X104,X106)|c6_2(X104,X106))))))&(![X107]:(ndr1_0=>(~c7_1(X107)|(ndr1_1(X107)&~c8_2(X107,a236)&~c6_2(X107,a236)&~c10_2(X107,a236))|![X108]:(ndr1_1(X107)=>(~c10_2(X107,X108)|~c2_2(X107,X108)|c8_2(X107,X108)))))|(ndr1_0&![X109]:(ndr1_1(a237)=>(~c5_2(a237,X109)|~c6_2(a237,X109)|~c4_2(a237,X109)))&ndr1_1(a237)&~c7_2(a237,a238)&c2_2(a237,a238)&c4_2(a237,a238)&![X110]:(ndr1_1(a237)=>(~c2_2(a237,X110)|c3_2(a237,X110)|c1_2(a237,X110))))|~c9_0)&(c9_0|(ndr1_0&c2_1(a239)&![X111]:(ndr1_1(a239)=>(~c2_2(a239,X111)|~c10_2(a239,X111)|c3_2(a239,X111)))&~c10_1(a239))|(ndr1_0&ndr1_1(a240)&~c4_2(a240,a241)&c3_2(a240,a241)&c9_2(a240,a241)&ndr1_1(a240)&~c7_2(a240,a242)&c8_2(a240,a242)&![X112]:(ndr1_1(a240)=>(~c5_2(a240,X112)|~c9_2(a240,X112)|~c1_2(a240,X112)))))&(c7_0|![X113]:(ndr1_0=>![X114]:(ndr1_1(X113)=>(c7_2(X113,X114)|c8_2(X113,X114)|c1_2(X113,X114))))|c1_0)&(![X115]:(ndr1_0=>(c3_1(X115)|(ndr1_1(X115)&~c5_2(X115,a243)&~c3_2(X115,a243)&c8_2(X115,a243))|~c1_1(X115)))|![X116]:(ndr1_0=>((ndr1_1(X116)&~c3_2(X116,a244)&~c8_2(X116,a244)&c5_2(X116,a244))|![X117]:(ndr1_1(X116)=>(c4_2(X116,X117)|~c8_2(X116,X117)|c7_2(X116,X117)))|![X118]:(ndr1_1(X116)=>(c4_2(X116,X118)|c7_2(X116,X118)|~c9_2(X116,X118))))))&(~c9_0|c7_0|(ndr1_0&c9_1(a245)&c5_1(a245)&![X119]:(ndr1_1(a245)=>(~c10_2(a245,X119)|~c7_2(a245,X119)|c9_2(a245,X119)))))&(c10_0|~c4_0|(ndr1_0&![X120]:(ndr1_1(a246)=>(~c5_2(a246,X120)|~c9_2(a246,X120)|c10_2(a246,X120)))&![X121]:(ndr1_1(a246)=>(c7_2(a246,X121)|c6_2(a246,X121)|c5_2(a246,X121)))&~c1_1(a246)))&(c4_0|c1_0|~c8_0)&(~c9_0|(ndr1_0&ndr1_1(a247)&c5_2(a247,a248)&~c6_2(a247,a248)&c3_2(a247,a248)&ndr1_1(a247)&~c6_2(a247,a249)&~c10_2(a247,a249)&~c4_2(a247,a249)&~c8_1(a247))|c7_0)&(![X122]:(ndr1_0=>(![X123]:(ndr1_1(X122)=>(c10_2(X122,X123)|~c5_2(X122,X123)|~c3_2(X122,X123)))|~c9_1(X122)|(ndr1_1(X122)&c6_2(X122,a250)&c2_2(X122,a250))))|![X124]:(ndr1_0=>(~c10_1(X124)|~c9_1(X124)|c1_1(X124))))&((ndr1_0&ndr1_1(a251)&c10_2(a251,a252)&c1_2(a251,a252)&~c5_2(a251,a252)&c2_1(a251)&~c9_1(a251))|~c7_0|c6_0)&(c10_0|![X125]:(ndr1_0=>(c6_1(X125)|![X126]:(ndr1_1(X125)=>(c9_2(X125,X126)|~c1_2(X125,X126)))|![X127]:(ndr1_1(X125)=>(c6_2(X125,X127)|c3_2(X125,X127)|~c8_2(X125,X127)))))|(ndr1_0&~c5_1(a253)&c9_1(a253)&c1_1(a253)))&(c6_0|~c10_0|~c4_0)&(~c6_0|c2_0)&(![X128]:(ndr1_0=>((ndr1_1(X128)&c10_2(X128,a254)&~c8_2(X128,a254)&c6_2(X128,a254))|(ndr1_1(X128)&~c6_2(X128,a255)&c9_2(X128,a255)&~c4_2(X128,a255))|c8_1(X128)))|![X129]:(ndr1_0=>(c7_1(X129)|c9_1(X129)|~c2_1(X129)))|![X130]:(ndr1_0=>(c6_1(X130)|~c9_1(X130)|![X131]:(ndr1_1(X130)=>(c8_2(X130,X131)|c6_2(X130,X131)|~c1_2(X130,X131))))))&(~c3_0|![X132]:(ndr1_0=>((ndr1_1(X132)&~c8_2(X132,a256)&~c9_2(X132,a256))|c5_1(X132)|c8_1(X132)))|c8_0)&(c10_0|(ndr1_0&~c7_1(a257)&~c2_1(a257)&c5_1(a257))|c9_0)&(~c5_0|~c4_0|c8_0)&(![X133]:(ndr1_0=>(~c10_1(X133)|![X134]:(ndr1_1(X133)=>(c3_2(X133,X134)|c7_2(X133,X134)|c10_2(X133,X134)))|c3_1(X133)))|c9_0|~c6_0)&((ndr1_0&~c8_1(a258)&ndr1_1(a258)&~c10_2(a258,a259)&~c6_2(a258,a259)&~c2_2(a258,a259)&c5_1(a258))|![X135]:(ndr1_0=>((ndr1_1(X135)&c6_2(X135,a260)&~c10_2(X135,a260)&~c2_2(X135,a260))|~c2_1(X135)))|c9_0)&((ndr1_0&![X136]:(ndr1_1(a261)=>(c1_2(a261,X136)|c8_2(a261,X136)|~c7_2(a261,X136)))&~c9_1(a261)&![X137]:(ndr1_1(a261)=>(~c7_2(a261,X137)|c2_2(a261,X137)|~c1_2(a261,X137))))|(ndr1_0&c5_1(a262)&ndr1_1(a262)&c8_2(a262,a263)&c9_2(a262,a263)&c10_2(a262,a263)&ndr1_1(a262)&~c6_2(a262,a264)&~c10_2(a262,a264)&~c4_2(a262,a264))|c2_0)&(~c7_0|![X138]:(ndr1_0=>(~c5_1(X138)|c2_1(X138)|~c6_1(X138)))|c8_0)&(c2_0|c1_0|(ndr1_0&c1_1(a265)&c2_1(a265)&~c7_1(a265)))&(c1_0|(ndr1_0&~c7_1(a266)&ndr1_1(a266)&~c9_2(a266,a267)&c7_2(a266,a267)&~c5_2(a266,a267)&ndr1_1(a266)&c10_2(a266,a268)&~c2_2(a266,a268)&c6_2(a266,a268))|~c5_0)))			
../../TPTP-v7.3.0/Problems/SYN/SYN528-1.p		Satisfiable	UNKNOWN		UNKNOWN		cnf					
../../TPTP-v7.3.0/Problems/SYN/SYN346-1.p		Unsatisfiable	UNKNOWN		UNKNOWN		cnf					
../../TPTP-v7.3.0/Problems/SYN/SYN678-1.p		Unsatisfiable	UNKNOWN		UNKNOWN		cnf					
../../TPTP-v7.3.0/Problems/SYN/SYN939+1.p		Theorem	UNKNOWN		UNKNOWN		fof		(![C,B]:(![Z]:q(f(Z))=>?[X,Y]:((p(f(Y))=>p(X))&(r(Y)=>(r(B)&r(C)))&q(X))))			
../../TPTP-v7.3.0/Problems/SYN/SYN877-1.p		Unsatisfiable	UNKNOWN		UNKNOWN		cnf					
../../TPTP-v7.3.0/Problems/SYN/SYN782-1.p		Satisfiable	UNKNOWN		UNKNOWN		cnf					
../../TPTP-v7.3.0/Problems/SYN/SYN305-1.p		Satisfiable	UNKNOWN		UNKNOWN		cnf					
../../TPTP-v7.3.0/Problems/SYN/SYN976+1.p		Theorem	UNKNOWN		UNKNOWN		fof		(![A]:(((f|g)&![X]:(p(X)&q(X)))=>q(A)))			
../../TPTP-v7.3.0/Problems/SYN/SYN371+1.p		Theorem	UNKNOWN		UNKNOWN		fof		((?[X]:big_r(X,X)=>![Y]:big_r(Y,Y))=>?[U]:![V]:(big_r(U,U)=>big_r(V,V)))			
../../TPTP-v7.3.0/Problems/SYN/SYN532+1.p		CounterSatisfiable	UNKNOWN		UNKNOWN		fof		(~((~c3_0|c5_0|(ndr1_0&![U]:(ndr1_1(a411)=>(c1_2(a411,U)|c3_2(a411,U)|c5_2(a411,U)))&c2_1(a411)&c1_1(a411)))&(![V]:(ndr1_0=>(c5_1(V)|~c3_1(V)))|~c3_0|~c4_0)&(![W]:(ndr1_0=>~c2_1(W))|(ndr1_0&~c4_1(a412)&![X]:(ndr1_1(a412)=>(~c2_2(a412,X)|c3_2(a412,X)))&~c2_1(a412))|(ndr1_0&~c2_1(a413)&ndr1_1(a413)&~c3_2(a413,a414)&~c5_2(a413,a414)&c1_2(a413,a414)&![Y]:(ndr1_1(a413)=>(c5_2(a413,Y)|~c1_2(a413,Y)))))&(~c4_0|~c5_0|(ndr1_0&c2_1(a415)&~c4_1(a415)&c5_1(a415)))&((ndr1_0&![Z]:(ndr1_1(a416)=>(~c5_2(a416,Z)|~c2_2(a416,Z)))&c2_1(a416)&![X1]:(ndr1_1(a416)=>c5_2(a416,X1)))|![X2]:(ndr1_0=>((ndr1_1(X2)&~c4_2(X2,a417)&c2_2(X2,a417))|~c2_1(X2)))|(ndr1_0&c2_1(a418)&ndr1_1(a418)&c4_2(a418,a419)&~c5_2(a418,a419)&~c3_2(a418,a419)))&((ndr1_0&ndr1_1(a420)&~c4_2(a420,a421)&c1_2(a420,a421)&c4_1(a420)&c5_1(a420))|c4_0)&(![X3]:(ndr1_0=>(![X4]:(ndr1_1(X3)=>(~c4_2(X3,X4)|~c2_2(X3,X4)|c5_2(X3,X4)))|![X5]:(ndr1_1(X3)=>(~c2_2(X3,X5)|~c3_2(X3,X5)|c1_2(X3,X5)))))|c4_0|~c3_0)&(~c1_0|~c3_0|~c5_0)&(c1_0|~c4_0|c5_0)&(c5_0|~c3_0|c2_0)&(c1_0|(ndr1_0&~c2_1(a422)&ndr1_1(a422)&c1_2(a422,a423)&c5_2(a422,a423)&~c2_2(a422,a423)&~c4_1(a422))|~c3_0)&(c5_0|![X6]:(ndr1_0=>(c2_1(X6)|c3_1(X6)|(ndr1_1(X6)&c2_2(X6,a424)&~c3_2(X6,a424)&~c5_2(X6,a424))))|![X7]:(ndr1_0=>(c5_1(X7)|c2_1(X7)|~c4_1(X7))))&(c4_0|~c3_0|c1_0)&((ndr1_0&ndr1_1(a425)&~c2_2(a425,a426)&c4_2(a425,a426)&~c5_2(a425,a426)&~c3_1(a425)&ndr1_1(a425)&~c5_2(a425,a427)&~c3_2(a425,a427)&c2_2(a425,a427))|![X8]:(ndr1_0=>((ndr1_1(X8)&~c4_2(X8,a428)&~c3_2(X8,a428))|(ndr1_1(X8)&c1_2(X8,a429)&~c4_2(X8,a429)&~c5_2(X8,a429))|(ndr1_1(X8)&c1_2(X8,a430)&~c4_2(X8,a430)&c5_2(X8,a430))))|(ndr1_0&c3_1(a431)&~c1_1(a431)))&(c1_0|(ndr1_0&![X9]:(ndr1_1(a432)=>(~c2_2(a432,X9)|c5_2(a432,X9)|c4_2(a432,X9)))&~c1_1(a432)&ndr1_1(a432)&~c3_2(a432,a433)&~c2_2(a432,a433))|c5_0)&(~c3_0|c1_0)&((ndr1_0&![X10]:(ndr1_1(a434)=>(~c4_2(a434,X10)|c2_2(a434,X10)|~c3_2(a434,X10)))&ndr1_1(a434)&c5_2(a434,a435)&c4_2(a434,a435)&c3_2(a434,a435)&ndr1_1(a434)&~c5_2(a434,a436)&c3_2(a434,a436))|(ndr1_0&c4_1(a437))|(ndr1_0&~c5_1(a438)&c1_1(a438)&c2_1(a438)))&((ndr1_0&c5_1(a439)&![X11]:(ndr1_1(a439)=>(c5_2(a439,X11)|c3_2(a439,X11))))|c3_0)&(c5_0|c1_0|(ndr1_0&![X12]:(ndr1_1(a440)=>(c2_2(a440,X12)|~c3_2(a440,X12)|c4_2(a440,X12)))&~c5_1(a440)&c4_1(a440)))&((ndr1_0&ndr1_1(a441)&c3_2(a441,a442)&~c1_2(a441,a442)&![X13]:(ndr1_1(a441)=>(c5_2(a441,X13)|~c4_2(a441,X13)))&c2_1(a441))|![X14]:(ndr1_0=>(c5_1(X14)|c2_1(X14)|~c1_1(X14)))|c4_0)))			
../../TPTP-v7.3.0/Problems/SYN/SYN870-1.p		Satisfiable	UNKNOWN		UNKNOWN		cnf					
../../TPTP-v7.3.0/Problems/SYN/SYN830-1.p		Satisfiable	UNKNOWN		UNKNOWN		cnf					
../../TPTP-v7.3.0/Problems/SYN/SYN909-1.p		Satisfiable	UNKNOWN		UNKNOWN		cnf					
../../TPTP-v7.3.0/Problems/SYN/SYN239-1.p		Unsatisfiable	UNKNOWN		UNKNOWN		cnf					
../../TPTP-v7.3.0/Problems/SYN/SYN064+1.p		Theorem	UNKNOWN		UNKNOWN		fof		(?[X,Y]:(big_p(X,Y)=>![Z,W]:big_p(Z,W)))			
../../TPTP-v7.3.0/Problems/SYN/SYN301-1.p		Unsatisfiable	UNKNOWN		UNKNOWN		cnf					
../../TPTP-v7.3.0/Problems/SYN/SYN688-1.p		Unsatisfiable	UNKNOWN		UNKNOWN		cnf					
../../TPTP-v7.3.0/Problems/SYN/SYN490+1.p		CounterSatisfiable	UNKNOWN		UNKNOWN		fof		(~((~hskp0|(ndr1_0&~c3_1(a2)&c0_1(a2)&~c1_1(a2)))&(~hskp1|(ndr1_0&~c3_1(a4)&c1_1(a4)&~c2_1(a4)))&(~hskp2|(ndr1_0&c1_1(a5)&c0_1(a5)&~c2_1(a5)))&(~hskp3|(ndr1_0&c1_1(a8)&c3_1(a8)&~c0_1(a8)))&(~hskp4|(ndr1_0&c1_1(a11)&c2_1(a11)&~c0_1(a11)))&(~hskp5|(ndr1_0&~c1_1(a12)&~c0_1(a12)&~c2_1(a12)))&(~hskp6|(ndr1_0&~c0_1(a14)&c1_1(a14)&~c2_1(a14)))&(~hskp7|(ndr1_0&c3_1(a1)&c0_1(a1)&c1_1(a1)))&(~hskp8|(ndr1_0&~c3_1(a3)&~c1_1(a3)&c2_1(a3)))&(~hskp9|(ndr1_0&c1_1(a6)&c3_1(a6)&c2_1(a6)))&(~hskp10|(ndr1_0&~c2_1(a7)&~c1_1(a7)&c3_1(a7)))&(~hskp11|(ndr1_0&c1_1(a9)&c2_1(a9)&c3_1(a9)))&(~hskp12|(ndr1_0&~c1_1(a10)&~c2_1(a10)&c3_1(a10)))&(~hskp13|(ndr1_0&c3_1(a15)&c1_1(a15)&c2_1(a15)))&(hskp7|hskp0|hskp8)&(![U]:(ndr1_0=>(~c1_1(U)|c0_1(U)|~c2_1(U)))|hskp1|![V]:(ndr1_0=>(~c2_1(V)|c1_1(V)|c3_1(V))))&(![W]:(ndr1_0=>(~c3_1(W)|~c2_1(W)|c1_1(W)))|hskp2|hskp9)&(hskp10|hskp3|hskp11)&(![X]:(ndr1_0=>(~c3_1(X)|~c1_1(X)|~c2_1(X)))|hskp12|![Y]:(ndr1_0=>(c2_1(Y)|~c3_1(Y)|c0_1(Y))))&(hskp4|![Z]:(ndr1_0=>(~c0_1(Z)|~c1_1(Z)|c2_1(Z)))|![X1]:(ndr1_0=>(~c0_1(X1)|c1_1(X1)|~c3_1(X1))))&(hskp5|![X2]:(ndr1_0=>(c2_1(X2)|c0_1(X2)|c1_1(X2)))|hskp3)&(![X3]:(ndr1_0=>(c0_1(X3)|c2_1(X3)|c3_1(X3)))|hskp6|hskp13)))			
../../TPTP-v7.3.0/Problems/SYN/SYN632-1.p		Unsatisfiable	UNKNOWN		UNKNOWN		cnf					
../../TPTP-v7.3.0/Problems/SYN/SYN629-1.p		Unsatisfiable	UNKNOWN		UNKNOWN		cnf					
../../TPTP-v7.3.0/Problems/SYN/SYN337+1.p		CounterSatisfiable	UNKNOWN		UNKNOWN		fof		(![X1,X2]:?[Y]:![Z]:(big_f(X1,Y)=>(big_f(Z,X1)=>(big_f(Z,Y)=>(big_f(X2,Y)|big_f(X2,Z))))))			
../../TPTP-v7.3.0/Problems/SYN/SYN861-1.p		Unsatisfiable	UNKNOWN		UNKNOWN		cnf					
../../TPTP-v7.3.0/Problems/SYN/SYN913-1.p		Satisfiable	UNKNOWN		UNKNOWN		cnf					
../../TPTP-v7.3.0/Problems/SYN/SYN318-1.p		Unsatisfiable	UNKNOWN		UNKNOWN		cnf					
../../TPTP-v7.3.0/Problems/SYN/SYN223-1.p		Unsatisfiable	UNKNOWN		UNKNOWN		cnf					
../../TPTP-v7.3.0/Problems/SYN/SYN434-1.p		Satisfiable	UNKNOWN		UNKNOWN		cnf					
../../TPTP-v7.3.0/Problems/SYN/SYN364+1.p		Theorem	UNKNOWN		UNKNOWN		fof		((![X]:(?[Y]:big_p(X,Y)=>![Z]:big_p(Z,Z))&![U]:?[V]:(big_p(U,V)|(big_m(U)&big_q(f(U,V))))&![W]:(big_q(W)=>~big_m(g(W))))=>![U]:?[V]:(big_p(g(U),V)&big_p(U,U)))			
../../TPTP-v7.3.0/Problems/SYN/SYN595-1.p		Unsatisfiable	UNKNOWN		UNKNOWN		cnf					
../../TPTP-v7.3.0/Problems/SYN/SYN047+1.p		Theorem	UNKNOWN		UNKNOWN		fof		(((p&(q=>r))=>s)<=>((~p|q|s)&(~p|~r|s)))			
../../TPTP-v7.3.0/Problems/SYN/SYN647-1.p		Unsatisfiable	UNKNOWN		UNKNOWN		cnf					
../../TPTP-v7.3.0/Problems/SYN/SYN160-1.p		Unsatisfiable	UNKNOWN		UNKNOWN		cnf					
../../TPTP-v7.3.0/Problems/SYN/SYN070+1.p		Theorem	UNKNOWN		UNKNOWN		fof	(![X,Y]:((big_f(X)&((big_f(Y)&big_h(Y,X))=>big_g(Y)))=>big_g(X))),(?[X]:(big_f(X)&~big_g(X))=>?[X1]:(big_f(X1)&~big_g(X1)&![Y]:((big_f(Y)&~big_g(Y))=>big_j(X1,Y)))),(![X,Y]:((big_f(X)&big_f(Y)&big_h(X,Y))=>~big_j(Y,X))),(![X,Y]:((big_f(X)&((big_f(Y)&big_h(Y,X))=>big_g(Y)))=>big_g(X))),(?[X]:(big_f(X)&~big_g(X))=>?[X1]:(big_f(X1)&~big_g(X1)&![Y]:((big_f(Y)&~big_g(Y))=>big_j(X1,Y)))),(![X,Y]:((big_f(X)&big_f(Y)&big_h(X,Y))=>~big_j(Y,X)))	(![X]:(big_f(X)=>big_g(X)))			
../../TPTP-v7.3.0/Problems/SYN/SYN691-1.p		Unsatisfiable	UNKNOWN		UNKNOWN		cnf					
../../TPTP-v7.3.0/Problems/SYN/SYN943+1.p		Theorem	UNKNOWN		UNKNOWN		fof		(![A]:?[X,X2,X3,X4,Y]:((p(A)&e(A)&(e(X)=>(g(X)|s(X,f(X))))&(e(X2)=>(g(X2)|c(f(X2))))&(s(A,Y)=>p(Y)))=>((p(X3)&g(X3))|(p(X4)&c(X4)))))			
../../TPTP-v7.3.0/Problems/SYN/SYN166-1.p		Unsatisfiable	UNKNOWN		UNKNOWN		cnf					
../../TPTP-v7.3.0/Problems/SYN/SYN355+1.p		Theorem	UNKNOWN		UNKNOWN		fof		((![X]:(big_r(X)=>big_p(X))&![X]:(~big_q(X)=>big_r(X)))=>![X]:(big_p(X)|big_q(X)))			
../../TPTP-v7.3.0/Problems/SYN/SYN515+1.p		CounterSatisfiable	UNKNOWN		UNKNOWN		fof		(~((![U]:(ndr1_0=>((ndr1_1(U)&~c3_2(U,a1)&c5_2(U,a1)&~c1_2(U,a1))|(ndr1_1(U)&c3_2(U,a2)&~c5_2(U,a2))|~c1_1(U)))|~c3_0|c5_0)&((ndr1_0&![V]:(ndr1_1(a3)=>(~c5_2(a3,V)|~c1_2(a3,V)|c3_2(a3,V)))&~c5_1(a3)&~c3_1(a3))|c1_0|![W]:(ndr1_0=>(~c3_1(W)|~c5_1(W)|![X]:(ndr1_1(W)=>(~c5_2(W,X)|~c3_2(W,X)|~c4_2(W,X))))))&(c4_0|(ndr1_0&![Y]:(ndr1_1(a4)=>(~c4_2(a4,Y)|~c5_2(a4,Y)|c3_2(a4,Y)))&![Z]:(ndr1_1(a4)=>(c3_2(a4,Z)|~c2_2(a4,Z)))&![X1]:(ndr1_1(a4)=>(c4_2(a4,X1)|~c3_2(a4,X1)|~c5_2(a4,X1))))|![X2]:(ndr1_0=>(~c3_1(X2)|(ndr1_1(X2)&~c5_2(X2,a5)&c4_2(X2,a5)&~c1_2(X2,a5))|(ndr1_1(X2)&c3_2(X2,a6)&c2_2(X2,a6)&~c5_2(X2,a6)))))&(~c4_0|~c1_0|c5_0)&(~c1_0|(ndr1_0&~c1_1(a7)&~c3_1(a7)&c4_1(a7))|c2_0)&((ndr1_0&~c3_1(a8)&c1_1(a8)&ndr1_1(a8)&~c2_2(a8,a9)&c3_2(a8,a9)&c1_2(a8,a9))|(ndr1_0&c5_1(a10)&ndr1_1(a10)&c5_2(a10,a11)&c2_2(a10,a11)&~c1_2(a10,a11)&c1_1(a10))|~c4_0)&(c4_0|(ndr1_0&c4_1(a12)&c3_1(a12)&~c5_1(a12))|(ndr1_0&~c4_1(a13)&![X3]:(ndr1_1(a13)=>(c1_2(a13,X3)|c3_2(a13,X3)|~c5_2(a13,X3)))&![X4]:(ndr1_1(a13)=>(c4_2(a13,X4)|c3_2(a13,X4)))))&(![X5]:(ndr1_0=>(c2_1(X5)|c5_1(X5)))|(ndr1_0&![X6]:(ndr1_1(a14)=>(c5_2(a14,X6)|~c3_2(a14,X6)))&c5_1(a14)&ndr1_1(a14)&~c3_2(a14,a15)&c1_2(a14,a15)&~c2_2(a14,a15))|(ndr1_0&![X7]:(ndr1_1(a16)=>(~c4_2(a16,X7)|~c1_2(a16,X7)|~c3_2(a16,X7)))&~c3_1(a16)&~c5_1(a16)))&(![X8]:(ndr1_0=>(~c5_1(X8)|~c2_1(X8)|(ndr1_1(X8)&c5_2(X8,a17)&c1_2(X8,a17)&~c4_2(X8,a17))))|~c5_0|![X9]:(ndr1_0=>((ndr1_1(X9)&c2_2(X9,a18)&c3_2(X9,a18))|c1_1(X9)|![X10]:(ndr1_1(X9)=>(~c4_2(X9,X10)|c3_2(X9,X10)|c1_2(X9,X10))))))&(~c4_0|![X11]:(ndr1_0=>(~c4_1(X11)|~c3_1(X11)|~c2_1(X11)))|(ndr1_0&~c2_1(a19)&ndr1_1(a19)&c3_2(a19,a20)&~c4_2(a19,a20)&![X12]:(ndr1_1(a19)=>(~c3_2(a19,X12)|~c4_2(a19,X12)))))&(~c3_0|![X13]:(ndr1_0=>(~c5_1(X13)|(ndr1_1(X13)&~c1_2(X13,a21)&~c4_2(X13,a21)&c5_2(X13,a21))|![X14]:(ndr1_1(X13)=>(~c2_2(X13,X14)|~c4_2(X13,X14)|~c1_2(X13,X14)))))|c4_0)&(![X15]:(ndr1_0=>((ndr1_1(X15)&c4_2(X15,a22)&c5_2(X15,a22)&c2_2(X15,a22))|(ndr1_1(X15)&c2_2(X15,a23)&c4_2(X15,a23)&~c5_2(X15,a23))|![X16]:(ndr1_1(X15)=>(c5_2(X15,X16)|c4_2(X15,X16)))))|(ndr1_0&![X17]:(ndr1_1(a24)=>(~c1_2(a24,X17)|~c2_2(a24,X17)|c4_2(a24,X17)))&ndr1_1(a24)&c1_2(a24,a25)&c3_2(a24,a25)&![X18]:(ndr1_1(a24)=>(~c4_2(a24,X18)|c1_2(a24,X18)|~c3_2(a24,X18))))|(ndr1_0&~c5_1(a26)&![X19]:(ndr1_1(a26)=>(c2_2(a26,X19)|c4_2(a26,X19)|~c1_2(a26,X19)))))))			
../../TPTP-v7.3.0/Problems/SYN/SYN490-1.p		Satisfiable	UNKNOWN		UNKNOWN		cnf					
../../TPTP-v7.3.0/Problems/SYN/SYN600-1.p		Unsatisfiable	UNKNOWN		UNKNOWN		cnf					
../../TPTP-v7.3.0/Problems/SYN/SYN711-1.p		Unsatisfiable	UNKNOWN		UNKNOWN		cnf					
../../TPTP-v7.3.0/Problems/SYN/SYN897-1.p		Unsatisfiable	UNKNOWN		UNKNOWN		cnf					
../../TPTP-v7.3.0/Problems/SYN/SYN108-1.p		Unsatisfiable	UNKNOWN		UNKNOWN		cnf					
../../TPTP-v7.3.0/Problems/SYN/SYN420-1.p		Satisfiable	UNKNOWN		UNKNOWN		cnf					
../../TPTP-v7.3.0/Problems/SYN/SYN340-1.p		Unsatisfiable	UNKNOWN		UNKNOWN		cnf					
../../TPTP-v7.3.0/Problems/SYN/SYN618-1.p		Unsatisfiable	UNKNOWN		UNKNOWN		cnf					
../../TPTP-v7.3.0/Problems/SYN/SYN491-1.p		Satisfiable	UNKNOWN		UNKNOWN		cnf					
../../TPTP-v7.3.0/Problems/SYN/SYN105-1.p		Unsatisfiable	UNKNOWN		UNKNOWN		cnf					
../../TPTP-v7.3.0/Problems/SYN/SYN189-1.p		Unsatisfiable	UNKNOWN		UNKNOWN		cnf					
../../TPTP-v7.3.0/Problems/SYN/SYN423-1.p		Satisfiable	UNKNOWN		UNKNOWN		cnf					
../../TPTP-v7.3.0/Problems/SYN/SYN606-1.p		Unsatisfiable	UNKNOWN		UNKNOWN		cnf					
../../TPTP-v7.3.0/Problems/SYN/SYN835-1.p		Satisfiable	UNKNOWN		UNKNOWN		cnf					
../../TPTP-v7.3.0/Problems/SYN/SYN356+1.p		Theorem	UNKNOWN		UNKNOWN		fof		((big_r(a,b)&![X,Y]:(big_r(X,Y)=>(big_r(Y,X)&big_q(X,Y)))&![U,V]:(big_q(U,V)=>big_q(U,U)))=>(big_q(a,a)&big_q(b,b)))			
../../TPTP-v7.3.0/Problems/SYN/SYN569-1.p		Unsatisfiable	UNKNOWN		UNKNOWN		cnf					
../../TPTP-v7.3.0/Problems/SYN/SYN842-1.p		Satisfiable	UNKNOWN		UNKNOWN		cnf					
../../TPTP-v7.3.0/Problems/SYN/SYN774-1.p		Satisfiable	UNKNOWN		UNKNOWN		cnf					
../../TPTP-v7.3.0/Problems/SYN/SYN247-1.p		Unsatisfiable	UNKNOWN		UNKNOWN		cnf					
../../TPTP-v7.3.0/Problems/SYN/SYN328-1.p		Unsatisfiable	UNKNOWN		UNKNOWN		cnf					
../../TPTP-v7.3.0/Problems/SYN/SYN698-1.p		Unsatisfiable	UNKNOWN		UNKNOWN		cnf					
../../TPTP-v7.3.0/Problems/SYN/SYN656-1.p		Unsatisfiable	UNKNOWN		UNKNOWN		cnf					
../../TPTP-v7.3.0/Problems/SYN/SYN662-1.p		Unsatisfiable	UNKNOWN		UNKNOWN		cnf					
../../TPTP-v7.3.0/Problems/SYN/SYN297-1.p		Unsatisfiable	UNKNOWN		UNKNOWN		cnf					
../../TPTP-v7.3.0/Problems/SYN/SYN801-1.p		Satisfiable	UNKNOWN		UNKNOWN		cnf					
../../TPTP-v7.3.0/Problems/SYN/SYN330-1.p		Satisfiable	UNKNOWN		UNKNOWN		cnf					
../../TPTP-v7.3.0/Problems/SYN/SYN538-1.p		Satisfiable	UNKNOWN		UNKNOWN		cnf					
../../TPTP-v7.3.0/Problems/SYN/SYN865-1.p		Unsatisfiable	UNKNOWN		UNKNOWN		cnf					
../../TPTP-v7.3.0/Problems/SYN/SYN308-1.p		Satisfiable	UNKNOWN		UNKNOWN		cnf					
../../TPTP-v7.3.0/Problems/SYN/SYN798-1.p		Satisfiable	UNKNOWN		UNKNOWN		cnf					
../../TPTP-v7.3.0/Problems/SYN/SYN311-1.p		Unsatisfiable	UNKNOWN		UNKNOWN		cnf					
../../TPTP-v7.3.0/Problems/SYN/SYN050-1.p		Unsatisfiable	UNKNOWN		UNKNOWN		cnf					
../../TPTP-v7.3.0/Problems/SYN/SYN260-1.p		Unsatisfiable	UNKNOWN		UNKNOWN		cnf					
../../TPTP-v7.3.0/Problems/SYN/SYN477+1.p		Theorem	UNKNOWN		UNKNOWN		fof		(~((~hskp0|(ndr1_0&c2_1(a1205)&~c0_1(a1205)&~c1_1(a1205)))&(~hskp1|(ndr1_0&c0_1(a1206)&c2_1(a1206)&~c3_1(a1206)))&(~hskp2|(ndr1_0&~c0_1(a1207)&~c1_1(a1207)&~c2_1(a1207)))&(~hskp3|(ndr1_0&c0_1(a1210)&c1_1(a1210)&~c3_1(a1210)))&(~hskp4|(ndr1_0&c1_1(a1211)&~c0_1(a1211)&~c2_1(a1211)))&(~hskp5|(ndr1_0&c2_1(a1212)&~c0_1(a1212)&~c3_1(a1212)))&(~hskp6|(ndr1_0&c1_1(a1215)&c2_1(a1215)&~c3_1(a1215)))&(~hskp7|(ndr1_0&~c1_1(a1216)&~c2_1(a1216)&~c3_1(a1216)))&(~hskp8|(ndr1_0&~c0_1(a1217)&~c1_1(a1217)&~c3_1(a1217)))&(~hskp9|(ndr1_0&c1_1(a1219)&c2_1(a1219)&~c0_1(a1219)))&(~hskp10|(ndr1_0&c2_1(a1223)&~c1_1(a1223)&~c3_1(a1223)))&(~hskp11|(ndr1_0&c1_1(a1224)&c3_1(a1224)&~c2_1(a1224)))&(~hskp12|(ndr1_0&c0_1(a1228)&c3_1(a1228)&~c2_1(a1228)))&(~hskp13|(ndr1_0&c0_1(a1229)&c2_1(a1229)&~c1_1(a1229)))&(~hskp14|(ndr1_0&c3_1(a1232)&~c0_1(a1232)&~c2_1(a1232)))&(~hskp15|(ndr1_0&c0_1(a1233)&c1_1(a1233)&~c2_1(a1233)))&(~hskp16|(ndr1_0&c0_1(a1236)&~c1_1(a1236)&~c3_1(a1236)))&(~hskp17|(ndr1_0&c0_1(a1237)&c3_1(a1237)&~c1_1(a1237)))&(~hskp18|(ndr1_0&c2_1(a1246)&c3_1(a1246)&~c1_1(a1246)))&(~hskp19|(ndr1_0&c1_1(a1247)&~c2_1(a1247)&~c3_1(a1247)))&(~hskp20|(ndr1_0&c2_1(a1250)&c3_1(a1250)&~c0_1(a1250)))&(~hskp21|(ndr1_0&c3_1(a1257)&~c0_1(a1257)&~c1_1(a1257)))&(~hskp22|(ndr1_0&c0_1(a1259)&~c2_1(a1259)&~c3_1(a1259)))&(~hskp23|(ndr1_0&~c0_1(a1261)&~c2_1(a1261)&~c3_1(a1261)))&(~hskp24|(ndr1_0&c0_1(a1267)&~c1_1(a1267)&~c2_1(a1267)))&(~hskp25|(ndr1_0&c0_1(a1204)&c2_1(a1204)&c3_1(a1204)))&(~hskp26|(ndr1_0&c0_1(a1208)&c1_1(a1208)&c2_1(a1208)))&(~hskp27|(ndr1_0&c1_1(a1213)&c2_1(a1213)&c3_1(a1213)))&(~hskp28|(ndr1_0&c0_1(a1214)&c1_1(a1214)&c3_1(a1214)))&(![U]:(ndr1_0=>(c0_1(U)|c1_1(U)|c2_1(U)))|![V]:(ndr1_0=>(c0_1(V)|c2_1(V)|~c3_1(V)))|![W]:(ndr1_0=>(c0_1(W)|c3_1(W)|~c1_1(W))))&(![X]:(ndr1_0=>(c0_1(X)|c1_1(X)|c2_1(X)))|![Y]:(ndr1_0=>(c0_1(Y)|c3_1(Y)|~c2_1(Y)))|![Z]:(ndr1_0=>(c1_1(Z)|c2_1(Z)|~c0_1(Z))))&(![X1]:(ndr1_0=>(c0_1(X1)|c1_1(X1)|c2_1(X1)))|![X2]:(ndr1_0=>(c0_1(X2)|~c1_1(X2)|~c2_1(X2)))|![X3]:(ndr1_0=>(c1_1(X3)|~c0_1(X3)|~c3_1(X3))))&(![X4]:(ndr1_0=>(c0_1(X4)|c1_1(X4)|c2_1(X4)))|hskp25|hskp0)&(![X5]:(ndr1_0=>(c0_1(X5)|c1_1(X5)|c2_1(X5)))|hskp1|hskp2)&(![X6]:(ndr1_0=>(c0_1(X6)|c1_1(X6)|c3_1(X6)))|![X7]:(ndr1_0=>(c1_1(X7)|c2_1(X7)|~c3_1(X7)))|hskp26)&(![X8]:(ndr1_0=>(c0_1(X8)|c1_1(X8)|~c2_1(X8)))|![X9]:(ndr1_0=>(c0_1(X9)|c2_1(X9)|c3_1(X9)))|![X10]:(ndr1_0=>(c2_1(X10)|~c0_1(X10)|~c3_1(X10))))&(![X11]:(ndr1_0=>(c0_1(X11)|c1_1(X11)|~c2_1(X11)))|![X12]:(ndr1_0=>(c0_1(X12)|c2_1(X12)|c3_1(X12)))|hskp25)&(![X13]:(ndr1_0=>(c0_1(X13)|c1_1(X13)|~c3_1(X13)))|![X14]:(ndr1_0=>(c0_1(X14)|~c2_1(X14)|~c3_1(X14)))|hskp3)&(![X15]:(ndr1_0=>(c0_1(X15)|c1_1(X15)|~c3_1(X15)))|![X16]:(ndr1_0=>(c2_1(X16)|c3_1(X16)|~c0_1(X16)))|![X17]:(ndr1_0=>(~c0_1(X17)|~c2_1(X17)|~c3_1(X17))))&(![X18]:(ndr1_0=>(c0_1(X18)|c1_1(X18)|~c3_1(X18)))|![X19]:(ndr1_0=>(c2_1(X19)|c3_1(X19)|~c0_1(X19)))|hskp4)&(![X20]:(ndr1_0=>(c0_1(X20)|c1_1(X20)|~c3_1(X20)))|![X21]:(ndr1_0=>(c3_1(X21)|~c0_1(X21)|~c2_1(X21)))|![X22]:(ndr1_0=>(~c0_1(X22)|~c1_1(X22)|~c3_1(X22))))&(![X23]:(ndr1_0=>(c0_1(X23)|c1_1(X23)|~c3_1(X23)))|![X24]:(ndr1_0=>(~c0_1(X24)|~c1_1(X24)|~c3_1(X24)))|hskp5)&(![X25]:(ndr1_0=>(c0_1(X25)|c2_1(X25)|c3_1(X25)))|![X26]:(ndr1_0=>(c2_1(X26)|~c0_1(X26)|~c1_1(X26)))|hskp27)&(![X27]:(ndr1_0=>(c0_1(X27)|c2_1(X27)|c3_1(X27)))|![X28]:(ndr1_0=>(c3_1(X28)|~c1_1(X28)|~c2_1(X28)))|![X29]:(ndr1_0=>(~c0_1(X29)|~c1_1(X29)|~c3_1(X29))))&(![X30]:(ndr1_0=>(c0_1(X30)|c2_1(X30)|c3_1(X30)))|hskp28)&(![X31]:(ndr1_0=>(c0_1(X31)|c2_1(X31)|c3_1(X31)))|hskp6|hskp7)&(![X32]:(ndr1_0=>(c0_1(X32)|c2_1(X32)|~c1_1(X32)))|![X33]:(ndr1_0=>(c0_1(X33)|c3_1(X33)|~c1_1(X33)))|hskp8)&(![X34]:(ndr1_0=>(c0_1(X34)|c2_1(X34)|~c1_1(X34)))|![X35]:(ndr1_0=>(c1_1(X35)|c3_1(X35)|~c0_1(X35)))|hskp25)&(![X36]:(ndr1_0=>(c0_1(X36)|c2_1(X36)|~c3_1(X36)))|![X37]:(ndr1_0=>(c2_1(X37)|~c1_1(X37)|~c3_1(X37)))|![X38]:(ndr1_0=>(~c0_1(X38)|~c1_1(X38)|~c2_1(X38))))&(![X39]:(ndr1_0=>(c0_1(X39)|c3_1(X39)|~c1_1(X39)))|![X40]:(ndr1_0=>(c1_1(X40)|c3_1(X40)|~c0_1(X40)))|![X41]:(ndr1_0=>(c2_1(X41)|c3_1(X41)|~c0_1(X41))))&(![X42]:(ndr1_0=>(c0_1(X42)|c3_1(X42)|~c1_1(X42)))|![X43]:(ndr1_0=>(~c0_1(X43)|~c2_1(X43)|~c3_1(X43)))|hskp9)&(![X44]:(ndr1_0=>(c0_1(X44)|c3_1(X44)|~c1_1(X44)))|![X45]:(ndr1_0=>(~c1_1(X45)|~c2_1(X45)|~c3_1(X45))))&(![X46]:(ndr1_0=>(c0_1(X46)|c3_1(X46)|~c1_1(X46)))|hskp27|hskp0)&(![X47]:(ndr1_0=>(c0_1(X47)|c3_1(X47)|~c2_1(X47)))|![X48]:(ndr1_0=>(c1_1(X48)|c3_1(X48)|~c0_1(X48)))|hskp0)&(![X49]:(ndr1_0=>(c0_1(X49)|c3_1(X49)|~c2_1(X49)))|![X50]:(ndr1_0=>(c3_1(X50)|~c0_1(X50)|~c2_1(X50)))|hskp10)&(![X51]:(ndr1_0=>(c0_1(X51)|c3_1(X51)|~c2_1(X51)))|![X52]:(ndr1_0=>(~c0_1(X52)|~c1_1(X52)|~c3_1(X52)))|![X53]:(ndr1_0=>(~c1_1(X53)|~c2_1(X53)|~c3_1(X53))))&(![X54]:(ndr1_0=>(c0_1(X54)|c3_1(X54)|~c2_1(X54)))|hskp11)&(![X55]:(ndr1_0=>(c0_1(X55)|~c1_1(X55)|~c2_1(X55)))|![X56]:(ndr1_0=>(c2_1(X56)|~c0_1(X56)|~c1_1(X56)))|hskp1)&(![X57]:(ndr1_0=>(c0_1(X57)|~c1_1(X57)|~c3_1(X57)))|![X58]:(ndr1_0=>(c0_1(X58)|~c2_1(X58)|~c3_1(X58)))|hskp3)&(![X59]:(ndr1_0=>(c0_1(X59)|~c1_1(X59)|~c3_1(X59)))|![X60]:(ndr1_0=>(c3_1(X60)|~c1_1(X60)|~c2_1(X60)))|hskp11)&(![X61]:(ndr1_0=>(c1_1(X61)|c2_1(X61)|c3_1(X61)))|![X62]:(ndr1_0=>(c2_1(X62)|~c0_1(X62)|~c3_1(X62)))|hskp12)&(![X63]:(ndr1_0=>(c1_1(X63)|c2_1(X63)|c3_1(X63)))|hskp13|hskp12)&(![X64]:(ndr1_0=>(c1_1(X64)|c2_1(X64)|~c0_1(X64)))|![X65]:(ndr1_0=>(c2_1(X65)|c3_1(X65)|~c0_1(X65)))|hskp10)&(![X66]:(ndr1_0=>(c1_1(X66)|c2_1(X66)|~c0_1(X66)))|![X67]:(ndr1_0=>(c2_1(X67)|c3_1(X67)|~c1_1(X67)))|![X68]:(ndr1_0=>(c3_1(X68)|~c0_1(X68)|~c1_1(X68))))&(![X69]:(ndr1_0=>(c1_1(X69)|c2_1(X69)|~c0_1(X69)))|![X70]:(ndr1_0=>(c3_1(X70)|~c0_1(X70)|~c2_1(X70)))|hskp14)&(![X71]:(ndr1_0=>(c1_1(X71)|c2_1(X71)|~c3_1(X71)))|hskp15|hskp4)&(![X72]:(ndr1_0=>(c1_1(X72)|c2_1(X72)|~c3_1(X72)))|hskp1|hskp16)&(![X73]:(ndr1_0=>(c1_1(X73)|c3_1(X73)|~c0_1(X73)))|hskp17|hskp5)&(![X74]:(ndr1_0=>(c1_1(X74)|c3_1(X74)|~c2_1(X74)))|![X75]:(ndr1_0=>(c1_1(X75)|~c0_1(X75)|~c3_1(X75)))|hskp9)&(![X76]:(ndr1_0=>(c1_1(X76)|c3_1(X76)|~c2_1(X76)))|![X77]:(ndr1_0=>(c2_1(X77)|~c1_1(X77)|~c3_1(X77)))|hskp14)&(![X78]:(ndr1_0=>(c1_1(X78)|c3_1(X78)|~c2_1(X78)))|hskp13|hskp6)&(![X79]:(ndr1_0=>(c1_1(X79)|c3_1(X79)|~c2_1(X79)))|hskp13|hskp14)&(![X80]:(ndr1_0=>(c1_1(X80)|~c0_1(X80)|~c2_1(X80)))|![X81]:(ndr1_0=>(c2_1(X81)|~c0_1(X81)|~c3_1(X81)))|hskp6)&(![X82]:(ndr1_0=>(c1_1(X82)|~c2_1(X82)|~c3_1(X82)))|![X83]:(ndr1_0=>(c2_1(X83)|c3_1(X83)|~c1_1(X83)))|hskp18)&(![X84]:(ndr1_0=>(c1_1(X84)|~c2_1(X84)|~c3_1(X84)))|![X85]:(ndr1_0=>(c2_1(X85)|~c0_1(X85)|~c1_1(X85)))|hskp19)&(![X86]:(ndr1_0=>(c2_1(X86)|c3_1(X86)|~c0_1(X86)))|![X87]:(ndr1_0=>(~c0_1(X87)|~c1_1(X87)|~c2_1(X87))))&(![X88]:(ndr1_0=>(c2_1(X88)|c3_1(X88)|~c1_1(X88)))|![X89]:(ndr1_0=>(c3_1(X89)|~c1_1(X89)|~c2_1(X89)))|hskp0)&(![X90]:(ndr1_0=>(c2_1(X90)|c3_1(X90)|~c1_1(X90)))|hskp19|hskp20)&(![X91]:(ndr1_0=>(c2_1(X91)|~c0_1(X91)|~c1_1(X91)))|![X92]:(ndr1_0=>(~c0_1(X92)|~c1_1(X92)|~c2_1(X92)))|hskp8)&(![X93]:(ndr1_0=>(c2_1(X93)|~c0_1(X93)|~c1_1(X93)))|![X94]:(ndr1_0=>(~c0_1(X94)|~c2_1(X94)|~c3_1(X94)))|hskp10)&(![X95]:(ndr1_0=>(c2_1(X95)|~c0_1(X95)|~c1_1(X95)))|hskp11|hskp8)&(![X96]:(ndr1_0=>(c2_1(X96)|~c0_1(X96)|~c3_1(X96)))|![X97]:(ndr1_0=>(~c1_1(X97)|~c2_1(X97)|~c3_1(X97)))|hskp3)&(![X98]:(ndr1_0=>(c3_1(X98)|~c1_1(X98)|~c2_1(X98)))|hskp0|hskp21)&(![X99]:(ndr1_0=>(~c0_1(X99)|~c1_1(X99)|~c2_1(X99)))|hskp13|hskp22)&(![X100]:(ndr1_0=>(~c0_1(X100)|~c1_1(X100)|~c2_1(X100)))|hskp0|hskp23)&(![X101]:(ndr1_0=>(~c0_1(X101)|~c1_1(X101)|~c3_1(X101)))|hskp2|hskp7)&(![X102]:(ndr1_0=>(~c0_1(X102)|~c2_1(X102)|~c3_1(X102)))|![X103]:(ndr1_0=>(~c1_1(X103)|~c2_1(X103)|~c3_1(X103)))|hskp1)&(hskp26|hskp28|hskp24)&(hskp26|hskp25|hskp1)&(hskp15|hskp6|hskp5)&(hskp3|hskp24|hskp7)&(hskp25|hskp21)&(hskp17|hskp12|hskp4)&(hskp24|hskp19|hskp14)&(hskp16|hskp20|hskp23)&(hskp22|hskp6|hskp8)&(hskp22|hskp6|hskp7)&(hskp27|hskp19|hskp2)&(hskp4|hskp18|hskp7)&(hskp18|hskp10|hskp2)&(hskp18|hskp14|hskp23)))			
../../TPTP-v7.3.0/Problems/SYN/SYN039-1.p			UNKNOWN		UNKNOWN					Parser Error"TokenHead"		
../../TPTP-v7.3.0/Problems/SYN/SYN832-1.p		Satisfiable	UNKNOWN		UNKNOWN		cnf					
../../TPTP-v7.3.0/Problems/SYN/SYN275-1.p		Unsatisfiable	UNKNOWN		UNKNOWN		cnf					
../../TPTP-v7.3.0/Problems/SYN/SYN545-1.p		Satisfiable	UNKNOWN		UNKNOWN		cnf					
../../TPTP-v7.3.0/Problems/SYN/SYN672-1.p		Unsatisfiable	UNKNOWN		UNKNOWN		cnf					
../../TPTP-v7.3.0/Problems/SYN/SYN126-1.p		Unsatisfiable	UNKNOWN		UNKNOWN		cnf					
../../TPTP-v7.3.0/Problems/SYN/SYN746-1.p		Satisfiable	UNKNOWN		UNKNOWN		cnf					
../../TPTP-v7.3.0/Problems/SYN/SYN695-1.p		Unsatisfiable	UNKNOWN		UNKNOWN		cnf					
../../TPTP-v7.3.0/Problems/SYN/SYN298-1.p		Unsatisfiable	UNKNOWN		UNKNOWN		cnf					
../../TPTP-v7.3.0/Problems/SYN/SYN543+1.p		CounterSatisfiable	UNKNOWN		UNKNOWN		fof		(~((~hskp0|(ndr1_0&c4_1(a80)&c5_1(a80)&~c1_1(a80)))&(~hskp1|(ndr1_0&~c1_1(a81)&~c4_1(a81)&~c5_1(a81)))&(~hskp2|(ndr1_0&c2_1(a82)&~c0_1(a82)&~c1_1(a82)))&(~hskp3|(ndr1_0&c5_1(a84)&~c3_1(a84)&~c4_1(a84)))&(~hskp4|(ndr1_0&c0_1(a85)&c4_1(a85)&~c2_1(a85)))&(~hskp5|(ndr1_0&c2_1(a86)&c4_1(a86)&~c3_1(a86)))&(~hskp6|(ndr1_0&c2_1(a87)&c3_1(a87)&~c0_1(a87)))&(~hskp7|(ndr1_0&c1_1(a89)&c3_1(a89)&~c0_1(a89)))&(~hskp8|(ndr1_0&c1_1(a90)&~c2_1(a90)&~c4_1(a90)))&(~hskp9|(ndr1_0&~c1_1(a91)&~c2_1(a91)&~c3_1(a91)))&(~hskp10|(ndr1_0&c3_1(a92)&~c0_1(a92)&~c4_1(a92)))&(~hskp11|(ndr1_0&c0_1(a93)&~c3_1(a93)&~c5_1(a93)))&(~hskp12|(ndr1_0&c3_1(a94)&~c1_1(a94)&~c4_1(a94)))&(~hskp13|(ndr1_0&c0_1(a95)&c2_1(a95)&~c5_1(a95)))&(~hskp14|(ndr1_0&c5_1(a96)&~c1_1(a96)&~c2_1(a96)))&(~hskp15|(ndr1_0&c2_1(a97)&c5_1(a97)&~c3_1(a97)))&(~hskp16|(ndr1_0&c0_1(a98)&c3_1(a98)&~c4_1(a98)))&(~hskp17|(ndr1_0&c3_1(a99)&c4_1(a99)&~c5_1(a99)))&(~hskp18|(ndr1_0&c3_1(a100)&~c0_1(a100)&~c5_1(a100)))&(~hskp19|(ndr1_0&c3_1(a103)&~c1_1(a103)&~c5_1(a103)))&(~hskp20|(ndr1_0&c0_1(a105)&c1_1(a105)&~c5_1(a105)))&(~hskp21|(ndr1_0&c2_1(a106)&c3_1(a106)&~c4_1(a106)))&(~hskp22|(ndr1_0&~c0_1(a108)&~c3_1(a108)&~c5_1(a108)))&(~hskp23|(ndr1_0&c1_1(a109)&~c3_1(a109)&~c4_1(a109)))&(~hskp24|(ndr1_0&c2_1(a111)&~c0_1(a111)&~c5_1(a111)))&(~hskp25|(ndr1_0&c1_1(a113)&c2_1(a113)&~c0_1(a113)))&(~hskp26|(ndr1_0&~c1_1(a114)&~c2_1(a114)&~c4_1(a114)))&(~hskp27|(ndr1_0&c5_1(a115)&~c0_1(a115)&~c2_1(a115)))&(~hskp28|(ndr1_0&~c3_1(a116)&~c4_1(a116)&~c5_1(a116)))&(~hskp29|(ndr1_0&c2_1(a117)&~c3_1(a117)&~c5_1(a117)))&(~hskp30|(ndr1_0&c5_1(a118)&~c0_1(a118)&~c1_1(a118)))&(~hskp31|(ndr1_0&c0_1(a120)&c2_1(a120)&~c4_1(a120)))&(~hskp32|(ndr1_0&c3_1(a121)&c4_1(a121)&~c0_1(a121)))&(~hskp33|(ndr1_0&c4_1(a123)&c5_1(a123)&~c0_1(a123)))&(~hskp34|(ndr1_0&c0_1(a124)&c3_1(a124)&~c5_1(a124)))&(~hskp35|(ndr1_0&c4_1(a125)&~c0_1(a125)&~c3_1(a125)))&(~hskp36|(ndr1_0&c0_1(a126)&c3_1(a126)&~c2_1(a126)))&(~hskp37|(ndr1_0&c2_1(a127)&~c1_1(a127)&~c4_1(a127)))&(~hskp38|(ndr1_0&c0_1(a128)&c4_1(a128)&~c1_1(a128)))&(~hskp39|(ndr1_0&c1_1(a129)&c2_1(a129)&~c4_1(a129)))&(~hskp40|(ndr1_0&c1_1(a131)&c2_1(a131)&~c3_1(a131)))&(~hskp41|(ndr1_0&c1_1(a133)&~c3_1(a133)&~c5_1(a133)))&(~hskp42|(ndr1_0&~c0_1(a135)&~c2_1(a135)&~c3_1(a135)))&(~hskp43|(ndr1_0&c3_1(a137)&~c2_1(a137)&~c5_1(a137)))&(~hskp44|(ndr1_0&c4_1(a138)&~c1_1(a138)&~c3_1(a138)))&(~hskp45|(ndr1_0&c4_1(a140)&~c3_1(a140)&~c5_1(a140)))&(~hskp46|(ndr1_0&~c0_1(a141)&~c1_1(a141)&~c2_1(a141)))&(~hskp47|(ndr1_0&c0_1(a142)&c5_1(a142)&~c2_1(a142)))&(~hskp48|(ndr1_0&c0_1(a143)&~c2_1(a143)&~c3_1(a143)))&(~hskp49|(ndr1_0&c1_1(a145)&c3_1(a145)&~c5_1(a145)))&(~hskp50|(ndr1_0&c2_1(a146)&c5_1(a146)&~c1_1(a146)))&(~hskp51|(ndr1_0&c4_1(a147)&c5_1(a147)&~c3_1(a147)))&(~hskp52|(ndr1_0&c1_1(a148)&c4_1(a148)&~c5_1(a148)))&(~hskp53|(ndr1_0&c2_1(a149)&~c3_1(a149)&~c4_1(a149)))&(~hskp54|(ndr1_0&c4_1(a150)&~c0_1(a150)&~c1_1(a150)))&(~hskp55|(ndr1_0&c2_1(a152)&~c4_1(a152)&~c5_1(a152)))&(~hskp56|(ndr1_0&c3_1(a154)&~c0_1(a154)&~c2_1(a154)))&(~hskp57|(ndr1_0&c5_1(a156)&~c0_1(a156)&~c3_1(a156)))&(~hskp58|(ndr1_0&c1_1(a78)&c2_1(a78)&c3_1(a78)))&(~hskp59|(ndr1_0&c0_1(a79)&c3_1(a79)&c4_1(a79)))&(~hskp60|(ndr1_0&c1_1(a101)&c3_1(a101)&c5_1(a101)))&(~hskp61|(ndr1_0&c0_1(a102)&c2_1(a102)&c3_1(a102)))&(~hskp62|(ndr1_0&c0_1(a119)&c1_1(a119)&c2_1(a119)))&(~hskp63|(ndr1_0&c0_1(a136)&c1_1(a136)&c4_1(a136)))&(~hskp64|(ndr1_0&c3_1(a153)&c4_1(a153)&c5_1(a153)))&(![U]:(ndr1_0=>(c0_1(U)|c1_1(U)|c4_1(U)))|![V]:(ndr1_0=>(c1_1(V)|~c0_1(V)|~c4_1(V)))|hskp58)&(![W]:(ndr1_0=>(c0_1(W)|c1_1(W)|c4_1(W)))|![X]:(ndr1_0=>(c2_1(X)|c3_1(X)|~c4_1(X)))|hskp59)&(![Y]:(ndr1_0=>(c0_1(Y)|c1_1(Y)|c4_1(Y)))|hskp0|hskp1)&(![Z]:(ndr1_0=>(c0_1(Z)|c1_1(Z)|~c3_1(Z)))|![X1]:(ndr1_0=>(c0_1(X1)|c5_1(X1)|~c1_1(X1)))|![X2]:(ndr1_0=>(c0_1(X2)|~c1_1(X2)|~c2_1(X2))))&(![X3]:(ndr1_0=>(c0_1(X3)|c1_1(X3)|~c3_1(X3)))|![X4]:(ndr1_0=>(c1_1(X4)|c5_1(X4)|~c4_1(X4)))|hskp2)&(![X5]:(ndr1_0=>(c0_1(X5)|c1_1(X5)|~c3_1(X5)))|![X6]:(ndr1_0=>(c5_1(X6)|~c2_1(X6)|~c4_1(X6)))|hskp59)&(![X7]:(ndr1_0=>(c0_1(X7)|c2_1(X7)|~c3_1(X7)))|![X8]:(ndr1_0=>(c0_1(X8)|c4_1(X8)|~c1_1(X8)))|hskp3)&(![X9]:(ndr1_0=>(c0_1(X9)|c2_1(X9)|~c4_1(X9)))|![X10]:(ndr1_0=>(c1_1(X10)|c4_1(X10)|c5_1(X10)))|![X11]:(ndr1_0=>(c4_1(X11)|c5_1(X11)|~c1_1(X11))))&(![X12]:(ndr1_0=>(c0_1(X12)|c3_1(X12)|c4_1(X12)))|![X13]:(ndr1_0=>(c3_1(X13)|c5_1(X13)|~c0_1(X13)))|![X14]:(ndr1_0=>(c4_1(X14)|c5_1(X14)|~c3_1(X14))))&(![X15]:(ndr1_0=>(c0_1(X15)|c3_1(X15)|~c2_1(X15)))|![X16]:(ndr1_0=>(c2_1(X16)|~c3_1(X16)|~c5_1(X16)))|hskp4)&(![X17]:(ndr1_0=>(c0_1(X17)|c3_1(X17)|~c4_1(X17)))|![X18]:(ndr1_0=>(c2_1(X18)|c5_1(X18)|~c1_1(X18)))|hskp5)&(![X19]:(ndr1_0=>(c0_1(X19)|c3_1(X19)|~c4_1(X19)))|![X20]:(ndr1_0=>(c3_1(X20)|~c0_1(X20)|~c5_1(X20)))|hskp6)&(![X21]:(ndr1_0=>(c0_1(X21)|c3_1(X21)|~c5_1(X21)))|![X22]:(ndr1_0=>(c2_1(X22)|c3_1(X22)|~c0_1(X22)))|![X23]:(ndr1_0=>(c3_1(X23)|c5_1(X23)|~c1_1(X23))))&(![X24]:(ndr1_0=>(c0_1(X24)|c4_1(X24)|~c1_1(X24)))|![X25]:(ndr1_0=>(c2_1(X25)|c5_1(X25)|~c4_1(X25)))|hskp1)&(![X26]:(ndr1_0=>(c0_1(X26)|c4_1(X26)|~c3_1(X26)))|![X27]:(ndr1_0=>(c0_1(X27)|~c3_1(X27)|~c4_1(X27)))|![X28]:(ndr1_0=>(c2_1(X28)|c4_1(X28)|~c1_1(X28))))&(![X29]:(ndr1_0=>(c0_1(X29)|c4_1(X29)|~c3_1(X29)))|![X30]:(ndr1_0=>(c1_1(X30)|c3_1(X30)|~c0_1(X30)))|hskp7)&(![X31]:(ndr1_0=>(c0_1(X31)|~c1_1(X31)|~c2_1(X31)))|![X32]:(ndr1_0=>(c0_1(X32)|~c2_1(X32)|~c3_1(X32)))|![X33]:(ndr1_0=>(c1_1(X33)|c2_1(X33)|~c5_1(X33))))&(![X34]:(ndr1_0=>(c0_1(X34)|~c2_1(X34)|~c3_1(X34)))|![X35]:(ndr1_0=>(c2_1(X35)|c3_1(X35)|c5_1(X35)))|![X36]:(ndr1_0=>(c3_1(X36)|~c1_1(X36)|~c4_1(X36))))&(![X37]:(ndr1_0=>(c0_1(X37)|~c2_1(X37)|~c4_1(X37)))|hskp8|hskp9)&(![X38]:(ndr1_0=>(c0_1(X38)|~c3_1(X38)|~c5_1(X38)))|![X39]:(ndr1_0=>(c1_1(X39)|c2_1(X39)|~c3_1(X39)))|hskp10)&(![X40]:(ndr1_0=>(c0_1(X40)|~c3_1(X40)|~c5_1(X40)))|![X41]:(ndr1_0=>(c3_1(X41)|c4_1(X41)|c5_1(X41)))|hskp11)&(![X42]:(ndr1_0=>(c1_1(X42)|c2_1(X42)|c4_1(X42)))|![X43]:(ndr1_0=>(c1_1(X43)|c3_1(X43)|~c4_1(X43)))|hskp12)&(![X44]:(ndr1_0=>(c1_1(X44)|c2_1(X44)|~c4_1(X44)))|hskp13|hskp14)&(![X45]:(ndr1_0=>(c1_1(X45)|c3_1(X45)|c5_1(X45)))|![X46]:(ndr1_0=>(~c1_1(X46)|~c3_1(X46)|~c4_1(X46)))|hskp15)&(![X47]:(ndr1_0=>(c1_1(X47)|c3_1(X47)|~c0_1(X47)))|![X48]:(ndr1_0=>(c2_1(X48)|~c0_1(X48)|~c4_1(X48)))|hskp16)&(![X49]:(ndr1_0=>(c1_1(X49)|c3_1(X49)|~c4_1(X49)))|hskp17|hskp18)&(![X50]:(ndr1_0=>(c1_1(X50)|c3_1(X50)|~c5_1(X50)))|![X51]:(ndr1_0=>(c5_1(X51)|~c1_1(X51)|~c2_1(X51)))|hskp60)&(![X52]:(ndr1_0=>(c1_1(X52)|c4_1(X52)|c5_1(X52)))|![X53]:(ndr1_0=>(~c1_1(X53)|~c2_1(X53)|~c5_1(X53)))|hskp61)&(![X54]:(ndr1_0=>(c1_1(X54)|c4_1(X54)|~c2_1(X54)))|![X55]:(ndr1_0=>(c3_1(X55)|~c0_1(X55)|~c1_1(X55)))|![X56]:(ndr1_0=>(c5_1(X56)|~c2_1(X56)|~c3_1(X56))))&(![X57]:(ndr1_0=>(c1_1(X57)|~c0_1(X57)|~c2_1(X57)))|![X58]:(ndr1_0=>(c2_1(X58)|c4_1(X58)|c5_1(X58)))|![X59]:(ndr1_0=>(c3_1(X59)|c5_1(X59)|~c2_1(X59))))&(![X60]:(ndr1_0=>(c1_1(X60)|~c2_1(X60)|~c4_1(X60)))|![X61]:(ndr1_0=>(c4_1(X61)|c5_1(X61)|~c2_1(X61)))|hskp19)&(![X62]:(ndr1_0=>(c1_1(X62)|~c3_1(X62)|~c5_1(X62)))|![X63]:(ndr1_0=>(c2_1(X63)|c5_1(X63)|~c1_1(X63)))|![X64]:(ndr1_0=>(c5_1(X64)|~c1_1(X64)|~c4_1(X64))))&(![X65]:(ndr1_0=>(c2_1(X65)|c3_1(X65)|~c4_1(X65)))|![X66]:(ndr1_0=>(c3_1(X66)|~c4_1(X66)|~c5_1(X66)))|![X67]:(ndr1_0=>(c5_1(X67)|~c1_1(X67)|~c3_1(X67))))&(![X68]:(ndr1_0=>(c2_1(X68)|c4_1(X68)|~c0_1(X68)))|![X69]:(ndr1_0=>(c2_1(X69)|c5_1(X69)|~c0_1(X69)))|hskp0)&(![X70]:(ndr1_0=>(c2_1(X70)|c4_1(X70)|~c0_1(X70)))|![X71]:(ndr1_0=>(c5_1(X71)|~c2_1(X71)|~c4_1(X71)))|hskp20)&(![X72]:(ndr1_0=>(c2_1(X72)|c4_1(X72)|~c1_1(X72)))|![X73]:(ndr1_0=>(c3_1(X73)|~c1_1(X73)|~c4_1(X73)))|![X74]:(ndr1_0=>(~c2_1(X74)|~c3_1(X74)|~c4_1(X74))))&(![X75]:(ndr1_0=>(c2_1(X75)|c4_1(X75)|~c5_1(X75)))|![X76]:(ndr1_0=>(c5_1(X76)|~c1_1(X76)|~c3_1(X76)))|hskp21)&(![X77]:(ndr1_0=>(c2_1(X77)|c4_1(X77)|~c5_1(X77)))|hskp10|hskp22)&(![X78]:(ndr1_0=>(c2_1(X78)|c5_1(X78)|~c3_1(X78)))|![X79]:(ndr1_0=>(c2_1(X79)|~c3_1(X79)|~c4_1(X79)))|hskp23)&(![X80]:(ndr1_0=>(c2_1(X80)|~c0_1(X80)|~c1_1(X80)))|![X81]:(ndr1_0=>(c5_1(X81)|~c3_1(X81)|~c4_1(X81)))|hskp4)&(![X82]:(ndr1_0=>(c2_1(X82)|~c1_1(X82)|~c4_1(X82)))|hskp24|hskp1)&(![X83]:(ndr1_0=>(c2_1(X83)|~c1_1(X83)|~c5_1(X83)))|hskp25|hskp26)&(![X84]:(ndr1_0=>(c3_1(X84)|c5_1(X84)|~c4_1(X84)))|hskp27|hskp28)&(![X85]:(ndr1_0=>(c4_1(X85)|c5_1(X85)|~c0_1(X85)))|hskp29|hskp30)&(![X86]:(ndr1_0=>(c4_1(X86)|c5_1(X86)|~c2_1(X86)))|hskp62)&(![X87]:(ndr1_0=>(c4_1(X87)|~c0_1(X87)|~c1_1(X87)))|hskp31|hskp32)&(![X88]:(ndr1_0=>(c5_1(X88)|~c1_1(X88)|~c2_1(X88)))|hskp13|hskp33)&(![X89]:(ndr1_0=>(c5_1(X89)|~c1_1(X89)|~c2_1(X89)))|hskp34|hskp35)&(![X90]:(ndr1_0=>(c5_1(X90)|~c2_1(X90)|~c3_1(X90)))|hskp36|hskp37)&(![X91]:(ndr1_0=>(c5_1(X91)|~c3_1(X91)|~c4_1(X91)))|hskp38|hskp39)&(![X92]:(ndr1_0=>(~c1_1(X92)|~c3_1(X92)|~c4_1(X92)))|hskp25|hskp40)&(![X93]:(ndr1_0=>(~c1_1(X93)|~c4_1(X93)|~c5_1(X93)))|hskp20|hskp41)&(![X94]:(ndr1_0=>(~c3_1(X94)|~c4_1(X94)|~c5_1(X94)))|hskp12|hskp42)&(hskp63|hskp43|hskp44)&(hskp38|hskp45|hskp46)&(hskp47|hskp48|hskp21)&(hskp49|hskp50|hskp51)&(hskp52|hskp53|hskp54)&(hskp41|hskp55|hskp64)&(hskp56|hskp33|hskp57)))			
../../TPTP-v7.3.0/Problems/SYN/SYN028-1.p		Unsatisfiable	UNKNOWN		UNKNOWN		cnf	(q|p),(~q|r),(~r|s),(~s|~r|t),(~t|p),(q|p),(~q|r),(~r|s),(~s|~r|t),(~t|p)				
../../TPTP-v7.3.0/Problems/SYN/SYN482+1.p		Theorem	UNKNOWN		UNKNOWN		fof		(~((~hskp0|(ndr1_0&c2_1(a1754)&~c0_1(a1754)&~c1_1(a1754)))&(~hskp1|(ndr1_0&c1_1(a1755)&~c0_1(a1755)&~c2_1(a1755)))&(~hskp2|(ndr1_0&c0_1(a1757)&c1_1(a1757)&~c2_1(a1757)))&(~hskp3|(ndr1_0&c1_1(a1758)&c2_1(a1758)&~c3_1(a1758)))&(~hskp4|(ndr1_0&c1_1(a1759)&~c2_1(a1759)&~c3_1(a1759)))&(~hskp5|(ndr1_0&~c0_1(a1760)&~c2_1(a1760)&~c3_1(a1760)))&(~hskp6|(ndr1_0&c2_1(a1762)&c3_1(a1762)&~c0_1(a1762)))&(~hskp7|(ndr1_0&c0_1(a1763)&c3_1(a1763)&~c1_1(a1763)))&(~hskp8|(ndr1_0&c0_1(a1765)&c2_1(a1765)&~c1_1(a1765)))&(~hskp9|(ndr1_0&c0_1(a1766)&~c1_1(a1766)&~c2_1(a1766)))&(~hskp10|(ndr1_0&c3_1(a1767)&~c0_1(a1767)&~c1_1(a1767)))&(~hskp11|(ndr1_0&c0_1(a1768)&c3_1(a1768)&~c2_1(a1768)))&(~hskp12|(ndr1_0&c1_1(a1770)&~c0_1(a1770)&~c3_1(a1770)))&(~hskp13|(ndr1_0&c1_1(a1771)&c2_1(a1771)&~c0_1(a1771)))&(~hskp14|(ndr1_0&c2_1(a1777)&~c0_1(a1777)&~c3_1(a1777)))&(~hskp15|(ndr1_0&c0_1(a1779)&~c2_1(a1779)&~c3_1(a1779)))&(~hskp16|(ndr1_0&c1_1(a1780)&c3_1(a1780)&~c2_1(a1780)))&(~hskp17|(ndr1_0&c2_1(a1781)&c3_1(a1781)&~c1_1(a1781)))&(~hskp18|(ndr1_0&~c1_1(a1782)&~c2_1(a1782)&~c3_1(a1782)))&(~hskp19|(ndr1_0&c1_1(a1783)&c3_1(a1783)&~c0_1(a1783)))&(~hskp20|(ndr1_0&c0_1(a1786)&c1_1(a1786)&~c3_1(a1786)))&(~hskp21|(ndr1_0&c0_1(a1788)&c2_1(a1788)&~c3_1(a1788)))&(~hskp22|(ndr1_0&c3_1(a1799)&~c0_1(a1799)&~c2_1(a1799)))&(~hskp23|(ndr1_0&~c0_1(a1807)&~c1_1(a1807)&~c3_1(a1807)))&(~hskp24|(ndr1_0&c0_1(a1809)&~c1_1(a1809)&~c3_1(a1809)))&(~hskp25|(ndr1_0&~c0_1(a1827)&~c1_1(a1827)&~c2_1(a1827)))&(~hskp26|(ndr1_0&c3_1(a1845)&~c1_1(a1845)&~c2_1(a1845)))&(~hskp27|(ndr1_0&c0_1(a1756)&c1_1(a1756)&c3_1(a1756)))&(~hskp28|(ndr1_0&c0_1(a1795)&c1_1(a1795)&c2_1(a1795)))&(~hskp29|(ndr1_0&c0_1(a1805)&c2_1(a1805)&c3_1(a1805)))&(~hskp30|(ndr1_0&c1_1(a1823)&c2_1(a1823)&c3_1(a1823)))&(![U]:(ndr1_0=>(c0_1(U)|c1_1(U)|c2_1(U)))|![V]:(ndr1_0=>(c0_1(V)|c2_1(V)|~c3_1(V)))|hskp0)&(![W]:(ndr1_0=>(c0_1(W)|c1_1(W)|c2_1(W)))|![X]:(ndr1_0=>(c1_1(X)|c3_1(X)|~c2_1(X)))|hskp1)&(![Y]:(ndr1_0=>(c0_1(Y)|c1_1(Y)|c3_1(Y)))|hskp27|hskp2)&(![Z]:(ndr1_0=>(c0_1(Z)|c1_1(Z)|c3_1(Z)))|hskp3|hskp4)&(![X1]:(ndr1_0=>(c0_1(X1)|c1_1(X1)|~c2_1(X1)))|![X2]:(ndr1_0=>(c1_1(X2)|c2_1(X2)|~c0_1(X2)))|hskp5)&(![X3]:(ndr1_0=>(c0_1(X3)|c1_1(X3)|~c2_1(X3)))|hskp4|hskp6)&(![X4]:(ndr1_0=>(c0_1(X4)|c1_1(X4)|~c3_1(X4)))|![X5]:(ndr1_0=>(c0_1(X5)|c2_1(X5)|~c1_1(X5)))|hskp7)&(![X6]:(ndr1_0=>(c0_1(X6)|c1_1(X6)|~c3_1(X6)))|![X7]:(ndr1_0=>(c0_1(X7)|~c1_1(X7)|~c2_1(X7)))|![X8]:(ndr1_0=>(c1_1(X8)|~c0_1(X8)|~c2_1(X8))))&(![X9]:(ndr1_0=>(c0_1(X9)|c1_1(X9)|~c3_1(X9)))|![X10]:(ndr1_0=>(c3_1(X10)|~c0_1(X10)|~c1_1(X10)))|![X11]:(ndr1_0=>(~c0_1(X11)|~c1_1(X11)|~c2_1(X11))))&(![X12]:(ndr1_0=>(c0_1(X12)|c1_1(X12)|~c3_1(X12)))|![X13]:(ndr1_0=>(~c0_1(X13)|~c2_1(X13)|~c3_1(X13)))|![X14]:(ndr1_0=>(~c1_1(X14)|~c2_1(X14)|~c3_1(X14))))&(![X15]:(ndr1_0=>(c0_1(X15)|c1_1(X15)|~c3_1(X15)))|![X16]:(ndr1_0=>(~c0_1(X16)|~c2_1(X16)|~c3_1(X16)))|hskp6)&(![X17]:(ndr1_0=>(c0_1(X17)|c1_1(X17)|~c3_1(X17)))|![X18]:(ndr1_0=>(~c1_1(X18)|~c2_1(X18)|~c3_1(X18)))|hskp8)&(![X19]:(ndr1_0=>(c0_1(X19)|c2_1(X19)|c3_1(X19)))|![X20]:(ndr1_0=>(c1_1(X20)|c2_1(X20)|c3_1(X20)))|![X21]:(ndr1_0=>(~c1_1(X21)|~c2_1(X21)|~c3_1(X21))))&(![X22]:(ndr1_0=>(c0_1(X22)|c2_1(X22)|c3_1(X22)))|![X23]:(ndr1_0=>(c1_1(X23)|c2_1(X23)|~c0_1(X23)))|![X24]:(ndr1_0=>(~c0_1(X24)|~c2_1(X24)|~c3_1(X24))))&(![X25]:(ndr1_0=>(c0_1(X25)|c2_1(X25)|c3_1(X25)))|hskp9|hskp10)&(![X26]:(ndr1_0=>(c0_1(X26)|c2_1(X26)|~c1_1(X26)))|![X27]:(ndr1_0=>(c1_1(X27)|~c0_1(X27)|~c3_1(X27)))|hskp11)&(![X28]:(ndr1_0=>(c0_1(X28)|c2_1(X28)|~c1_1(X28)))|hskp27|hskp12)&(![X29]:(ndr1_0=>(c0_1(X29)|c2_1(X29)|~c3_1(X29)))|![X30]:(ndr1_0=>(c0_1(X30)|c3_1(X30)|~c1_1(X30)))|hskp13)&(![X31]:(ndr1_0=>(c0_1(X31)|c2_1(X31)|~c3_1(X31)))|![X32]:(ndr1_0=>(c1_1(X32)|c2_1(X32)|c3_1(X32)))|hskp2)&(![X33]:(ndr1_0=>(c0_1(X33)|c2_1(X33)|~c3_1(X33)))|![X34]:(ndr1_0=>(c1_1(X34)|c2_1(X34)|c3_1(X34)))|hskp13)&(![X35]:(ndr1_0=>(c0_1(X35)|c2_1(X35)|~c3_1(X35)))|![X36]:(ndr1_0=>(c1_1(X36)|c2_1(X36)|~c0_1(X36)))|hskp27)&(![X37]:(ndr1_0=>(c0_1(X37)|c2_1(X37)|~c3_1(X37)))|![X38]:(ndr1_0=>(c1_1(X38)|c3_1(X38)|~c0_1(X38)))|hskp10)&(![X39]:(ndr1_0=>(c0_1(X39)|c2_1(X39)|~c3_1(X39)))|![X40]:(ndr1_0=>(c2_1(X40)|~c0_1(X40)|~c3_1(X40)))|hskp10)&(![X41]:(ndr1_0=>(c0_1(X41)|c2_1(X41)|~c3_1(X41)))|![X42]:(ndr1_0=>(c3_1(X42)|~c0_1(X42)|~c2_1(X42)))|hskp14)&(![X43]:(ndr1_0=>(c0_1(X43)|c2_1(X43)|~c3_1(X43)))|![X44]:(ndr1_0=>(~c0_1(X44)|~c1_1(X44)|~c3_1(X44)))|hskp3)&(![X45]:(ndr1_0=>(c0_1(X45)|c2_1(X45)|~c3_1(X45)))|hskp15|hskp16)&(![X46]:(ndr1_0=>(c0_1(X46)|c3_1(X46)|~c1_1(X46)))|![X47]:(ndr1_0=>(c1_1(X47)|~c2_1(X47)|~c3_1(X47)))|hskp17)&(![X48]:(ndr1_0=>(c0_1(X48)|c3_1(X48)|~c1_1(X48)))|![X49]:(ndr1_0=>(c2_1(X49)|~c0_1(X49)|~c1_1(X49)))|hskp18)&(![X50]:(ndr1_0=>(c0_1(X50)|c3_1(X50)|~c1_1(X50)))|hskp19|hskp6)&(![X51]:(ndr1_0=>(c0_1(X51)|c3_1(X51)|~c2_1(X51)))|![X52]:(ndr1_0=>(c1_1(X52)|~c0_1(X52)|~c3_1(X52)))|![X53]:(ndr1_0=>(c1_1(X53)|~c2_1(X53)|~c3_1(X53))))&(![X54]:(ndr1_0=>(c0_1(X54)|c3_1(X54)|~c2_1(X54)))|![X55]:(ndr1_0=>(c2_1(X55)|~c0_1(X55)|~c3_1(X55)))|hskp11)&(![X56]:(ndr1_0=>(c0_1(X56)|c3_1(X56)|~c2_1(X56)))|hskp20|hskp6)&(![X57]:(ndr1_0=>(c0_1(X57)|~c1_1(X57)|~c2_1(X57)))|![X58]:(ndr1_0=>(c1_1(X58)|~c0_1(X58)|~c2_1(X58)))|hskp21)&(![X59]:(ndr1_0=>(c0_1(X59)|~c1_1(X59)|~c2_1(X59)))|![X60]:(ndr1_0=>(~c0_1(X60)|~c1_1(X60)|~c2_1(X60)))|hskp27)&(![X61]:(ndr1_0=>(c0_1(X61)|~c1_1(X61)|~c2_1(X61)))|hskp13)&(![X62]:(ndr1_0=>(c0_1(X62)|~c1_1(X62)|~c2_1(X62)))|hskp3|hskp6)&(![X63]:(ndr1_0=>(c0_1(X63)|~c1_1(X63)|~c3_1(X63)))|![X64]:(ndr1_0=>(c1_1(X64)|~c0_1(X64)|~c2_1(X64)))|![X65]:(ndr1_0=>(c2_1(X65)|~c0_1(X65)|~c1_1(X65))))&(![X66]:(ndr1_0=>(c0_1(X66)|~c1_1(X66)|~c3_1(X66)))|![X67]:(ndr1_0=>(c3_1(X67)|~c0_1(X67)|~c1_1(X67)))|hskp3)&(![X68]:(ndr1_0=>(c0_1(X68)|~c1_1(X68)|~c3_1(X68)))|![X69]:(ndr1_0=>(~c1_1(X69)|~c2_1(X69)|~c3_1(X69)))|hskp17)&(![X70]:(ndr1_0=>(c0_1(X70)|~c1_1(X70)|~c3_1(X70)))|hskp28|hskp1)&(![X71]:(ndr1_0=>(c0_1(X71)|~c2_1(X71)|~c3_1(X71)))|![X72]:(ndr1_0=>(c1_1(X72)|c2_1(X72)|~c0_1(X72)))|![X73]:(ndr1_0=>(~c0_1(X73)|~c2_1(X73)|~c3_1(X73))))&(![X74]:(ndr1_0=>(c0_1(X74)|~c2_1(X74)|~c3_1(X74)))|![X75]:(ndr1_0=>(c1_1(X75)|c2_1(X75)|~c3_1(X75)))|![X76]:(ndr1_0=>(c1_1(X76)|~c2_1(X76)|~c3_1(X76))))&(![X77]:(ndr1_0=>(c0_1(X77)|~c2_1(X77)|~c3_1(X77)))|![X78]:(ndr1_0=>(~c0_1(X78)|~c2_1(X78)|~c3_1(X78)))|hskp16)&(![X79]:(ndr1_0=>(c0_1(X79)|~c2_1(X79)|~c3_1(X79)))|hskp27|hskp22)&(![X80]:(ndr1_0=>(c0_1(X80)|~c2_1(X80)|~c3_1(X80)))|hskp20|hskp8)&(![X81]:(ndr1_0=>(c0_1(X81)|~c2_1(X81)|~c3_1(X81)))|hskp8|hskp4)&(![X82]:(ndr1_0=>(c1_1(X82)|c2_1(X82)|c3_1(X82)))|hskp11)&(![X83]:(ndr1_0=>(c1_1(X83)|c2_1(X83)|~c3_1(X83)))|![X84]:(ndr1_0=>(c2_1(X84)|c3_1(X84)|~c0_1(X84)))|hskp29)&(![X85]:(ndr1_0=>(c1_1(X85)|c2_1(X85)|~c3_1(X85)))|![X86]:(ndr1_0=>(~c0_1(X86)|~c1_1(X86)|~c3_1(X86)))|hskp0)&(![X87]:(ndr1_0=>(c1_1(X87)|c3_1(X87)|~c0_1(X87)))|![X88]:(ndr1_0=>(c3_1(X88)|~c0_1(X88)|~c1_1(X88)))|hskp23)&(![X89]:(ndr1_0=>(c1_1(X89)|c3_1(X89)|~c0_1(X89)))|![X90]:(ndr1_0=>(c3_1(X90)|~c0_1(X90)|~c2_1(X90)))|hskp2)&(![X91]:(ndr1_0=>(c1_1(X91)|c3_1(X91)|~c0_1(X91)))|![X92]:(ndr1_0=>(~c1_1(X92)|~c2_1(X92)|~c3_1(X92)))|hskp24)&(![X93]:(ndr1_0=>(c1_1(X93)|c3_1(X93)|~c2_1(X93)))|![X94]:(ndr1_0=>(c2_1(X94)|c3_1(X94)|~c0_1(X94)))|hskp15)&(![X95]:(ndr1_0=>(c1_1(X95)|c3_1(X95)|~c2_1(X95)))|![X96]:(ndr1_0=>(c2_1(X96)|~c1_1(X96)|~c3_1(X96)))|hskp23)&(![X97]:(ndr1_0=>(c1_1(X97)|c3_1(X97)|~c2_1(X97)))|![X98]:(ndr1_0=>(c3_1(X98)|~c0_1(X98)|~c1_1(X98)))|hskp15)&(![X99]:(ndr1_0=>(c1_1(X99)|c3_1(X99)|~c2_1(X99)))|![X100]:(ndr1_0=>(c3_1(X100)|~c1_1(X100)|~c2_1(X100)))|hskp22)&(![X101]:(ndr1_0=>(c1_1(X101)|c3_1(X101)|~c2_1(X101)))|![X102]:(ndr1_0=>(~c1_1(X102)|~c2_1(X102)|~c3_1(X102)))|hskp18)&(![X103]:(ndr1_0=>(c1_1(X103)|~c0_1(X103)|~c2_1(X103)))|![X104]:(ndr1_0=>(c3_1(X104)|~c0_1(X104)|~c1_1(X104)))|![X105]:(ndr1_0=>(~c0_1(X105)|~c1_1(X105)|~c2_1(X105))))&(![X106]:(ndr1_0=>(c1_1(X106)|~c0_1(X106)|~c3_1(X106)))|![X107]:(ndr1_0=>(~c0_1(X107)|~c1_1(X107)|~c2_1(X107)))|hskp5)&(![X108]:(ndr1_0=>(c2_1(X108)|c3_1(X108)|~c0_1(X108)))|![X109]:(ndr1_0=>(~c0_1(X109)|~c2_1(X109)|~c3_1(X109)))|hskp18)&(![X110]:(ndr1_0=>(c2_1(X110)|c3_1(X110)|~c0_1(X110)))|hskp15|hskp17)&(![X111]:(ndr1_0=>(c2_1(X111)|~c0_1(X111)|~c1_1(X111)))|hskp13|hskp19)&(![X112]:(ndr1_0=>(c2_1(X112)|~c1_1(X112)|~c3_1(X112)))|![X113]:(ndr1_0=>(~c0_1(X113)|~c1_1(X113)|~c2_1(X113)))|hskp28)&(![X114]:(ndr1_0=>(c3_1(X114)|~c0_1(X114)|~c1_1(X114)))|![X115]:(ndr1_0=>(~c0_1(X115)|~c1_1(X115)|~c2_1(X115)))|![X116]:(ndr1_0=>(~c1_1(X116)|~c2_1(X116)|~c3_1(X116))))&(![X117]:(ndr1_0=>(c3_1(X117)|~c1_1(X117)|~c2_1(X117)))|hskp29|hskp30)&(![X118]:(ndr1_0=>(c3_1(X118)|~c1_1(X118)|~c2_1(X118)))|hskp24|hskp16)&(![X119]:(ndr1_0=>(c3_1(X119)|~c1_1(X119)|~c2_1(X119)))|hskp3|hskp25)&(![X120]:(ndr1_0=>(~c0_1(X120)|~c1_1(X120)|~c2_1(X120)))|hskp29|hskp4)&(![X121]:(ndr1_0=>(~c0_1(X121)|~c1_1(X121)|~c3_1(X121)))|hskp23|hskp5)&(![X122]:(ndr1_0=>(~c1_1(X122)|~c2_1(X122)|~c3_1(X122)))|hskp16|hskp22)&(hskp28|hskp1|hskp4)&(hskp2|hskp8|hskp14)&(hskp2|hskp4|hskp25)&(hskp20|hskp10|hskp26)&(hskp11|hskp0|hskp26)&(hskp15|hskp10|hskp22)))			
../../TPTP-v7.3.0/Problems/SYN/SYN284-1.p		Unsatisfiable	UNKNOWN		UNKNOWN		cnf					
../../TPTP-v7.3.0/Problems/SYN/SYN787-1.p		Satisfiable	UNKNOWN		UNKNOWN		cnf					
../../TPTP-v7.3.0/Problems/SYN/SYN367+1.p		Theorem	UNKNOWN		UNKNOWN		fof		(![X]:((p&big_q(X))|(~p&big_r(X)))=>(![X]:big_q(X)|![X]:big_r(X)))			
../../TPTP-v7.3.0/Problems/SYN/SYN619-1.p		Unsatisfiable	UNKNOWN		UNKNOWN		cnf					
../../TPTP-v7.3.0/Problems/SYN/SYN859-1.p		Unsatisfiable	UNKNOWN		UNKNOWN		cnf					
../../TPTP-v7.3.0/Problems/SYN/SYN181-1.p		Unsatisfiable	UNKNOWN		UNKNOWN		cnf					
../../TPTP-v7.3.0/Problems/SYN/SYN857-1.p		Unsatisfiable	UNKNOWN		UNKNOWN		cnf					
../../TPTP-v7.3.0/Problems/SYN/SYN256-1.p		Unsatisfiable	UNKNOWN		UNKNOWN		cnf					
../../TPTP-v7.3.0/Problems/SYN/SYN867-1.p		Satisfiable	UNKNOWN		UNKNOWN		cnf					
../../TPTP-v7.3.0/Problems/SYN/SYN404+1.p		Theorem	YES	DTS/Alligator/AlexHappy/output/SYN404+1_dts.html	UNKNOWN		fof		(![X]:f(X)=>?[Y]:f(Y))			
../../TPTP-v7.3.0/Problems/SYN/SYN582-1.p		Unsatisfiable	UNKNOWN		UNKNOWN		cnf					
../../TPTP-v7.3.0/Problems/SYN/SYN565-1.p		Unsatisfiable	UNKNOWN		UNKNOWN		cnf					
../../TPTP-v7.3.0/Problems/SYN/SYN001-1.005.p		Unsatisfiable	UNKNOWN		UNKNOWN		cnf					
../../TPTP-v7.3.0/Problems/SYN/SYN575-1.p		Unsatisfiable	UNKNOWN		UNKNOWN		cnf					
../../TPTP-v7.3.0/Problems/SYN/SYN236-1.p		Unsatisfiable	UNKNOWN		UNKNOWN		cnf					
../../TPTP-v7.3.0/Problems/SYN/SYN172-1.p		Unsatisfiable	UNKNOWN		UNKNOWN		cnf					
../../TPTP-v7.3.0/Problems/SYN/SYN316+1.p		CounterSatisfiable	UNKNOWN		UNKNOWN		fof		(?[X]:![Y]:(big_f(X)<=>big_f(Y)))			
../../TPTP-v7.3.0/Problems/SYN/SYN209-1.p		Unsatisfiable	UNKNOWN		UNKNOWN		cnf					
../../TPTP-v7.3.0/Problems/SYN/SYN924+1.p		Theorem	UNKNOWN		UNKNOWN		fof		(?[X]:(p(X)|q(X))<=>(?[X]:p(X)|?[X]:q(X)))			
../../TPTP-v7.3.0/Problems/SYN/SYN596-1.p		Unsatisfiable	UNKNOWN		UNKNOWN		cnf					
../../TPTP-v7.3.0/Problems/SYN/SYN837-1.p		Unsatisfiable	UNKNOWN		UNKNOWN		cnf					
../../TPTP-v7.3.0/Problems/SYN/SYN182-1.p		Unsatisfiable	UNKNOWN		UNKNOWN		cnf					
../../TPTP-v7.3.0/Problems/SYN/SYN365+1.p		Theorem	UNKNOWN		UNKNOWN		fof		((![X]:?[Y]:(big_p(X)=>(big_r(X,g(h(Y)))&big_p(Y)))&![W]:(big_p(W)=>(big_p(g(W))&big_p(h(W)))))=>![X]:(big_p(X)=>?[Y]:(big_r(X,Y)&big_p(Y))))			
../../TPTP-v7.3.0/Problems/SYN/SYN329-1.p		Satisfiable	UNKNOWN		UNKNOWN		cnf					
../../TPTP-v7.3.0/Problems/SYN/SYN206-1.p		Unsatisfiable	UNKNOWN		UNKNOWN		cnf					
../../TPTP-v7.3.0/Problems/SYN/SYN001+1.p		Theorem	YES	DTS/Alligator/AlexHappy/output/SYN001+1_dts.html	UNKNOWN		fof		(~~p<=>p)			
../../TPTP-v7.3.0/Problems/SYN/SYN519+1.p		CounterSatisfiable	UNKNOWN		UNKNOWN		fof		(~(c1_0&(c2_0|c3_0|~c4_0)&(c2_0|c3_0|![U]:(ndr1_0=>c2_1(U)))&(c2_0|c3_0|(ndr1_0&![V]:(ndr1_1(a1)=>(c1_2(a1,V)|c2_2(a1,V)|c3_2(a1,V)))&![W]:(ndr1_1(a1)=>(c3_2(a1,W)|~c5_2(a1,W)))))&(c2_0|c5_0|~c4_0)&(c2_0|~c4_0)&(c2_0|(ndr1_0&c5_1(a2)&ndr1_1(a2)&c5_2(a2,a3)&~c4_2(a2,a3)))&(c2_0|~c3_0|![X]:(ndr1_0=>(c1_1(X)|c2_1(X)|(ndr1_1(X)&c2_2(X,a4)&~c4_2(X,a4)))))&(c2_0|~c3_0|![Y]:(ndr1_0=>(c2_1(Y)|~c1_1(Y)|(ndr1_1(Y)&c4_2(Y,a5)&c5_2(Y,a5)&~c3_2(Y,a5)))))&(c2_0|![Z]:(ndr1_0=>(c1_1(Z)|~c5_1(Z)|(ndr1_1(Z)&c2_2(Z,a6)&c4_2(Z,a6)&~c1_2(Z,a6))))|(ndr1_0&~c1_1(a7)&![X1]:(ndr1_1(a7)=>(c2_2(a7,X1)|c5_2(a7,X1)))&ndr1_1(a7)&c4_2(a7,a8)&c5_2(a7,a8)&~c1_2(a7,a8)))&(c2_0|![X2]:(ndr1_0=>(~c1_1(X2)|![X3]:(ndr1_1(X2)=>(c1_2(X2,X3)|c3_2(X2,X3)|~c5_2(X2,X3)))|(ndr1_1(X2)&c1_2(X2,a9)&~c2_2(X2,a9)&~c3_2(X2,a9))))|(ndr1_0&~c1_1(a10)&![X4]:(ndr1_1(a10)=>(c5_2(a10,X4)|~c1_2(a10,X4)|~c4_2(a10,X4)))&ndr1_1(a10)&~c3_2(a10,a11)&~c5_2(a10,a11)))&(c2_0|![X5]:(ndr1_0=>(~c2_1(X5)|~c3_1(X5)|~c5_1(X5)))|![X6]:(ndr1_0=>(~c2_1(X6)|(ndr1_1(X6)&c1_2(X6,a12)&c2_2(X6,a12)&~c3_2(X6,a12))|(ndr1_1(X6)&~c2_2(X6,a13)&~c4_2(X6,a13)&~c5_2(X6,a13)))))&(c2_0|![X7]:(ndr1_0=>(~c2_1(X7)|(ndr1_1(X7)&~c2_2(X7,a14)&~c4_2(X7,a14))|(ndr1_1(X7)&~c4_2(X7,a15)&~c5_2(X7,a15))))|(ndr1_0&c5_1(a16)&![X8]:(ndr1_1(a16)=>(c4_2(a16,X8)|c5_2(a16,X8)))&ndr1_1(a16)&c5_2(a16,a17)&~c1_2(a16,a17)))&(c2_0|![X9]:(ndr1_0=>(~c3_1(X9)|~c4_1(X9)|(ndr1_1(X9)&c2_2(X9,a18)&c5_2(X9,a18))))|(ndr1_0&c3_1(a19)&![X10]:(ndr1_1(a19)=>(c2_2(a19,X10)|c4_2(a19,X10)|~c5_2(a19,X10)))&![X11]:(ndr1_1(a19)=>(c3_2(a19,X11)|~c4_2(a19,X11)|~c5_2(a19,X11)))))&(c2_0|![X12]:(ndr1_0=>(~c4_1(X12)|![X13]:(ndr1_1(X12)=>(c2_2(X12,X13)|c4_2(X12,X13)|~c5_2(X12,X13)))|![X14]:(ndr1_1(X12)=>(c4_2(X12,X14)|~c1_2(X12,X14)|~c3_2(X12,X14)))))|(ndr1_0&c1_1(a20)&~c2_1(a20)&ndr1_1(a20)&~c2_2(a20,a21)&~c3_2(a20,a21)&~c4_2(a20,a21)))&(c2_0|![X15]:(ndr1_0=>(~c4_1(X15)|![X16]:(ndr1_1(X15)=>(c3_2(X15,X16)|c4_2(X15,X16)|c5_2(X15,X16)))|(ndr1_1(X15)&c3_2(X15,a22)&~c2_2(X15,a22)))))&(c2_0|(ndr1_0&~c4_1(a23)&![X17]:(ndr1_1(a23)=>(c1_2(a23,X17)|c3_2(a23,X17)|c5_2(a23,X17)))&ndr1_1(a23)&c2_2(a23,a24)&c3_2(a23,a24)&~c1_2(a23,a24)))&(c3_0|c5_0|![X18]:(ndr1_0=>(~c4_1(X18)|(ndr1_1(X18)&c3_2(X18,a25)&~c2_2(X18,a25)&~c4_2(X18,a25)))))&(c3_0|c5_0|(ndr1_0&~c1_1(a26)&![X19]:(ndr1_1(a26)=>(c2_2(a26,X19)|c5_2(a26,X19)|~c3_2(a26,X19)))))&(c3_0|(ndr1_0&c1_1(a27)&~c2_1(a27)))&(c3_0|~c2_0|![X20]:(ndr1_0=>(c3_1(X20)|![X21]:(ndr1_1(X20)=>(c3_2(X20,X21)|c4_2(X20,X21)|~c5_2(X20,X21)))|(ndr1_1(X20)&c1_2(X20,a28)&~c3_2(X20,a28)&~c4_2(X20,a28)))))&(c3_0|~c2_0|(ndr1_0&~c1_1(a29)&ndr1_1(a29)&c3_2(a29,a30)&~c5_2(a29,a30)))&(c3_0|~c4_0|![X22]:(ndr1_0=>((ndr1_1(X22)&c2_2(X22,a31)&~c4_2(X22,a31)&~c5_2(X22,a31))|(ndr1_1(X22)&c4_2(X22,a32)&c5_2(X22,a32)))))&(c3_0|~c5_0|![X23]:(ndr1_0=>(c1_1(X23)|c2_1(X23)|![X24]:(ndr1_1(X23)=>(c2_2(X23,X24)|c5_2(X23,X24))))))&(c3_0|~c5_0|(ndr1_0&c2_1(a33)&c5_1(a33)&![X25]:(ndr1_1(a33)=>(c3_2(a33,X25)|c4_2(a33,X25)|~c1_2(a33,X25)))))&(c3_0|~c5_0|(ndr1_0&~c2_1(a34)&![X26]:(ndr1_1(a34)=>(c2_2(a34,X26)|c5_2(a34,X26)|~c1_2(a34,X26)))&ndr1_1(a34)&c2_2(a34,a35)&c5_2(a34,a35)&~c1_2(a34,a35)))&(c3_0|![X27]:(ndr1_0=>(c1_1(X27)|c2_1(X27)|~c5_1(X27))))&(c3_0|![X28]:(ndr1_0=>(c2_1(X28)|c4_1(X28)|![X29]:(ndr1_1(X28)=>(c2_2(X28,X29)|c3_2(X28,X29)|~c1_2(X28,X29)))))|![X30]:(ndr1_0=>(![X31]:(ndr1_1(X30)=>(c1_2(X30,X31)|c3_2(X30,X31)))|(ndr1_1(X30)&c3_2(X30,a36)&~c1_2(X30,a36)&~c2_2(X30,a36)))))&(c3_0|![X32]:(ndr1_0=>(c3_1(X32)|~c5_1(X32)|![X33]:(ndr1_1(X32)=>(~c2_2(X32,X33)|~c5_2(X32,X33)))))|![X34]:(ndr1_0=>(![X35]:(ndr1_1(X34)=>(c2_2(X34,X35)|~c1_2(X34,X35)|~c4_2(X34,X35)))|![X36]:(ndr1_1(X34)=>(~c2_2(X34,X36)|~c3_2(X34,X36)|~c5_2(X34,X36)))|![X37]:(ndr1_1(X34)=>(~c3_2(X34,X37)|~c4_2(X34,X37)|~c5_2(X34,X37))))))&(c3_0|![X38]:(ndr1_0=>(c4_1(X38)|~c2_1(X38)|![X39]:(ndr1_1(X38)=>(~c2_2(X38,X39)|~c4_2(X38,X39)|~c5_2(X38,X39))))))&(c3_0|![X40]:(ndr1_0=>(~c4_1(X40)|~c5_1(X40)|(ndr1_1(X40)&~c2_2(X40,a37)&~c3_2(X40,a37)&~c4_2(X40,a37))))|(ndr1_0&~c1_1(a38)&![X41]:(ndr1_1(a38)=>(c4_2(a38,X41)|c5_2(a38,X41)|~c3_2(a38,X41)))&ndr1_1(a38)&c3_2(a38,a39)&~c5_2(a38,a39)))&(c3_0|![X42]:(ndr1_0=>(~c4_1(X42)|![X43]:(ndr1_1(X42)=>(~c1_2(X42,X43)|~c4_2(X42,X43)))|(ndr1_1(X42)&c1_2(X42,a40)&c4_2(X42,a40)&~c3_2(X42,a40))))|(ndr1_0&c2_1(a41)&c5_1(a41)&![X44]:(ndr1_1(a41)=>(~c3_2(a41,X44)|~c5_2(a41,X44)))))&(c3_0|![X45]:(ndr1_0=>(![X46]:(ndr1_1(X45)=>(c2_2(X45,X46)|c4_2(X45,X46)|~c1_2(X45,X46)))|(ndr1_1(X45)&c3_2(X45,a42)&c4_2(X45,a42)&~c2_2(X45,a42))))|(ndr1_0&c4_1(a43)&c5_1(a43)&![X47]:(ndr1_1(a43)=>(c1_2(a43,X47)|~c3_2(a43,X47)|~c4_2(a43,X47)))))&(c3_0|![X48]:(ndr1_0=>((ndr1_1(X48)&c3_2(X48,a44)&~c2_2(X48,a44)&~c4_2(X48,a44))|(ndr1_1(X48)&c5_2(X48,a45)&~c4_2(X48,a45)))))&(c3_0|(ndr1_0&c1_1(a46)&c2_1(a46)&![X49]:(ndr1_1(a46)=>(c4_2(a46,X49)|~c2_2(a46,X49)))))&(c3_0|(ndr1_0&~c1_1(a47)&![X50]:(ndr1_1(a47)=>(c1_2(a47,X50)|c4_2(a47,X50)|c5_2(a47,X50)))&![X51]:(ndr1_1(a47)=>(c1_2(a47,X51)|~c5_2(a47,X51)))))&(c3_0|(ndr1_0&![X52]:(ndr1_1(a48)=>(c1_2(a48,X52)|~c3_2(a48,X52)))&![X53]:(ndr1_1(a48)=>(c3_2(a48,X53)|~c2_2(a48,X53))))|(ndr1_0&![X54]:(ndr1_1(a49)=>(c1_2(a49,X54)|c2_2(a49,X54)|c4_2(a49,X54)))))&(c4_0|c5_0)&(c4_0|c5_0|![X55]:(ndr1_0=>(c2_1(X55)|~c1_1(X55)|(ndr1_1(X55)&c2_2(X55,a50)&c3_2(X55,a50)))))&(c4_0|c5_0|![X56]:(ndr1_0=>(~c3_1(X56)|![X57]:(ndr1_1(X56)=>(c1_2(X56,X57)|~c2_2(X56,X57)|~c5_2(X56,X57)))|![X58]:(ndr1_1(X56)=>(c3_2(X56,X58)|c4_2(X56,X58)|~c5_2(X56,X58))))))&c4_0&(c5_0|(ndr1_0&~c4_1(a51)&![X59]:(ndr1_1(a51)=>(c2_2(a51,X59)|c4_2(a51,X59)|~c3_2(a51,X59)))&ndr1_1(a51)&c2_2(a51,a52)&c3_2(a51,a52)&~c4_2(a51,a52)))&(c5_0|~c3_0)&(c5_0|![X60]:(ndr1_0=>(c1_1(X60)|![X61]:(ndr1_1(X60)=>(c1_2(X60,X61)|c3_2(X60,X61)))|![X62]:(ndr1_1(X60)=>(c3_2(X60,X62)|c4_2(X60,X62)))))|![X63]:(ndr1_0=>(~c2_1(X63)|~c5_1(X63)|(ndr1_1(X63)&c2_2(X63,a53)&~c4_2(X63,a53)))))&(c5_0|![X64]:(ndr1_0=>(c3_1(X64)|c4_1(X64)|~c5_1(X64)))|(ndr1_0&c3_1(a54)&c4_1(a54)))&(~c2_0|![X65]:(ndr1_0=>(![X66]:(ndr1_1(X65)=>(c5_2(X65,X66)|~c1_2(X65,X66)|~c4_2(X65,X66)))|![X67]:(ndr1_1(X65)=>(~c3_2(X65,X67)|~c4_2(X65,X67)|~c5_2(X65,X67)))|(ndr1_1(X65)&~c1_2(X65,a55)&~c4_2(X65,a55)))))&~c3_0&![X68]:(ndr1_0=>(c5_1(X68)|~c4_1(X68)|(ndr1_1(X68)&c1_2(X68,a56)&c5_2(X68,a56)&~c3_2(X68,a56))))&(~c5_0|![X69]:(ndr1_0=>(~c3_1(X69)|![X70]:(ndr1_1(X69)=>(~c2_2(X69,X70)|~c3_2(X69,X70)|~c4_2(X69,X70)))|(ndr1_1(X69)&c2_2(X69,a57)&c4_2(X69,a57)&c5_2(X69,a57)))))&(![X71]:(ndr1_0=>(c1_1(X71)|c3_1(X71)))|![X72]:(ndr1_0=>(~c2_1(X72)|![X73]:(ndr1_1(X72)=>(c1_2(X72,X73)|c4_2(X72,X73)|~c5_2(X72,X73)))|![X74]:(ndr1_1(X72)=>(~c1_2(X72,X74)|~c2_2(X72,X74)|~c3_2(X72,X74))))))&(![X75]:(ndr1_0=>(c4_1(X75)|~c5_1(X75)|![X76]:(ndr1_1(X75)=>~c2_2(X75,X76))))|(ndr1_0&c4_1(a58)&~c2_1(a58)&![X77]:(ndr1_1(a58)=>(c1_2(a58,X77)|c2_2(a58,X77)|c5_2(a58,X77)))))&![X78]:(ndr1_0=>(c4_1(X78)|(ndr1_1(X78)&c2_2(X78,a59)&c3_2(X78,a59))|(ndr1_1(X78)&~c2_2(X78,a60)&~c4_2(X78,a60)&~c5_2(X78,a60))))&(![X79]:(ndr1_0=>(~c1_1(X79)|![X80]:(ndr1_1(X79)=>(c3_2(X79,X80)|~c1_2(X79,X80)))|![X81]:(ndr1_1(X79)=>(c4_2(X79,X81)|~c5_2(X79,X81)))))|(ndr1_0&ndr1_1(a61)&c1_2(a61,a62)&c4_2(a61,a62)&~c2_2(a61,a62)&ndr1_1(a61)&c1_2(a61,a63)&~c4_2(a61,a63)&~c5_2(a61,a63)&ndr1_1(a61)&~c3_2(a61,a64)&~c4_2(a61,a64)))&(![X82]:(ndr1_0=>(~c4_1(X82)|(ndr1_1(X82)&c1_2(X82,a65)&c2_2(X82,a65))))|(ndr1_0&c5_1(a66)&ndr1_1(a66)&c3_2(a66,a67)&c5_2(a66,a67)&~c2_2(a66,a67)))&(![X83]:(ndr1_0=>(![X84]:(ndr1_1(X83)=>(c2_2(X83,X84)|c4_2(X83,X84)|~c5_2(X83,X84)))|(ndr1_1(X83)&c1_2(X83,a68)&c3_2(X83,a68)&~c2_2(X83,a68))|(ndr1_1(X83)&c3_2(X83,a69)&~c1_2(X83,a69)&~c2_2(X83,a69))))|(ndr1_0&c2_1(a70)&~c4_1(a70)&~c5_1(a70)))&((ndr1_0&c3_1(a71)&~c2_1(a71)&~c5_1(a71))|(ndr1_0&~c3_1(a72)&ndr1_1(a72)&c2_2(a72,a73)&c3_2(a72,a73)&~c4_2(a72,a73)))&(~c2_0|![X85]:(ndr1_0=>(c2_1(X85)|c3_1(X85)|~c1_1(X85)))|(ndr1_0&c2_1(a74)&ndr1_1(a74)&c1_2(a74,a75)&~c4_2(a74,a75)&~c5_2(a74,a75)&ndr1_1(a74)&c2_2(a74,a76)&c3_2(a74,a76)&~c1_2(a74,a76)))&(~c2_0|![X86]:(ndr1_0=>(c4_1(X86)|~c3_1(X86)|![X87]:(ndr1_1(X86)=>(c2_2(X86,X87)|c4_2(X86,X87)|c5_2(X86,X87)))))|![X88]:(ndr1_0=>(c5_1(X88)|~c2_1(X88)|~c3_1(X88))))&(~c2_0|![X89]:(ndr1_0=>(~c2_1(X89)|![X90]:(ndr1_1(X89)=>(~c2_2(X89,X90)|~c3_2(X89,X90)))|(ndr1_1(X89)&c2_2(X89,a77)&c3_2(X89,a77))))|![X91]:(ndr1_0=>(~c4_1(X91)|(ndr1_1(X91)&c4_2(X91,a78)&c5_2(X91,a78)&~c3_2(X91,a78)))))&(~c2_0|![X92]:(ndr1_0=>(~c5_1(X92)|![X93]:(ndr1_1(X92)=>(c1_2(X92,X93)|~c5_2(X92,X93)))|(ndr1_1(X92)&~c2_2(X92,a79)&~c4_2(X92,a79))))|(ndr1_0&~c3_1(a80)&~c5_1(a80)))&(~c2_0|![X94]:(ndr1_0=>(![X95]:(ndr1_1(X94)=>(c5_2(X94,X95)|~c4_2(X94,X95)))|(ndr1_1(X94)&c2_2(X94,a81)&~c1_2(X94,a81)&~c5_2(X94,a81))|(ndr1_1(X94)&c4_2(X94,a82)&~c1_2(X94,a82)&~c3_2(X94,a82))))|(ndr1_0&c2_1(a83)&~c4_1(a83)&ndr1_1(a83)&c1_2(a83,a84)&c2_2(a83,a84)&c3_2(a83,a84)))&(~c2_0|(ndr1_0&c3_1(a85)&![X96]:(ndr1_1(a85)=>(c3_2(a85,X96)|~c1_2(a85,X96)|~c4_2(a85,X96)))&![X97]:(ndr1_1(a85)=>(c3_2(a85,X97)|~c1_2(a85,X97)|~c5_2(a85,X97)))))&(~c2_0|(ndr1_0&c4_1(a86)&c5_1(a86)&~c1_1(a86))|(ndr1_0&~c4_1(a87)&ndr1_1(a87)&c2_2(a87,a88)&c3_2(a87,a88)&c5_2(a87,a88)&ndr1_1(a87)&c2_2(a87,a89)&c3_2(a87,a89)&~c4_2(a87,a89)))&(~c2_0|(ndr1_0&~c3_1(a90)&~c4_1(a90)))&(~c5_0|(ndr1_0&c5_1(a91)&~c4_1(a91)&ndr1_1(a91)&~c1_2(a91,a92)&~c2_2(a91,a92)&~c4_2(a91,a92)))&![X98]:(ndr1_0=>(c2_1(X98)|c3_1(X98)|![X99]:(ndr1_1(X98)=>(c2_2(X98,X99)|c3_2(X98,X99)|~c5_2(X98,X99)))))&(![X100]:(ndr1_0=>(c2_1(X100)|~c4_1(X100)|![X101]:(ndr1_1(X100)=>(c3_2(X100,X101)|~c1_2(X100,X101)|~c4_2(X100,X101)))))|(ndr1_0&~c3_1(a93)&![X102]:(ndr1_1(a93)=>(c1_2(a93,X102)|c5_2(a93,X102)|~c3_2(a93,X102)))))&(![X103]:(ndr1_0=>(c2_1(X103)|![X104]:(ndr1_1(X103)=>(c1_2(X103,X104)|~c3_2(X103,X104)|~c5_2(X103,X104)))))|(ndr1_0&c5_1(a94)&![X105]:(ndr1_1(a94)=>(c3_2(a94,X105)|~c2_2(a94,X105)|~c5_2(a94,X105)))&ndr1_1(a94)&c2_2(a94,a95)&~c4_2(a94,a95)))&(![X106]:(ndr1_0=>(~c1_1(X106)|~c2_1(X106)))|(ndr1_0&~c3_1(a96)&![X107]:(ndr1_1(a96)=>(c3_2(a96,X107)|c5_2(a96,X107)|~c1_2(a96,X107)))&ndr1_1(a96)&c3_2(a96,a97)&~c5_2(a96,a97)))&(![X108]:(ndr1_0=>(~c1_1(X108)|~c3_1(X108)|(ndr1_1(X108)&c1_2(X108,a98)&c4_2(X108,a98)&c5_2(X108,a98))))|(ndr1_0&~c1_1(a99)&![X109]:(ndr1_1(a99)=>(c4_2(a99,X109)|~c2_2(a99,X109)))&![X110]:(ndr1_1(a99)=>(~c1_2(a99,X110)|~c2_2(a99,X110)|~c3_2(a99,X110)))))&![X111]:(ndr1_0=>(~c3_1(X111)|(ndr1_1(X111)&c1_2(X111,a100)&c4_2(X111,a100)&~c3_2(X111,a100))|(ndr1_1(X111)&c2_2(X111,a101)&~c3_2(X111,a101)&~c5_2(X111,a101))))&((ndr1_0&c3_1(a102)&c5_1(a102))|(ndr1_0&c4_1(a103)&~c2_1(a103)&ndr1_1(a103)&c4_2(a103,a104)&~c3_2(a103,a104)))&(~c5_0|![X112]:(ndr1_0=>(c1_1(X112)|c3_1(X112)|(ndr1_1(X112)&~c2_2(X112,a105)&~c3_2(X112,a105))))|![X113]:(ndr1_0=>(~c1_1(X113)|(ndr1_1(X113)&c4_2(X113,a106)&~c1_2(X113,a106)))))&(~c5_0|![X114]:(ndr1_0=>(c2_1(X114)|~c4_1(X114)|![X115]:(ndr1_1(X114)=>(c1_2(X114,X115)|c4_2(X114,X115)|~c2_2(X114,X115))))))&(~c5_0|![X116]:(ndr1_0=>(c3_1(X116)|![X117]:(ndr1_1(X116)=>(c1_2(X116,X117)|c3_2(X116,X117)|~c5_2(X116,X117)))|![X118]:(ndr1_1(X116)=>(c1_2(X116,X118)|c5_2(X116,X118)|~c3_2(X116,X118))))))&(~c5_0|(ndr1_0&![X119]:(ndr1_1(a107)=>(c1_2(a107,X119)|c2_2(a107,X119)))&![X120]:(ndr1_1(a107)=>(~c1_2(a107,X120)|~c3_2(a107,X120)|~c4_2(a107,X120)))&ndr1_1(a107)&c4_2(a107,a108)&~c1_2(a107,a108)))&(![X121]:(ndr1_0=>(c0_1(X121)&~c0_1(X121)))|(ndr1_0&c4_1(a109)&~c1_1(a109))|(ndr1_0&~c5_1(a110)&ndr1_1(a110)&c3_2(a110,a111)&~c2_2(a110,a111)&~c5_2(a110,a111)))&(![X122]:(ndr1_0=>(c1_1(X122)|~c2_1(X122)|(ndr1_1(X122)&c3_2(X122,a112)&~c4_2(X122,a112))))|![X123]:(ndr1_0=>(c5_1(X123)|(ndr1_1(X123)&c3_2(X123,a113)&~c4_2(X123,a113)&~c5_2(X123,a113))))|(ndr1_0&c1_1(a114)&~c4_1(a114)&~c5_1(a114)))&(![X124]:(ndr1_0=>(c1_1(X124)|~c5_1(X124)|![X125]:(ndr1_1(X124)=>(c2_2(X124,X125)|c4_2(X124,X125)|~c1_2(X124,X125)))))|![X126]:(ndr1_0=>(c5_1(X126)|(ndr1_1(X126)&c1_2(X126,a115)&c2_2(X126,a115)&~c4_2(X126,a115))|(ndr1_1(X126)&c4_2(X126,a116)&~c1_2(X126,a116)&~c5_2(X126,a116)))))&(![X127]:(ndr1_0=>(c1_1(X127)|![X128]:(ndr1_1(X127)=>(c4_2(X127,X128)|~c1_2(X127,X128)))|(ndr1_1(X127)&c1_2(X127,a117)&~c5_2(X127,a117))))|![X129]:(ndr1_0=>(c2_1(X129)|c4_1(X129)|~c3_1(X129)))|(ndr1_0&c5_1(a118)&~c3_1(a118)))&(![X130]:(ndr1_0=>(c2_1(X130)|c3_1(X130)|(ndr1_1(X130)&~c3_2(X130,a119)&~c4_2(X130,a119))))|(ndr1_0&~c3_1(a120)&~c4_1(a120)&![X131]:(ndr1_1(a120)=>(c1_2(a120,X131)|c3_2(a120,X131)|c5_2(a120,X131))))|(ndr1_0&~c5_1(a121)&![X132]:(ndr1_1(a121)=>(c3_2(a121,X132)|~c1_2(a121,X132)))))&(![X133]:(ndr1_0=>(c2_1(X133)|![X134]:(ndr1_1(X133)=>(c4_2(X133,X134)|c5_2(X133,X134)|~c3_2(X133,X134)))))|![X135]:(ndr1_0=>(c5_1(X135)|![X136]:(ndr1_1(X135)=>(c1_2(X135,X136)|~c2_2(X135,X136)))))|(ndr1_0&c3_1(a122)&~c1_1(a122)&~c2_1(a122)))&(![X137]:(ndr1_0=>(c3_1(X137)|~c2_1(X137)|![X138]:(ndr1_1(X137)=>(c1_2(X137,X138)|c4_2(X137,X138)|~c2_2(X137,X138)))))|(ndr1_0&c5_1(a123)&~c4_1(a123)&![X139]:(ndr1_1(a123)=>(c2_2(a123,X139)|c4_2(a123,X139)|~c1_2(a123,X139)))))&(![X140]:(ndr1_0=>(c4_1(X140)|~c2_1(X140)|(ndr1_1(X140)&c1_2(X140,a124)&c3_2(X140,a124)&c5_2(X140,a124))))|(ndr1_0&ndr1_1(a125)&c3_2(a125,a126)&~c4_2(a125,a126)))&(![X141]:(ndr1_0=>(c5_1(X141)|~c1_1(X141)))|(ndr1_0&c4_1(a127)&c5_1(a127)&~c3_1(a127))|(ndr1_0&c5_1(a128)&![X142]:(ndr1_1(a128)=>(c3_2(a128,X142)|c4_2(a128,X142)))&![X143]:(ndr1_1(a128)=>(c5_2(a128,X143)|~c3_2(a128,X143)|~c4_2(a128,X143)))))&(![X144]:(ndr1_0=>(c5_1(X144)|~c4_1(X144)|(ndr1_1(X144)&~c3_2(X144,a129)&~c4_2(X144,a129)&~c5_2(X144,a129))))|(ndr1_0&~c1_1(a130)&~c5_1(a130)&![X145]:(ndr1_1(a130)=>(c1_2(a130,X145)|c4_2(a130,X145)|c5_2(a130,X145)))))&(![X146]:(ndr1_0=>(~c1_1(X146)|~c4_1(X146)))|(ndr1_0&c1_1(a131)&![X147]:(ndr1_1(a131)=>(c1_2(a131,X147)|c4_2(a131,X147)|~c3_2(a131,X147))))|(ndr1_0&~c1_1(a132)&~c3_1(a132)))&(![X148]:(ndr1_0=>(~c1_1(X148)|![X149]:(ndr1_1(X148)=>(c1_2(X148,X149)|c5_2(X148,X149)|~c2_2(X148,X149)))|(ndr1_1(X148)&c4_2(X148,a133)&c5_2(X148,a133)&~c1_2(X148,a133))))|![X150]:(ndr1_0=>(![X151]:(ndr1_1(X150)=>(c3_2(X150,X151)|~c4_2(X150,X151)))|(ndr1_1(X150)&c2_2(X150,a134)&~c3_2(X150,a134))))|(ndr1_0&c5_1(a135)&~c3_1(a135)))&(![X152]:(ndr1_0=>(~c1_1(X152)|(ndr1_1(X152)&c1_2(X152,a136)&c5_2(X152,a136)&~c2_2(X152,a136))|(ndr1_1(X152)&c4_2(X152,a137)&~c1_2(X152,a137)&~c5_2(X152,a137))))|![X153]:(ndr1_0=>(~c3_1(X153)|(ndr1_1(X153)&c5_2(X153,a138)&~c1_2(X153,a138)&~c2_2(X153,a138))))|(ndr1_0&c2_1(a139)&~c1_1(a139)))&(![X154]:(ndr1_0=>(~c2_1(X154)|![X155]:(ndr1_1(X154)=>(c4_2(X154,X155)|~c1_2(X154,X155)|~c3_2(X154,X155)))))|![X156]:(ndr1_0=>(![X157]:(ndr1_1(X156)=>(c1_2(X156,X157)|c2_2(X156,X157)|c3_2(X156,X157)))|![X158]:(ndr1_1(X156)=>(c3_2(X156,X158)|c4_2(X156,X158)))))|(ndr1_0&~c1_1(a140)&~c5_1(a140)&![X159]:(ndr1_1(a140)=>(c2_2(a140,X159)|~c4_2(a140,X159)))))&(![X160]:(ndr1_0=>(~c3_1(X160)|![X161]:(ndr1_1(X160)=>(c4_2(X160,X161)|~c1_2(X160,X161)|~c3_2(X160,X161)))|![X162]:(ndr1_1(X160)=>(c4_2(X160,X162)|~c2_2(X160,X162)|~c5_2(X160,X162)))))|![X163]:(ndr1_0=>(![X164]:(ndr1_1(X163)=>(~c1_2(X163,X164)|~c3_2(X163,X164)))|![X165]:(ndr1_1(X163)=>(~c2_2(X163,X165)|~c4_2(X163,X165)|~c5_2(X163,X165)))|(ndr1_1(X163)&c1_2(X163,a141)&c4_2(X163,a141))))|(ndr1_0&![X166]:(ndr1_1(a142)=>(c2_2(a142,X166)|c3_2(a142,X166)|c5_2(a142,X166)))&![X167]:(ndr1_1(a142)=>(c4_2(a142,X167)|~c2_2(a142,X167)|~c3_2(a142,X167)))))&(![X168]:(ndr1_0=>(![X169]:(ndr1_1(X168)=>(c3_2(X168,X169)|c5_2(X168,X169)|~c1_2(X168,X169)))|(ndr1_1(X168)&c1_2(X168,a143)&c2_2(X168,a143)&c4_2(X168,a143))))|(ndr1_0&c4_1(a144)&![X170]:(ndr1_1(a144)=>(c2_2(a144,X170)|c3_2(a144,X170)|c4_2(a144,X170)))&![X171]:(ndr1_1(a144)=>(c2_2(a144,X171)|c4_2(a144,X171)|~c1_2(a144,X171))))|(ndr1_0&~c1_1(a145)&![X172]:(ndr1_1(a145)=>(c3_2(a145,X172)|~c1_2(a145,X172)))))&((ndr1_0&c1_1(a146)&c3_1(a146)&![X173]:(ndr1_1(a146)=>(c2_2(a146,X173)|~c3_2(a146,X173)|~c4_2(a146,X173))))|(ndr1_0&~c3_1(a147)&~c4_1(a147)&ndr1_1(a147)&c2_2(a147,a148)&c4_2(a147,a148)&~c3_2(a147,a148))|(ndr1_0&ndr1_1(a149)&c2_2(a149,a150)&c3_2(a149,a150)&~c4_2(a149,a150)&ndr1_1(a149)&c3_2(a149,a151)&~c2_2(a149,a151)&~c5_2(a149,a151)&ndr1_1(a149)&~c1_2(a149,a152)&~c2_2(a149,a152)&~c4_2(a149,a152)))&((ndr1_0&c1_1(a153)&c5_1(a153))|(ndr1_0&c1_1(a154)&~c4_1(a154)&ndr1_1(a154)&c4_2(a154,a155)&~c3_2(a154,a155)&~c5_2(a154,a155))|(ndr1_0&c2_1(a156)&~c4_1(a156)&ndr1_1(a156)&c2_2(a156,a157)&~c5_2(a156,a157)))&((ndr1_0&c1_1(a158)&~c2_1(a158)&![X174]:(ndr1_1(a158)=>(c1_2(a158,X174)|c2_2(a158,X174)|~c3_2(a158,X174))))|(ndr1_0&c3_1(a159)&c4_1(a159)&c5_1(a159)))&((ndr1_0&c2_1(a160)&c3_1(a160))|(ndr1_0&c2_1(a161)&~c4_1(a161)&ndr1_1(a161)&c1_2(a161,a162)&c2_2(a161,a162)&c5_2(a161,a162))|(ndr1_0&![X175]:(ndr1_1(a163)=>(c4_2(a163,X175)|c5_2(a163,X175)|~c1_2(a163,X175)))))&((ndr1_0&c3_1(a164)&ndr1_1(a164)&c1_2(a164,a165)&c4_2(a164,a165)&ndr1_1(a164)&c3_2(a164,a166)&c5_2(a164,a166))|(ndr1_0&~c1_1(a167)&~c4_1(a167)&![X176]:(ndr1_1(a167)=>(c2_2(a167,X176)|c5_2(a167,X176)|~c1_2(a167,X176))))|(ndr1_0&ndr1_1(a168)&c1_2(a168,a169)&~c3_2(a168,a169)&~c4_2(a168,a169)&ndr1_1(a168)&c3_2(a168,a170)&c5_2(a168,a170)&~c1_2(a168,a170)&ndr1_1(a168)&~c2_2(a168,a171)&~c3_2(a168,a171)))&((ndr1_0&c5_1(a172)&![X177]:(ndr1_1(a172)=>(c2_2(a172,X177)|c5_2(a172,X177)))&![X178]:(ndr1_1(a172)=>(c2_2(a172,X178)|c5_2(a172,X178)|~c4_2(a172,X178))))|(ndr1_0&~c2_1(a173)&~c5_1(a173)&ndr1_1(a173)&~c3_2(a173,a174)&~c5_2(a173,a174)))))			
../../TPTP-v7.3.0/Problems/SYN/SYN378+1.p		Theorem	YES	DTS/Alligator/AlexHappy/output/SYN378+1_dts.html	UNKNOWN		fof		(![X]:big_p(X)=>(~(?[Y]:big_q(Y))|?[Z]:(big_p(Z)=>big_q(Z))))			
../../TPTP-v7.3.0/Problems/SYN/SYN462+1.p		Theorem	UNKNOWN		UNKNOWN		fof		(~((~hskp0|(ndr1_0&c0_1(a267)&~c2_1(a267)&~c3_1(a267)))&(~hskp1|(ndr1_0&c3_1(a268)&~c1_1(a268)&~c2_1(a268)))&(~hskp2|(ndr1_0&c0_1(a269)&~c1_1(a269)&~c2_1(a269)))&(~hskp3|(ndr1_0&c0_1(a270)&c3_1(a270)&~c2_1(a270)))&(~hskp4|(ndr1_0&~c0_1(a271)&~c1_1(a271)&~c3_1(a271)))&(~hskp5|(ndr1_0&c0_1(a272)&~c1_1(a272)&~c3_1(a272)))&(~hskp6|(ndr1_0&c1_1(a273)&c2_1(a273)&~c0_1(a273)))&(~hskp7|(ndr1_0&c0_1(a274)&c1_1(a274)&~c3_1(a274)))&(~hskp8|(ndr1_0&~c0_1(a275)&~c2_1(a275)&~c3_1(a275)))&(~hskp9|(ndr1_0&c2_1(a280)&c3_1(a280)&~c1_1(a280)))&(~hskp10|(ndr1_0&c3_1(a281)&~c0_1(a281)&~c2_1(a281)))&(~hskp11|(ndr1_0&c2_1(a282)&~c0_1(a282)&~c1_1(a282)))&(~hskp12|(ndr1_0&c2_1(a284)&~c0_1(a284)&~c3_1(a284)))&(~hskp13|(ndr1_0&c1_1(a286)&c3_1(a286)&~c0_1(a286)))&(~hskp14|(ndr1_0&c1_1(a287)&~c0_1(a287)&~c2_1(a287)))&(~hskp15|(ndr1_0&c2_1(a291)&c3_1(a291)&~c0_1(a291)))&(~hskp16|(ndr1_0&c0_1(a293)&c1_1(a293)&~c2_1(a293)))&(~hskp17|(ndr1_0&c3_1(a295)&~c0_1(a295)&~c1_1(a295)))&(~hskp18|(ndr1_0&c1_1(a298)&c3_1(a298)&~c2_1(a298)))&(~hskp19|(ndr1_0&c1_1(a303)&c2_1(a303)&~c3_1(a303)))&(~hskp20|(ndr1_0&c1_1(a305)&~c0_1(a305)&~c3_1(a305)))&(~hskp21|(ndr1_0&c0_1(a307)&c2_1(a307)&~c1_1(a307)))&(~hskp22|(ndr1_0&c0_1(a311)&c2_1(a311)&~c3_1(a311)))&(~hskp23|(ndr1_0&~c1_1(a313)&~c2_1(a313)&~c3_1(a313)))&(~hskp24|(ndr1_0&c2_1(a318)&~c1_1(a318)&~c3_1(a318)))&(~hskp25|(ndr1_0&c1_1(a352)&~c2_1(a352)&~c3_1(a352)))&(~hskp26|(ndr1_0&~c0_1(a356)&~c1_1(a356)&~c2_1(a356)))&(~hskp27|(ndr1_0&c1_1(a276)&c2_1(a276)&c3_1(a276)))&(~hskp28|(ndr1_0&c0_1(a278)&c1_1(a278)&c3_1(a278)))&(~hskp29|(ndr1_0&c0_1(a304)&c1_1(a304)&c2_1(a304)))&(~hskp30|(ndr1_0&c0_1(a337)&c2_1(a337)&c3_1(a337)))&(![U]:(ndr1_0=>(c0_1(U)|c1_1(U)|c2_1(U)))|![V]:(ndr1_0=>(c1_1(V)|c2_1(V)|c3_1(V)))|![W]:(ndr1_0=>(c1_1(W)|~c0_1(W)|~c2_1(W))))&(![X]:(ndr1_0=>(c0_1(X)|c1_1(X)|c2_1(X)))|![Y]:(ndr1_0=>(c1_1(Y)|c2_1(Y)|~c3_1(Y)))|![Z]:(ndr1_0=>(c1_1(Z)|c3_1(Z)|~c2_1(Z))))&(![X1]:(ndr1_0=>(c0_1(X1)|c1_1(X1)|c2_1(X1)))|hskp0|hskp1)&(![X2]:(ndr1_0=>(c0_1(X2)|c1_1(X2)|c3_1(X2)))|![X3]:(ndr1_0=>(c0_1(X3)|c2_1(X3)|c3_1(X3)))|hskp2)&(![X4]:(ndr1_0=>(c0_1(X4)|c1_1(X4)|~c2_1(X4)))|![X5]:(ndr1_0=>(c0_1(X5)|c1_1(X5)|~c3_1(X5)))|hskp3)&(![X6]:(ndr1_0=>(c0_1(X6)|c1_1(X6)|~c2_1(X6)))|![X7]:(ndr1_0=>(c0_1(X7)|~c1_1(X7)|~c3_1(X7)))|![X8]:(ndr1_0=>(c2_1(X8)|~c0_1(X8)|~c1_1(X8))))&(![X9]:(ndr1_0=>(c0_1(X9)|c1_1(X9)|~c2_1(X9)))|![X10]:(ndr1_0=>(c1_1(X10)|c3_1(X10)|~c0_1(X10)))|hskp4)&(![X11]:(ndr1_0=>(c0_1(X11)|c1_1(X11)|~c2_1(X11)))|![X12]:(ndr1_0=>(c2_1(X12)|c3_1(X12)|~c0_1(X12)))|hskp5)&(![X13]:(ndr1_0=>(c0_1(X13)|c1_1(X13)|~c3_1(X13)))|![X14]:(ndr1_0=>(~c0_1(X14)|~c1_1(X14)|~c2_1(X14)))|hskp6)&(![X15]:(ndr1_0=>(c0_1(X15)|c1_1(X15)|~c3_1(X15)))|hskp7|hskp8)&(![X16]:(ndr1_0=>(c0_1(X16)|c1_1(X16)|~c3_1(X16)))|hskp27|hskp1)&(![X17]:(ndr1_0=>(c0_1(X17)|c2_1(X17)|c3_1(X17)))|![X18]:(ndr1_0=>(c0_1(X18)|c3_1(X18)|~c2_1(X18)))|hskp28)&(![X19]:(ndr1_0=>(c0_1(X19)|c2_1(X19)|~c1_1(X19)))|![X20]:(ndr1_0=>(~c0_1(X20)|~c2_1(X20)|~c3_1(X20)))|hskp27)&(![X21]:(ndr1_0=>(c0_1(X21)|c2_1(X21)|~c1_1(X21)))|hskp9)&(![X22]:(ndr1_0=>(c0_1(X22)|c2_1(X22)|~c3_1(X22)))|![X23]:(ndr1_0=>(c0_1(X23)|~c1_1(X23)|~c3_1(X23)))|![X24]:(ndr1_0=>(~c0_1(X24)|~c1_1(X24)|~c3_1(X24))))&(![X25]:(ndr1_0=>(c0_1(X25)|c2_1(X25)|~c3_1(X25)))|![X26]:(ndr1_0=>(c1_1(X26)|~c2_1(X26)|~c3_1(X26)))|hskp10)&(![X27]:(ndr1_0=>(c0_1(X27)|c2_1(X27)|~c3_1(X27)))|![X28]:(ndr1_0=>(c2_1(X28)|~c1_1(X28)|~c3_1(X28)))|hskp11)&(![X29]:(ndr1_0=>(c0_1(X29)|c3_1(X29)|~c1_1(X29)))|![X30]:(ndr1_0=>(c1_1(X30)|~c0_1(X30)|~c3_1(X30)))|![X31]:(ndr1_0=>(c3_1(X31)|~c0_1(X31)|~c1_1(X31))))&(![X32]:(ndr1_0=>(c0_1(X32)|c3_1(X32)|~c2_1(X32)))|hskp7|hskp12)&(![X33]:(ndr1_0=>(c0_1(X33)|c3_1(X33)|~c2_1(X33)))|hskp6|hskp13)&(![X34]:(ndr1_0=>(c0_1(X34)|c3_1(X34)|~c2_1(X34)))|hskp14)&(![X35]:(ndr1_0=>(c0_1(X35)|c3_1(X35)|~c2_1(X35)))|hskp1|hskp4)&(![X36]:(ndr1_0=>(c0_1(X36)|~c1_1(X36)|~c2_1(X36)))|![X37]:(ndr1_0=>(c1_1(X37)|c3_1(X37)|~c0_1(X37)))|![X38]:(ndr1_0=>(c3_1(X38)|~c0_1(X38)|~c2_1(X38))))&(![X39]:(ndr1_0=>(c0_1(X39)|~c1_1(X39)|~c2_1(X39)))|![X40]:(ndr1_0=>(~c0_1(X40)|~c2_1(X40)|~c3_1(X40)))|hskp6)&(![X41]:(ndr1_0=>(c0_1(X41)|~c1_1(X41)|~c2_1(X41)))|hskp15|hskp12)&(![X42]:(ndr1_0=>(c0_1(X42)|~c1_1(X42)|~c3_1(X42)))|![X43]:(ndr1_0=>(c1_1(X43)|~c0_1(X43)|~c3_1(X43)))|hskp16)&(![X44]:(ndr1_0=>(c0_1(X44)|~c1_1(X44)|~c3_1(X44)))|hskp0|hskp17)&(![X45]:(ndr1_0=>(c1_1(X45)|c2_1(X45)|c3_1(X45)))|![X46]:(ndr1_0=>(c3_1(X46)|~c0_1(X46)|~c2_1(X46)))|hskp7)&(![X47]:(ndr1_0=>(c1_1(X47)|c2_1(X47)|~c0_1(X47)))|![X48]:(ndr1_0=>(c2_1(X48)|c3_1(X48)|~c0_1(X48)))|![X49]:(ndr1_0=>(c2_1(X49)|c3_1(X49)|~c1_1(X49))))&(![X50]:(ndr1_0=>(c1_1(X50)|c2_1(X50)|~c0_1(X50)))|![X51]:(ndr1_0=>(c2_1(X51)|~c1_1(X51)|~c3_1(X51)))|hskp7)&(![X52]:(ndr1_0=>(c1_1(X52)|c2_1(X52)|~c0_1(X52)))|![X53]:(ndr1_0=>(~c0_1(X53)|~c1_1(X53)|~c2_1(X53)))|hskp18)&(![X54]:(ndr1_0=>(c1_1(X54)|c2_1(X54)|~c3_1(X54)))|![X55]:(ndr1_0=>(c2_1(X55)|~c0_1(X55)|~c1_1(X55)))|![X56]:(ndr1_0=>(c3_1(X56)|~c1_1(X56)|~c2_1(X56))))&(![X57]:(ndr1_0=>(c1_1(X57)|c2_1(X57)|~c3_1(X57)))|hskp0|hskp10)&(![X58]:(ndr1_0=>(c1_1(X58)|c2_1(X58)|~c3_1(X58)))|hskp8)&(![X59]:(ndr1_0=>(c1_1(X59)|c3_1(X59)|~c0_1(X59)))|hskp27|hskp19)&(![X60]:(ndr1_0=>(c1_1(X60)|~c0_1(X60)|~c2_1(X60)))|![X61]:(ndr1_0=>(c1_1(X61)|~c0_1(X61)|~c3_1(X61)))|![X62]:(ndr1_0=>(~c1_1(X62)|~c2_1(X62)|~c3_1(X62))))&(![X63]:(ndr1_0=>(c1_1(X63)|~c0_1(X63)|~c2_1(X63)))|hskp29|hskp20)&(![X64]:(ndr1_0=>(c1_1(X64)|~c0_1(X64)|~c3_1(X64)))|![X65]:(ndr1_0=>(c2_1(X65)|c3_1(X65)|~c0_1(X65)))|hskp1)&(![X66]:(ndr1_0=>(c1_1(X66)|~c0_1(X66)|~c3_1(X66)))|![X67]:(ndr1_0=>(c3_1(X67)|~c1_1(X67)|~c2_1(X67)))|hskp21)&(![X68]:(ndr1_0=>(c1_1(X68)|~c2_1(X68)|~c3_1(X68)))|![X69]:(ndr1_0=>(c2_1(X69)|~c0_1(X69)|~c1_1(X69)))|hskp8)&(![X70]:(ndr1_0=>(c1_1(X70)|~c2_1(X70)|~c3_1(X70)))|hskp29|hskp5)&(![X71]:(ndr1_0=>(c1_1(X71)|~c2_1(X71)|~c3_1(X71)))|hskp22|hskp0)&(![X72]:(ndr1_0=>(c2_1(X72)|~c1_1(X72)|~c3_1(X72)))|![X73]:(ndr1_0=>(~c0_1(X73)|~c1_1(X73)|~c3_1(X73)))|hskp23)&(![X74]:(ndr1_0=>(c3_1(X74)|~c0_1(X74)|~c1_1(X74)))|hskp28|hskp23)&(![X75]:(ndr1_0=>(c3_1(X75)|~c0_1(X75)|~c2_1(X75)))|![X76]:(ndr1_0=>(~c0_1(X76)|~c1_1(X76)|~c2_1(X76)))|hskp0)&(![X77]:(ndr1_0=>(c3_1(X77)|~c0_1(X77)|~c2_1(X77)))|hskp21|hskp24)&(![X78]:(ndr1_0=>(~c0_1(X78)|~c1_1(X78)|~c2_1(X78)))|hskp3|hskp4)&(![X79]:(ndr1_0=>(~c0_1(X79)|~c1_1(X79)|~c3_1(X79)))|hskp7|hskp19)&(![X80]:(ndr1_0=>(~c1_1(X80)|~c2_1(X80)|~c3_1(X80)))|hskp7|hskp8)&(![X81]:(ndr1_0=>(~c1_1(X81)|~c2_1(X81)|~c3_1(X81)))|hskp19|hskp20)&(hskp29|hskp22|hskp11)&(hskp29|hskp9|hskp11)&(hskp16|hskp7|hskp18)&(hskp16|hskp30|hskp5)&(hskp30|hskp14|hskp17)&(hskp21|hskp10|hskp23)&(hskp22|hskp6|hskp9)&(hskp0|hskp19|hskp9)&(hskp14|hskp25|hskp12)&(hskp12|hskp1|hskp26)))			
../../TPTP-v7.3.0/Problems/SYN/SYN496-1.p		Satisfiable	UNKNOWN		UNKNOWN		cnf					
../../TPTP-v7.3.0/Problems/SYN/SYN266-1.p		Unsatisfiable	UNKNOWN		UNKNOWN		cnf					
../../TPTP-v7.3.0/Problems/SYN/SYN906-1.p		Satisfiable	UNKNOWN		UNKNOWN		cnf					
../../TPTP-v7.3.0/Problems/SYN/SYN434+1.p		CounterSatisfiable	UNKNOWN		UNKNOWN		fof		(~((~hskp0|(ndr1_0&~c1_1(a223)&~c2_1(a223)&~c3_1(a223)))&(~hskp1|(ndr1_0&c1_1(a226)&c3_1(a226)&~c2_1(a226)))&(~hskp2|(ndr1_0&~c3_1(a227)&c1_1(a227)&~c0_1(a227)))&(~hskp3|(ndr1_0&c1_1(a228)&~c3_1(a228)&~c0_1(a228)))&(~hskp4|(ndr1_0&~c0_1(a229)&c2_1(a229)&~c1_1(a229)))&(~hskp5|(ndr1_0&c1_1(a230)&c3_1(a230)&~c0_1(a230)))&(~hskp6|(ndr1_0&c2_1(a233)&~c1_1(a233)&~c0_1(a233)))&(~hskp7|(ndr1_0&~c3_1(a234)&c0_1(a234)&~c1_1(a234)))&(~hskp8|(ndr1_0&c2_1(a238)&c0_1(a238)&~c3_1(a238)))&(~hskp9|(ndr1_0&~c2_1(a239)&~c1_1(a239)&~c3_1(a239)))&(~hskp10|(ndr1_0&c1_1(a240)&c0_1(a240)&~c3_1(a240)))&(~hskp11|(ndr1_0&c0_1(a243)&c1_1(a243)&~c2_1(a243)))&(~hskp12|(ndr1_0&~c0_1(a245)&c3_1(a245)&~c1_1(a245)))&(~hskp13|(ndr1_0&c1_1(a246)&~c3_1(a246)&~c2_1(a246)))&(~hskp14|(ndr1_0&c2_1(a249)&c0_1(a249)&~c1_1(a249)))&(~hskp15|(ndr1_0&~c3_1(a252)&c0_1(a252)&~c2_1(a252)))&(~hskp16|(ndr1_0&c3_1(a253)&~c2_1(a253)&~c1_1(a253)))&(~hskp17|(ndr1_0&c2_1(a255)&c3_1(a255)&~c1_1(a255)))&(~hskp18|(ndr1_0&c2_1(a263)&c1_1(a263)&~c3_1(a263)))&(~hskp19|(ndr1_0&c0_1(a264)&~c2_1(a264)&~c1_1(a264)))&(~hskp20|(ndr1_0&~c1_1(a268)&~c3_1(a268)&~c2_1(a268)))&(~hskp21|(ndr1_0&~c0_1(a271)&~c1_1(a271)&~c2_1(a271)))&(~hskp22|(ndr1_0&~c3_1(a277)&c1_1(a277)&~c2_1(a277)))&(~hskp23|(ndr1_0&~c1_1(a278)&c2_1(a278)&~c0_1(a278)))&(~hskp24|(ndr1_0&~c2_1(a281)&c0_1(a281)&~c1_1(a281)))&(~hskp25|(ndr1_0&~c2_1(a224)&~c1_1(a224)&c0_1(a224)))&(~hskp26|(ndr1_0&~c0_1(a225)&c3_1(a225)&c2_1(a225)))&(~hskp27|(ndr1_0&c1_1(a231)&c2_1(a231)&c0_1(a231)))&(~hskp28|(ndr1_0&~c3_1(a232)&c0_1(a232)&c2_1(a232)))&(~hskp29|(ndr1_0&~c2_1(a235)&~c3_1(a235)&c0_1(a235)))&(~hskp30|(ndr1_0&~c2_1(a236)&c0_1(a236)&c1_1(a236)))&(~hskp31|(ndr1_0&~c0_1(a237)&c2_1(a237)&c3_1(a237)))&(~hskp32|(ndr1_0&~c0_1(a242)&~c2_1(a242)&c1_1(a242)))&(~hskp33|(ndr1_0&~c3_1(a244)&~c1_1(a244)&c0_1(a244)))&(~hskp34|(ndr1_0&c3_1(a247)&c0_1(a247)&c1_1(a247)))&(~hskp35|(ndr1_0&~c1_1(a248)&~c3_1(a248)&c0_1(a248)))&(~hskp36|(ndr1_0&~c3_1(a250)&~c2_1(a250)&c1_1(a250)))&(~hskp37|(ndr1_0&~c1_1(a251)&~c0_1(a251)&c3_1(a251)))&(~hskp38|(ndr1_0&c2_1(a254)&~c0_1(a254)&c3_1(a254)))&(~hskp39|(ndr1_0&c3_1(a256)&c2_1(a256)&c1_1(a256)))&(~hskp40|(ndr1_0&~c3_1(a257)&~c1_1(a257)&c2_1(a257)))&(~hskp41|(ndr1_0&c2_1(a258)&c0_1(a258)&c1_1(a258)))&(~hskp42|(ndr1_0&~c2_1(a260)&~c0_1(a260)&c3_1(a260)))&(~hskp43|(ndr1_0&c2_1(a261)&c1_1(a261)&c0_1(a261)))&(~hskp44|(ndr1_0&~c0_1(a262)&~c1_1(a262)&c3_1(a262)))&(~hskp45|(ndr1_0&c0_1(a265)&~c3_1(a265)&c1_1(a265)))&(~hskp46|(ndr1_0&c0_1(a266)&c1_1(a266)&c3_1(a266)))&(~hskp47|(ndr1_0&c1_1(a269)&c3_1(a269)&c0_1(a269)))&(~hskp48|(ndr1_0&~c0_1(a270)&~c3_1(a270)&c1_1(a270)))&(~hskp49|(ndr1_0&~c2_1(a272)&~c1_1(a272)&c3_1(a272)))&(~hskp50|(ndr1_0&c3_1(a273)&c1_1(a273)&c2_1(a273)))&(~hskp51|(ndr1_0&~c1_1(a276)&~c2_1(a276)&c3_1(a276)))&(~hskp52|(ndr1_0&c0_1(a279)&c3_1(a279)&c2_1(a279)))&(hskp0|hskp25|hskp26)&(![U]:(ndr1_0=>(c1_1(U)|c0_1(U)|~c2_1(U)))|![V]:(ndr1_0=>(c0_1(V)|c3_1(V)|~c2_1(V)))|hskp1)&(hskp2|hskp3|hskp4)&(![W]:(ndr1_0=>(~c0_1(W)|~c1_1(W)|c2_1(W)))|hskp5|![X]:(ndr1_0=>(~c2_1(X)|c3_1(X)|~c1_1(X))))&(![Y]:(ndr1_0=>(~c0_1(Y)|c3_1(Y)|~c2_1(Y)))|hskp27|hskp28)&(![Z]:(ndr1_0=>(~c2_1(Z)|c3_1(Z)|c1_1(Z)))|![X1]:(ndr1_0=>(~c3_1(X1)|c0_1(X1)|c2_1(X1)))|![X2]:(ndr1_0=>(c3_1(X2)|c0_1(X2)|c2_1(X2))))&(![X3]:(ndr1_0=>(c0_1(X3)|~c2_1(X3)|c1_1(X3)))|hskp6|![X4]:(ndr1_0=>(c3_1(X4)|~c2_1(X4)|~c1_1(X4))))&(![X5]:(ndr1_0=>(c1_1(X5)|c3_1(X5)|c2_1(X5)))|![X6]:(ndr1_0=>(c3_1(X6)|~c0_1(X6)|~c2_1(X6)))|![X7]:(ndr1_0=>(c0_1(X7)|c2_1(X7)|~c1_1(X7))))&(![X8]:(ndr1_0=>(~c1_1(X8)|~c0_1(X8)|~c2_1(X8)))|![X9]:(ndr1_0=>(c0_1(X9)|c1_1(X9)|~c3_1(X9)))|hskp7)&(![X10]:(ndr1_0=>(c1_1(X10)|c2_1(X10)|c0_1(X10)))|![X11]:(ndr1_0=>(~c1_1(X11)|~c3_1(X11)|c2_1(X11)))|hskp29)&(hskp30|![X12]:(ndr1_0=>(~c1_1(X12)|~c2_1(X12)|c3_1(X12))))&(hskp31|![X13]:(ndr1_0=>(c1_1(X13)|c0_1(X13)|~c2_1(X13)))|hskp8)&(![X14]:(ndr1_0=>(~c2_1(X14)|c3_1(X14)|~c0_1(X14)))|![X15]:(ndr1_0=>(c1_1(X15)|~c0_1(X15)|c2_1(X15)))|hskp9)&(hskp10|![X16]:(ndr1_0=>(c3_1(X16)|c1_1(X16)|c2_1(X16)))|hskp8)&(hskp32|![X17]:(ndr1_0=>(~c3_1(X17)|~c1_1(X17)|~c2_1(X17)))|hskp11)&(![X18]:(ndr1_0=>(~c1_1(X18)|~c0_1(X18)|~c2_1(X18)))|![X19]:(ndr1_0=>(c0_1(X19)|~c1_1(X19)|~c2_1(X19)))|![X20]:(ndr1_0=>(~c3_1(X20)|c0_1(X20)|c1_1(X20))))&(hskp33|![X21]:(ndr1_0=>(c3_1(X21)|~c2_1(X21)|c1_1(X21)))|hskp12)&(![X22]:(ndr1_0=>(c1_1(X22)|~c2_1(X22)|~c3_1(X22)))|hskp13|hskp34)&(![X23]:(ndr1_0=>(~c2_1(X23)|c3_1(X23)|c1_1(X23)))|![X24]:(ndr1_0=>(c0_1(X24)|c1_1(X24)|~c3_1(X24)))|hskp35)&(![X25]:(ndr1_0=>(~c0_1(X25)|c2_1(X25)|~c1_1(X25)))|![X26]:(ndr1_0=>(c1_1(X26)|c0_1(X26)|~c3_1(X26)))|hskp14)&(![X27]:(ndr1_0=>(c3_1(X27)|~c0_1(X27)|~c2_1(X27)))|hskp36|hskp37)&(hskp15|![X28]:(ndr1_0=>(c1_1(X28)|c3_1(X28)|c2_1(X28)))|hskp16)&(hskp38|![X29]:(ndr1_0=>(~c3_1(X29)|~c2_1(X29)|~c1_1(X29)))|![X30]:(ndr1_0=>(~c0_1(X30)|~c3_1(X30)|~c1_1(X30))))&(![X31]:(ndr1_0=>(c2_1(X31)|c0_1(X31)|~c1_1(X31)))|![X32]:(ndr1_0=>(c2_1(X32)|~c3_1(X32)|~c0_1(X32)))|![X33]:(ndr1_0=>(c3_1(X33)|~c1_1(X33)|c0_1(X33))))&(hskp17|hskp39|hskp40)&(hskp41|hskp2|hskp42)&(hskp43|hskp44|![X34]:(ndr1_0=>(c0_1(X34)|c1_1(X34)|~c3_1(X34))))&(hskp18|![X35]:(ndr1_0=>(c2_1(X35)|c3_1(X35)|~c1_1(X35)))|![X36]:(ndr1_0=>(~c3_1(X36)|c0_1(X36)|c2_1(X36))))&(![X37]:(ndr1_0=>(c3_1(X37)|~c1_1(X37)|~c0_1(X37)))|![X38]:(ndr1_0=>(~c3_1(X38)|~c1_1(X38)|~c2_1(X38)))|![X39]:(ndr1_0=>(~c0_1(X39)|~c3_1(X39)|c1_1(X39))))&(hskp19|hskp45|hskp46)&(![X40]:(ndr1_0=>(c3_1(X40)|~c1_1(X40)|c2_1(X40)))|hskp16|![X41]:(ndr1_0=>(~c0_1(X41)|~c1_1(X41)|c3_1(X41))))&(![X42]:(ndr1_0=>(c0_1(X42)|~c1_1(X42)|c2_1(X42)))|![X43]:(ndr1_0=>(~c2_1(X43)|c1_1(X43)|c0_1(X43)))|![X44]:(ndr1_0=>(c3_1(X44)|c0_1(X44)|c2_1(X44))))&(hskp20|hskp47|hskp48)&(hskp21|![X45]:(ndr1_0=>(c1_1(X45)|~c2_1(X45)|~c0_1(X45)))|![X46]:(ndr1_0=>(c3_1(X46)|c2_1(X46)|c1_1(X46))))&(hskp49|hskp50|hskp13)&(hskp40|![X47]:(ndr1_0=>(c1_1(X47)|c3_1(X47)|~c0_1(X47)))|![X48]:(ndr1_0=>(~c3_1(X48)|c2_1(X48)|~c0_1(X48))))&(![X49]:(ndr1_0=>(~c1_1(X49)|~c3_1(X49)|c2_1(X49)))|hskp51|![X50]:(ndr1_0=>(c1_1(X50)|c0_1(X50)|~c3_1(X50))))&(![X51]:(ndr1_0=>(~c2_1(X51)|c1_1(X51)|~c0_1(X51)))|![X52]:(ndr1_0=>(c3_1(X52)|~c2_1(X52)|~c0_1(X52)))|hskp22)&(hskp23|hskp52|hskp30)&(![X53]:(ndr1_0=>(~c2_1(X53)|~c3_1(X53)|c0_1(X53)))|hskp24|![X54]:(ndr1_0=>(c2_1(X54)|~c0_1(X54)|c1_1(X54))))))			
../../TPTP-v7.3.0/Problems/SYN/SYN192-1.p		Unsatisfiable	UNKNOWN		UNKNOWN		cnf					
../../TPTP-v7.3.0/Problems/SYN/SYN212-1.p		Unsatisfiable	UNKNOWN		UNKNOWN		cnf					
../../TPTP-v7.3.0/Problems/SYN/SYN642-1.p		Unsatisfiable	UNKNOWN		UNKNOWN		cnf					
../../TPTP-v7.3.0/Problems/SYN/SYN791-1.p		Satisfiable	UNKNOWN		UNKNOWN		cnf					
../../TPTP-v7.3.0/Problems/SYN/SYN626-1.p		Unsatisfiable	UNKNOWN		UNKNOWN		cnf					
../../TPTP-v7.3.0/Problems/SYN/SYN433-1.p		Satisfiable	UNKNOWN		UNKNOWN		cnf					
../../TPTP-v7.3.0/Problems/SYN/SYN317+1.p		Theorem	UNKNOWN		UNKNOWN		fof		(?[X]:(big_f(X)=>big_g(X))<=>?[X,Y]:(big_f(X)=>big_g(Y)))			
../../TPTP-v7.3.0/Problems/SYN/SYN947+1.p		Theorem	YES	DTS/Alligator/AlexHappy/output/SYN947+1_dts.html	UNKNOWN		fof		(![X]:?[Y]:(p(X)&q(Y))=>?[Z]:![Y]:(p(Y)|r(Z)))			
../../TPTP-v7.3.0/Problems/SYN/SYN036-3.p		Unsatisfiable	UNKNOWN		UNKNOWN		cnf					
../../TPTP-v7.3.0/Problems/SYN/SYN176-1.p		Unsatisfiable	UNKNOWN		UNKNOWN		cnf					
../../TPTP-v7.3.0/Problems/SYN/SYN384+1.p		Theorem	UNKNOWN		UNKNOWN		fof		(![Z]:?[X,Y]:![U]:(big_p(X,Y,Z)=>big_p(U,X,X)))			
../../TPTP-v7.3.0/Problems/SYN/SYN492+1.p		CounterSatisfiable	UNKNOWN		UNKNOWN		fof		(~((~hskp0|(ndr1_0&~c0_1(a27)&c3_1(a27)&~c2_1(a27)))&(~hskp1|(ndr1_0&~c2_1(a28)&c1_1(a28)&~c0_1(a28)))&(~hskp2|(ndr1_0&~c3_1(a29)&c1_1(a29)&~c2_1(a29)))&(~hskp3|(ndr1_0&~c1_1(a31)&c2_1(a31)&~c3_1(a31)))&(~hskp4|(ndr1_0&c1_1(a33)&~c2_1(a33)&~c0_1(a33)))&(~hskp5|(ndr1_0&c0_1(a34)&~c3_1(a34)&~c2_1(a34)))&(~hskp6|(ndr1_0&~c3_1(a35)&~c0_1(a35)&~c2_1(a35)))&(~hskp7|(ndr1_0&~c3_1(a36)&~c2_1(a36)&~c0_1(a36)))&(~hskp8|(ndr1_0&c2_1(a37)&c3_1(a37)&~c1_1(a37)))&(~hskp9|(ndr1_0&c1_1(a25)&~c3_1(a25)&c0_1(a25)))&(~hskp10|(ndr1_0&~c3_1(a26)&c1_1(a26)&c0_1(a26)))&(~hskp11|(ndr1_0&c3_1(a30)&c0_1(a30)&c2_1(a30)))&(~hskp12|(ndr1_0&~c0_1(a32)&c1_1(a32)&c3_1(a32)))&(![U]:(ndr1_0=>(c3_1(U)|~c0_1(U)|~c1_1(U)))|hskp9|hskp10)&(hskp0|![V]:(ndr1_0=>(~c3_1(V)|c1_1(V)|c2_1(V)))|hskp1)&(![W]:(ndr1_0=>(c3_1(W)|c2_1(W)|c0_1(W)))|hskp2|![X]:(ndr1_0=>(~c1_1(X)|c0_1(X)|~c2_1(X))))&(hskp11|hskp3|hskp12)&(![Y]:(ndr1_0=>(c1_1(Y)|c0_1(Y)|~c2_1(Y)))|![Z]:(ndr1_0=>(~c3_1(Z)|c0_1(Z)|~c1_1(Z)))|hskp4)&(![X1]:(ndr1_0=>(~c0_1(X1)|c1_1(X1)|~c2_1(X1)))|![X2]:(ndr1_0=>(c3_1(X2)|c0_1(X2)|c1_1(X2)))|hskp5)&(![X3]:(ndr1_0=>(~c3_1(X3)|~c2_1(X3)|~c0_1(X3)))|hskp6|![X4]:(ndr1_0=>(~c3_1(X4)|c1_1(X4)|c0_1(X4))))&(hskp7|![X5]:(ndr1_0=>(~c1_1(X5)|c2_1(X5)|c0_1(X5)))|hskp8)))			
../../TPTP-v7.3.0/Problems/SYN/SYN055+1.p		ContradictoryAxioms	UNKNOWN		UNKNOWN		fof	(?[X]:big_p(X)),(![X]:(big_f(X)=>(~big_g(X)&big_r(X)))),(![X]:(big_p(X)=>(big_g(X)&big_f(X)))),(![X]:(big_p(X)=>big_q(X))|?[Z]:(big_p(Z)&big_r(Z))),(?[X]:big_p(X)),(![X]:(big_f(X)=>(~big_g(X)&big_r(X)))),(![X]:(big_p(X)=>(big_g(X)&big_f(X)))),(![X]:(big_p(X)=>big_q(X))|?[Z]:(big_p(Z)&big_r(Z)))	(?[X]:(big_q(X)&big_p(X)))			
../../TPTP-v7.3.0/Problems/SYN/SYN425-1.p		Satisfiable	UNKNOWN		UNKNOWN		cnf					
../../TPTP-v7.3.0/Problems/SYN/SYN911-1.p		Satisfiable	UNKNOWN		UNKNOWN		cnf					
../../TPTP-v7.3.0/Problems/SYN/SYN439+1.p		Theorem	UNKNOWN		UNKNOWN		fof		(~((~hskp0|(ndr1_0&c1_1(a535)&c0_1(a535)&~c2_1(a535)))&(~hskp1|(ndr1_0&~c2_1(a539)&~c1_1(a539)&~c0_1(a539)))&(~hskp2|(ndr1_0&c2_1(a540)&c1_1(a540)&~c3_1(a540)))&(~hskp3|(ndr1_0&~c1_1(a543)&~c0_1(a543)&~c3_1(a543)))&(~hskp4|(ndr1_0&~c2_1(a545)&c1_1(a545)&~c0_1(a545)))&(~hskp5|(ndr1_0&~c3_1(a546)&c2_1(a546)&~c1_1(a546)))&(~hskp6|(ndr1_0&~c2_1(a548)&c3_1(a548)&~c0_1(a548)))&(~hskp7|(ndr1_0&c0_1(a550)&c3_1(a550)&~c1_1(a550)))&(~hskp8|(ndr1_0&~c3_1(a552)&~c1_1(a552)&~c2_1(a552)))&(~hskp9|(ndr1_0&~c0_1(a554)&~c2_1(a554)&~c1_1(a554)))&(~hskp10|(ndr1_0&~c1_1(a558)&c3_1(a558)&~c0_1(a558)))&(~hskp11|(ndr1_0&c1_1(a560)&~c3_1(a560)&~c0_1(a560)))&(~hskp12|(ndr1_0&c3_1(a563)&~c0_1(a563)&~c2_1(a563)))&(~hskp13|(ndr1_0&c3_1(a565)&c2_1(a565)&~c1_1(a565)))&(~hskp14|(ndr1_0&c0_1(a567)&~c1_1(a567)&~c3_1(a567)))&(~hskp15|(ndr1_0&~c0_1(a569)&~c1_1(a569)&~c2_1(a569)))&(~hskp16|(ndr1_0&c3_1(a570)&c1_1(a570)&~c0_1(a570)))&(~hskp17|(ndr1_0&c0_1(a571)&c3_1(a571)&~c2_1(a571)))&(~hskp18|(ndr1_0&~c3_1(a572)&c0_1(a572)&~c1_1(a572)))&(~hskp19|(ndr1_0&~c2_1(a573)&~c0_1(a573)&~c1_1(a573)))&(~hskp20|(ndr1_0&~c2_1(a575)&~c0_1(a575)&~c3_1(a575)))&(~hskp21|(ndr1_0&c1_1(a576)&~c0_1(a576)&~c3_1(a576)))&(~hskp22|(ndr1_0&~c3_1(a577)&c1_1(a577)&~c0_1(a577)))&(~hskp23|(ndr1_0&c3_1(a578)&~c0_1(a578)&~c1_1(a578)))&(~hskp24|(ndr1_0&c2_1(a581)&~c1_1(a581)&~c3_1(a581)))&(~hskp25|(ndr1_0&~c3_1(a582)&~c2_1(a582)&~c1_1(a582)))&(~hskp26|(ndr1_0&c0_1(a584)&c1_1(a584)&~c3_1(a584)))&(~hskp27|(ndr1_0&~c0_1(a586)&c1_1(a586)&~c3_1(a586)))&(~hskp28|(ndr1_0&c2_1(a589)&c3_1(a589)&~c0_1(a589)))&(~hskp29|(ndr1_0&~c3_1(a590)&~c0_1(a590)&~c1_1(a590)))&(~hskp30|(ndr1_0&c1_1(a591)&~c2_1(a591)&~c0_1(a591)))&(~hskp31|(ndr1_0&~c0_1(a594)&~c3_1(a594)&~c1_1(a594)))&(~hskp32|(ndr1_0&c0_1(a596)&~c3_1(a596)&~c2_1(a596)))&(~hskp33|(ndr1_0&c1_1(a536)&c2_1(a536)&c0_1(a536)))&(~hskp34|(ndr1_0&c0_1(a537)&~c1_1(a537)&c3_1(a537)))&(~hskp35|(ndr1_0&c2_1(a538)&c1_1(a538)&c3_1(a538)))&(~hskp36|(ndr1_0&c0_1(a541)&c1_1(a541)&c2_1(a541)))&(~hskp37|(ndr1_0&~c2_1(a544)&~c3_1(a544)&c1_1(a544)))&(~hskp38|(ndr1_0&c2_1(a547)&c1_1(a547)&c0_1(a547)))&(~hskp39|(ndr1_0&c3_1(a549)&c2_1(a549)&c1_1(a549)))&(~hskp40|(ndr1_0&c3_1(a551)&~c0_1(a551)&c2_1(a551)))&(~hskp41|(ndr1_0&~c2_1(a555)&c3_1(a555)&c0_1(a555)))&(~hskp42|(ndr1_0&~c2_1(a556)&c1_1(a556)&c3_1(a556)))&(~hskp43|(ndr1_0&c3_1(a557)&~c1_1(a557)&c0_1(a557)))&(~hskp44|(ndr1_0&~c3_1(a559)&c0_1(a559)&c2_1(a559)))&(~hskp45|(ndr1_0&~c3_1(a561)&~c2_1(a561)&c0_1(a561)))&(~hskp46|(ndr1_0&~c3_1(a562)&~c0_1(a562)&c1_1(a562)))&(~hskp47|(ndr1_0&~c2_1(a564)&c0_1(a564)&c1_1(a564)))&(~hskp48|(ndr1_0&~c3_1(a566)&~c2_1(a566)&c1_1(a566)))&(~hskp49|(ndr1_0&~c0_1(a568)&~c1_1(a568)&c2_1(a568)))&(~hskp50|(ndr1_0&~c3_1(a574)&c0_1(a574)&c1_1(a574)))&(~hskp51|(ndr1_0&~c2_1(a583)&c0_1(a583)&c3_1(a583)))&(~hskp52|(ndr1_0&~c0_1(a595)&c2_1(a595)&c1_1(a595)))&(![U]:(ndr1_0=>(c1_1(U)|c2_1(U)|c3_1(U)))|![V]:(ndr1_0=>(~c2_1(V)|~c1_1(V)|~c0_1(V)))|hskp0)&(![W]:(ndr1_0=>(c2_1(W)|~c1_1(W)|~c0_1(W)))|![X]:(ndr1_0=>(c2_1(X)|c1_1(X)|~c3_1(X)))|![Y]:(ndr1_0=>(~c0_1(Y)|~c1_1(Y)|~c2_1(Y))))&(hskp33|![Z]:(ndr1_0=>(c2_1(Z)|c3_1(Z)|c0_1(Z)))|![X1]:(ndr1_0=>(c3_1(X1)|~c1_1(X1)|~c0_1(X1))))&(hskp34|![X2]:(ndr1_0=>(~c1_1(X2)|~c2_1(X2)|~c3_1(X2)))|![X3]:(ndr1_0=>(c1_1(X3)|c2_1(X3)|c3_1(X3))))&(hskp35|![X4]:(ndr1_0=>(c3_1(X4)|~c2_1(X4)|~c1_1(X4)))|![X5]:(ndr1_0=>(~c0_1(X5)|c1_1(X5)|c2_1(X5))))&(![X6]:(ndr1_0=>(~c3_1(X6)|~c1_1(X6)|~c0_1(X6)))|hskp1|hskp2)&(hskp36|hskp34|hskp3)&(![X7]:(ndr1_0=>(~c0_1(X7)|c1_1(X7)|c3_1(X7)))|hskp37|![X8]:(ndr1_0=>(c1_1(X8)|~c2_1(X8)|~c0_1(X8))))&(![X9]:(ndr1_0=>(c3_1(X9)|c0_1(X9)|~c1_1(X9)))|hskp4|![X10]:(ndr1_0=>(~c2_1(X10)|~c3_1(X10)|~c1_1(X10))))&(![X11]:(ndr1_0=>(c3_1(X11)|~c2_1(X11)|~c1_1(X11)))|![X12]:(ndr1_0=>(c1_1(X12)|~c3_1(X12)|c2_1(X12)))|hskp5)&(![X13]:(ndr1_0=>(c3_1(X13)|c1_1(X13)|c2_1(X13)))|hskp38|![X14]:(ndr1_0=>(c0_1(X14)|c2_1(X14)|~c3_1(X14))))&(![X15]:(ndr1_0=>(c0_1(X15)|c1_1(X15)|c2_1(X15)))|![X16]:(ndr1_0=>(~c1_1(X16)|~c3_1(X16)|c0_1(X16)))|hskp6)&(![X17]:(ndr1_0=>(c3_1(X17)|~c1_1(X17)|c0_1(X17)))|![X18]:(ndr1_0=>(c2_1(X18)|~c3_1(X18)|~c1_1(X18)))|hskp39)&(![X19]:(ndr1_0=>(~c2_1(X19)|c1_1(X19)|~c0_1(X19)))|hskp7|hskp40)&(![X20]:(ndr1_0=>(c0_1(X20)|~c2_1(X20)|c1_1(X20)))|![X21]:(ndr1_0=>(c1_1(X21)|~c0_1(X21)|~c3_1(X21)))|hskp8)&(![X22]:(ndr1_0=>(~c2_1(X22)|c1_1(X22)|~c3_1(X22)))|![X23]:(ndr1_0=>(~c1_1(X23)|~c2_1(X23)|~c3_1(X23)))|hskp38)&(![X24]:(ndr1_0=>(c2_1(X24)|~c1_1(X24)|~c0_1(X24)))|![X25]:(ndr1_0=>(c0_1(X25)|~c3_1(X25)|c1_1(X25)))|![X26]:(ndr1_0=>(c0_1(X26)|~c2_1(X26)|c3_1(X26))))&(![X27]:(ndr1_0=>(~c1_1(X27)|c0_1(X27)|~c3_1(X27)))|hskp9|hskp41)&(![X28]:(ndr1_0=>(c1_1(X28)|~c2_1(X28)|~c3_1(X28)))|![X29]:(ndr1_0=>(c2_1(X29)|c3_1(X29)|c1_1(X29)))|![X30]:(ndr1_0=>(~c1_1(X30)|c2_1(X30)|~c3_1(X30))))&(hskp42|![X31]:(ndr1_0=>(~c2_1(X31)|~c0_1(X31)|~c1_1(X31)))|![X32]:(ndr1_0=>(~c1_1(X32)|~c3_1(X32)|c2_1(X32))))&(![X33]:(ndr1_0=>(c0_1(X33)|~c2_1(X33)|~c1_1(X33)))|hskp43|![X34]:(ndr1_0=>(c1_1(X34)|c2_1(X34)|~c0_1(X34))))&(hskp10|![X35]:(ndr1_0=>(~c2_1(X35)|c0_1(X35)|~c1_1(X35)))|![X36]:(ndr1_0=>(~c0_1(X36)|~c3_1(X36)|~c2_1(X36))))&(hskp44|hskp11|![X37]:(ndr1_0=>(c0_1(X37)|~c3_1(X37)|c2_1(X37))))&(![X38]:(ndr1_0=>(c2_1(X38)|c0_1(X38)|c3_1(X38)))|![X39]:(ndr1_0=>(~c0_1(X39)|c2_1(X39)|~c1_1(X39)))|hskp45)&(![X40]:(ndr1_0=>(~c2_1(X40)|c0_1(X40)|~c1_1(X40)))|hskp46|![X41]:(ndr1_0=>(~c2_1(X41)|~c0_1(X41)|c1_1(X41))))&(hskp12|![X42]:(ndr1_0=>(c1_1(X42)|c2_1(X42)|c3_1(X42)))|![X43]:(ndr1_0=>(~c3_1(X43)|~c1_1(X43)|c2_1(X43))))&(![X44]:(ndr1_0=>(c0_1(X44)|~c2_1(X44)|~c3_1(X44)))|![X45]:(ndr1_0=>(~c2_1(X45)|~c1_1(X45)|c3_1(X45)))|hskp47)&(hskp13|hskp48|![X46]:(ndr1_0=>(~c2_1(X46)|c1_1(X46)|c0_1(X46))))&(hskp14|![X47]:(ndr1_0=>(c3_1(X47)|c2_1(X47)|c1_1(X47)))|![X48]:(ndr1_0=>(c2_1(X48)|c0_1(X48)|~c1_1(X48))))&(![X49]:(ndr1_0=>(c2_1(X49)|~c0_1(X49)|~c3_1(X49)))|hskp49|![X50]:(ndr1_0=>(c2_1(X50)|c3_1(X50)|~c0_1(X50))))&(![X51]:(ndr1_0=>(~c2_1(X51)|~c3_1(X51)|c1_1(X51)))|![X52]:(ndr1_0=>(c3_1(X52)|~c1_1(X52)|c2_1(X52)))|hskp15)&(hskp16|hskp17|hskp18)&(![X53]:(ndr1_0=>(c2_1(X53)|~c0_1(X53)|c1_1(X53)))|hskp19|hskp50)&(![X54]:(ndr1_0=>(c2_1(X54)|~c3_1(X54)|~c1_1(X54)))|hskp20|hskp21)&(![X55]:(ndr1_0=>(~c1_1(X55)|c3_1(X55)|~c0_1(X55)))|hskp22|hskp23)&(![X56]:(ndr1_0=>(~c1_1(X56)|c3_1(X56)|c0_1(X56)))|![X57]:(ndr1_0=>(~c1_1(X57)|~c0_1(X57)|~c2_1(X57)))|hskp34)&(hskp39|hskp24|![X58]:(ndr1_0=>(c3_1(X58)|c2_1(X58)|~c0_1(X58))))&(![X59]:(ndr1_0=>(~c1_1(X59)|~c3_1(X59)|c2_1(X59)))|hskp25|![X60]:(ndr1_0=>(~c2_1(X60)|~c3_1(X60)|~c1_1(X60))))&(![X61]:(ndr1_0=>(~c0_1(X61)|~c3_1(X61)|c1_1(X61)))|![X62]:(ndr1_0=>(c1_1(X62)|~c2_1(X62)|c3_1(X62)))|![X63]:(ndr1_0=>(~c0_1(X63)|c2_1(X63)|~c3_1(X63))))&(![X64]:(ndr1_0=>(c3_1(X64)|c2_1(X64)|c1_1(X64)))|![X65]:(ndr1_0=>(~c0_1(X65)|c1_1(X65)|~c3_1(X65)))|hskp51)&(![X66]:(ndr1_0=>(~c3_1(X66)|c0_1(X66)|c1_1(X66)))|![X67]:(ndr1_0=>(c0_1(X67)|c3_1(X67)|~c1_1(X67)))|hskp26)&(hskp6|hskp27|hskp4)&(hskp46|![X68]:(ndr1_0=>(~c3_1(X68)|c2_1(X68)|c0_1(X68)))|![X69]:(ndr1_0=>(c2_1(X69)|~c1_1(X69)|~c3_1(X69))))&(![X70]:(ndr1_0=>(c2_1(X70)|c0_1(X70)|c1_1(X70)))|![X71]:(ndr1_0=>(c1_1(X71)|c0_1(X71)|c2_1(X71)))|hskp28)&(hskp29|![X72]:(ndr1_0=>(c2_1(X72)|~c3_1(X72)|c1_1(X72)))|hskp30)&(![X73]:(ndr1_0=>(~c2_1(X73)|c3_1(X73)|c0_1(X73)))|![X74]:(ndr1_0=>(~c1_1(X74)|~c2_1(X74)|~c3_1(X74)))|hskp46)&(hskp40|hskp31|hskp52)&(![X75]:(ndr1_0=>(~c1_1(X75)|c3_1(X75)|~c2_1(X75)))|hskp32|![X76]:(ndr1_0=>(c3_1(X76)|~c1_1(X76)|~c0_1(X76))))))			
../../TPTP-v7.3.0/Problems/SYN/SYN530+1.p		CounterSatisfiable	UNKNOWN		UNKNOWN		fof		(~((![U]:(ndr1_0=>(~c5_1(U)|~c1_1(U)))|(ndr1_0&ndr1_1(a357)&~c5_2(a357,a358)&~c1_2(a357,a358)&c3_2(a357,a358)&~c2_1(a357)&~c5_1(a357))|(ndr1_0&~c3_1(a359)&~c5_1(a359)))&(c5_0|(ndr1_0&~c5_1(a360)&c3_1(a360))|c1_0)&((ndr1_0&![V]:(ndr1_1(a361)=>(c2_2(a361,V)|c3_2(a361,V)))&![W]:(ndr1_1(a361)=>(c2_2(a361,W)|~c1_2(a361,W)|c3_2(a361,W)))&~c1_1(a361))|~c1_0|~c5_0)&(~c2_0|![X]:(ndr1_0=>(![Y]:(ndr1_1(X)=>(c4_2(X,Y)|~c5_2(X,Y)|~c1_2(X,Y)))|![Z]:(ndr1_1(X)=>(c5_2(X,Z)|c3_2(X,Z)|~c4_2(X,Z)))|![X1]:(ndr1_1(X)=>(c1_2(X,X1)|~c5_2(X,X1)|~c4_2(X,X1)))))|![X2]:(ndr1_0=>((ndr1_1(X2)&~c1_2(X2,a362))|~c4_1(X2))))&((ndr1_0&ndr1_1(a363)&~c4_2(a363,a364)&~c2_2(a363,a364)&~c5_2(a363,a364)&~c4_1(a363)&![X3]:(ndr1_1(a363)=>(c1_2(a363,X3)|~c3_2(a363,X3))))|c3_0|~c1_0)&(![X4]:(ndr1_0=>(c5_1(X4)|(ndr1_1(X4)&~c1_2(X4,a365)&c3_2(X4,a365))|![X5]:(ndr1_1(X4)=>(c2_2(X4,X5)|~c3_2(X4,X5)|c1_2(X4,X5)))))|c5_0|![X6]:(ndr1_0=>((ndr1_1(X6)&~c2_2(X6,a366)&~c1_2(X6,a366))|~c2_1(X6)|(ndr1_1(X6)&~c4_2(X6,a367)&c3_2(X6,a367)&c2_2(X6,a367)))))&(c5_0|c2_0|![X7]:(ndr1_0=>(c3_1(X7)|c4_1(X7)|(ndr1_1(X7)&~c4_2(X7,a368)&~c2_2(X7,a368)&c1_2(X7,a368)))))&(~c3_0|c4_0|c5_0)&(![X8]:(ndr1_0=>(c5_1(X8)|~c1_1(X8)|c4_1(X8)))|c3_0|(ndr1_0&~c3_1(a369)&c4_1(a369)))&(![X9]:(ndr1_0=>((ndr1_1(X9)&c3_2(X9,a370)&c1_2(X9,a370)&~c5_2(X9,a370))|c5_1(X9)|c4_1(X9)))|c4_0)&(c1_0|(ndr1_0&![X10]:(ndr1_1(a371)=>(~c5_2(a371,X10)|c4_2(a371,X10)|~c1_2(a371,X10)))&ndr1_1(a371)&~c1_2(a371,a372)&c4_2(a371,a372)&~c2_2(a371,a372)&ndr1_1(a371)&~c1_2(a371,a373)&c2_2(a371,a373))|c2_0)&(c4_0|~c2_0)&(c5_0|~c4_0)&(~c1_0|![X11]:(ndr1_0=>(c5_1(X11)|(ndr1_1(X11)&c3_2(X11,a374)&~c1_2(X11,a374)&c5_2(X11,a374))|(ndr1_1(X11)&c4_2(X11,a375)&c1_2(X11,a375))))|~c5_0)&(![X12]:(ndr1_0=>(c1_1(X12)|![X13]:(ndr1_1(X12)=>(c1_2(X12,X13)|~c3_2(X12,X13)))|(ndr1_1(X12)&c1_2(X12,a376)&c3_2(X12,a376)&~c4_2(X12,a376))))|~c2_0|~c4_0)&(~c2_0|(ndr1_0&c3_1(a377)&~c1_1(a377)))&(~c3_0|![X14]:(ndr1_0=>(c3_1(X14)|![X15]:(ndr1_1(X14)=>(~c2_2(X14,X15)|~c3_2(X14,X15)))))|(ndr1_0&c3_1(a378)&ndr1_1(a378)&~c1_2(a378,a379)&c2_2(a378,a379)&~c4_2(a378,a379)&~c5_1(a378)))&(~c1_0|![X16]:(ndr1_0=>((ndr1_1(X16)&c2_2(X16,a380)&~c5_2(X16,a380)&~c3_2(X16,a380))|(ndr1_1(X16)&~c3_2(X16,a381)&c4_2(X16,a381)&~c2_2(X16,a381))|~c2_1(X16))))&(c4_0|(ndr1_0&c4_1(a382)&c1_1(a382)&c5_1(a382))|(ndr1_0&ndr1_1(a383)&~c5_2(a383,a384)&~c1_2(a383,a384)&~c3_1(a383)&c1_1(a383)))&(~c1_0|c4_0|(ndr1_0&c4_1(a385)&c5_1(a385)))&((ndr1_0&c3_1(a386))|~c1_0|![X17]:(ndr1_0=>(c5_1(X17)|c4_1(X17))))))			
../../TPTP-v7.3.0/Problems/SYN/SYN579-1.p		Unsatisfiable	UNKNOWN		UNKNOWN		cnf					
../../TPTP-v7.3.0/Problems/SYN/SYN134-1.p		Unsatisfiable	UNKNOWN		UNKNOWN		cnf					
../../TPTP-v7.3.0/Problems/SYN/SYN941+1.p		Theorem	UNKNOWN		UNKNOWN		fof		(![B,C]:(q(f(B))=>?[X,Y]:((p(f(Y))=>(p(X)&(r(Y)=>(r(B)&r(C)))))&q(X))))			
../../TPTP-v7.3.0/Problems/SYN/SYN479-1.p		Unsatisfiable	UNKNOWN		UNKNOWN		cnf					
../../TPTP-v7.3.0/Problems/SYN/SYN054+1.p		Theorem	UNKNOWN		UNKNOWN		fof	(~(?[X]:(big_s(X)&big_q(X)))),(![X]:(big_p(X)=>(big_q(X)|big_r(X)))),(~(?[X]:big_p(X))=>?[Y]:big_q(Y)),(![X]:((big_q(X)|big_r(X))=>big_s(X))),(~(?[X]:(big_s(X)&big_q(X)))),(![X]:(big_p(X)=>(big_q(X)|big_r(X)))),(~(?[X]:big_p(X))=>?[Y]:big_q(Y)),(![X]:((big_q(X)|big_r(X))=>big_s(X)))	(?[X]:(big_p(X)&big_r(X)))			
../../TPTP-v7.3.0/Problems/SYN/SYN514+1.p		CounterSatisfiable	UNKNOWN		UNKNOWN		fof		(~(~c4_0&(c1_0|c3_0|![U]:(ndr1_0=>(~c2_1(U)|![V]:(ndr1_1(U)=>(c5_2(U,V)|~c3_2(U,V)|~c4_2(U,V)))|![W]:(ndr1_1(U)=>(~c1_2(U,W)|~c3_2(U,W)|~c5_2(U,W))))))&(c1_0|c5_0|~c2_0)&(c1_0|~c2_0|~c5_0)&(c1_0|~c2_0|![X]:(ndr1_0=>((ndr1_1(X)&c3_2(X,a175)&c5_2(X,a175)&~c4_2(X,a175))|(ndr1_1(X)&c3_2(X,a176)&~c2_2(X,a176)&~c5_2(X,a176)))))&(c1_0|~c3_0|(ndr1_0&c3_1(a177)&![Y]:(ndr1_1(a177)=>(c2_2(a177,Y)|~c5_2(a177,Y)))&![Z]:(ndr1_1(a177)=>(c4_2(a177,Z)|c5_2(a177,Z)|~c1_2(a177,Z)))))&(c1_0|~c5_0|![X1]:(ndr1_0=>(~c1_1(X1)|![X2]:(ndr1_1(X1)=>(c3_2(X1,X2)|~c5_2(X1,X2)))|![X3]:(ndr1_1(X1)=>(~c2_2(X1,X3)|~c3_2(X1,X3))))))&(c1_0|![X4]:(ndr1_0=>(~c5_1(X4)|(ndr1_1(X4)&c3_2(X4,a178)&c4_2(X4,a178)&c5_2(X4,a178)))))&(c1_0|(ndr1_0&~c3_1(a179)&ndr1_1(a179)&c5_2(a179,a180)&~c1_2(a179,a180)&~c3_2(a179,a180)))&(c2_0|c3_0|![X5]:(ndr1_0=>(c5_1(X5)|~c1_1(X5)|![X6]:(ndr1_1(X5)=>(c3_2(X5,X6)|c5_2(X5,X6)|~c4_2(X5,X6))))))&(c2_0|c5_0|![X7]:(ndr1_0=>(c5_1(X7)|![X8]:(ndr1_1(X7)=>(c1_2(X7,X8)|~c4_2(X7,X8)))|(ndr1_1(X7)&c1_2(X7,a181)&c5_2(X7,a181)&~c3_2(X7,a181)))))&(c2_0|~c3_0|(ndr1_0&~c2_1(a182)&![X9]:(ndr1_1(a182)=>(c1_2(a182,X9)|c5_2(a182,X9)|~c4_2(a182,X9)))))&(c2_0|~c5_0)&(c2_0|~c5_0|![X10]:(ndr1_0=>(~c4_1(X10)|![X11]:(ndr1_1(X10)=>(c3_2(X10,X11)|~c4_2(X10,X11)))|(ndr1_1(X10)&c2_2(X10,a183)&c4_2(X10,a183)&~c3_2(X10,a183)))))&(c2_0|![X12]:(ndr1_0=>(c2_1(X12)|~c3_1(X12)|~c4_1(X12))))&(c2_0|![X13]:(ndr1_0=>(~c5_1(X13)|![X14]:(ndr1_1(X13)=>(c3_2(X13,X14)|c4_2(X13,X14)|c5_2(X13,X14)))|(ndr1_1(X13)&c1_2(X13,a184)&c3_2(X13,a184)&~c4_2(X13,a184)))))&(c2_0|(ndr1_0&c2_1(a185)&![X15]:(ndr1_1(a185)=>(c4_2(a185,X15)|~c2_2(a185,X15))))|(ndr1_0&~c1_1(a186)&![X16]:(ndr1_1(a186)=>(~c1_2(a186,X16)|~c2_2(a186,X16)|~c3_2(a186,X16)))&ndr1_1(a186)&c1_2(a186,a187)&~c2_2(a186,a187)&~c3_2(a186,a187)))&(c2_0|(ndr1_0&c5_1(a188)&![X17]:(ndr1_1(a188)=>(c2_2(a188,X17)|~c3_2(a188,X17)|~c4_2(a188,X17)))&![X18]:(ndr1_1(a188)=>(c2_2(a188,X18)|~c4_2(a188,X18)))))&(c3_0|(ndr1_0&~c3_1(a189)&![X19]:(ndr1_1(a189)=>(c1_2(a189,X19)|~c4_2(a189,X19)|~c5_2(a189,X19)))))&(c3_0|c5_0|![X20]:(ndr1_0=>(~c5_1(X20)|![X21]:(ndr1_1(X20)=>(c3_2(X20,X21)|c4_2(X20,X21)|~c1_2(X20,X21)))|(ndr1_1(X20)&c1_2(X20,a190)&c2_2(X20,a190)&~c5_2(X20,a190)))))&(c3_0|c5_0|(ndr1_0&c2_1(a191)&~c1_1(a191)))&(c3_0|c5_0|(ndr1_0&c2_1(a192)&~c4_1(a192)&![X22]:(ndr1_1(a192)=>(c2_2(a192,X22)|c3_2(a192,X22)|~c5_2(a192,X22)))))&(c3_0|c5_0|(ndr1_0&c5_1(a193)&![X23]:(ndr1_1(a193)=>(c1_2(a193,X23)|c3_2(a193,X23)|c4_2(a193,X23)))&![X24]:(ndr1_1(a193)=>(c3_2(a193,X24)|~c4_2(a193,X24)|~c5_2(a193,X24)))))&(c3_0|~c5_0|(ndr1_0&c1_1(a194)&~c3_1(a194)&![X25]:(ndr1_1(a194)=>(c5_2(a194,X25)|~c1_2(a194,X25)|~c4_2(a194,X25)))))&(c3_0|![X26]:(ndr1_0=>(c1_1(X26)|c2_1(X26)|(ndr1_1(X26)&c1_2(X26,a195)&c3_2(X26,a195)&c5_2(X26,a195))))|![X27]:(ndr1_0=>(![X28]:(ndr1_1(X27)=>(~c1_2(X27,X28)|~c2_2(X27,X28)))|![X29]:(ndr1_1(X27)=>(~c3_2(X27,X29)|~c4_2(X27,X29)|~c5_2(X27,X29)))|(ndr1_1(X27)&c4_2(X27,a196)&~c3_2(X27,a196)&~c5_2(X27,a196)))))&(c3_0|![X30]:(ndr1_0=>(c2_1(X30)|c4_1(X30)|![X31]:(ndr1_1(X30)=>(c4_2(X30,X31)|~c1_2(X30,X31)|~c2_2(X30,X31)))))|![X32]:(ndr1_0=>(c5_1(X32)|~c2_1(X32)|(ndr1_1(X32)&~c1_2(X32,a197)&~c2_2(X32,a197)&~c5_2(X32,a197)))))&(c3_0|![X33]:(ndr1_0=>(~c4_1(X33)|~c5_1(X33)|(ndr1_1(X33)&c5_2(X33,a198)&~c1_2(X33,a198))))|(ndr1_0&~c1_1(a199)&~c4_1(a199)&![X34]:(ndr1_1(a199)=>(c3_2(a199,X34)|~c1_2(a199,X34)|~c4_2(a199,X34)))))&(c3_0|(ndr1_0&c2_1(a200))|(ndr1_0&c2_1(a201)&~c1_1(a201)))&(c5_0|~c2_0)&(c5_0|(ndr1_0&c3_1(a202)&![X35]:(ndr1_1(a202)=>(c2_2(a202,X35)|c5_2(a202,X35)|~c1_2(a202,X35)))))&(~c5_0|![X36]:(ndr1_0=>(c2_1(X36)|(ndr1_1(X36)&c4_2(X36,a203)&~c1_2(X36,a203))|(ndr1_1(X36)&c4_2(X36,a204)&~c2_2(X36,a204)))))&(![X37]:(ndr1_0=>(c2_1(X37)|c5_1(X37)|![X38]:(ndr1_1(X37)=>(c3_2(X37,X38)|~c2_2(X37,X38)|~c4_2(X37,X38)))))|![X39]:(ndr1_0=>(c4_1(X39)|![X40]:(ndr1_1(X39)=>(c2_2(X39,X40)|~c1_2(X39,X40)|~c3_2(X39,X40)))|(ndr1_1(X39)&c3_2(X39,a205)&c4_2(X39,a205)&c5_2(X39,a205)))))&(![X41]:(ndr1_0=>(c4_1(X41)|![X42]:(ndr1_1(X41)=>(c2_2(X41,X42)|~c1_2(X41,X42)))|(ndr1_1(X41)&c3_2(X41,a206)&c5_2(X41,a206))))|(ndr1_0&c4_1(a207)&~c2_1(a207)&ndr1_1(a207)&c4_2(a207,a208)&c5_2(a207,a208)&~c3_2(a207,a208)))&(c5_0|~c1_0|(ndr1_0&c3_1(a209)&~c4_1(a209)&ndr1_1(a209)&c2_2(a209,a210)&~c3_2(a209,a210)))&(c5_0|~c2_0)&(c5_0|~c3_0|(ndr1_0&c3_1(a211)&![X43]:(ndr1_1(a211)=>(c2_2(a211,X43)|c5_2(a211,X43)|~c1_2(a211,X43)))&ndr1_1(a211)&c2_2(a211,a212)&c5_2(a211,a212)&~c1_2(a211,a212)))&(c5_0|![X44]:(ndr1_0=>(c2_1(X44)|(ndr1_1(X44)&c4_2(X44,a213)&~c2_2(X44,a213))))|(ndr1_0&~c3_1(a214)&![X45]:(ndr1_1(a214)=>(c3_2(a214,X45)|~c2_2(a214,X45)|~c4_2(a214,X45)))&ndr1_1(a214)&~c1_2(a214,a215)&~c3_2(a214,a215)&~c5_2(a214,a215)))&(c5_0|![X46]:(ndr1_0=>(c3_1(X46)|(ndr1_1(X46)&c2_2(X46,a216)&~c3_2(X46,a216))|(ndr1_1(X46)&c3_2(X46,a217)&~c2_2(X46,a217)))))&(c5_0|![X47]:(ndr1_0=>(~c1_1(X47)|![X48]:(ndr1_1(X47)=>(c1_2(X47,X48)|c4_2(X47,X48)|c5_2(X47,X48)))|(ndr1_1(X47)&c1_2(X47,a218)&c2_2(X47,a218)&~c5_2(X47,a218))))|(ndr1_0&~c3_1(a219)&ndr1_1(a219)&c2_2(a219,a220)&~c3_2(a219,a220)))&(c5_0|![X49]:(ndr1_0=>(![X50]:(ndr1_1(X49)=>(c1_2(X49,X50)|c5_2(X49,X50)|~c4_2(X49,X50)))|![X51]:(ndr1_1(X49)=>(c2_2(X49,X51)|~c1_2(X49,X51)|~c5_2(X49,X51)))|(ndr1_1(X49)&c2_2(X49,a221)&c4_2(X49,a221)&c5_2(X49,a221)))))&(c5_0|![X52]:(ndr1_0=>(![X53]:(ndr1_1(X52)=>(c1_2(X52,X53)|~c5_2(X52,X53)))|(ndr1_1(X52)&c1_2(X52,a222)&~c2_2(X52,a222))|(ndr1_1(X52)&c2_2(X52,a223)&c3_2(X52,a223)&~c5_2(X52,a223)))))&(c5_0|![X54]:(ndr1_0=>(![X55]:(ndr1_1(X54)=>(c2_2(X54,X55)|~c3_2(X54,X55)|~c5_2(X54,X55)))|![X56]:(ndr1_1(X54)=>(c3_2(X54,X56)|c5_2(X54,X56)|~c4_2(X54,X56)))|(ndr1_1(X54)&c1_2(X54,a224)&c4_2(X54,a224)&~c5_2(X54,a224)))))&(c5_0|(ndr1_0&c3_1(a225)&c4_1(a225)&![X57]:(ndr1_1(a225)=>(c1_2(a225,X57)|~c2_2(a225,X57))))|(ndr1_0&![X58]:(ndr1_1(a226)=>(c1_2(a226,X58)|~c2_2(a226,X58)|~c4_2(a226,X58)))&![X59]:(ndr1_1(a226)=>(~c2_2(a226,X59)|~c3_2(a226,X59)|~c4_2(a226,X59)))))&(~c1_0|~c2_0)&(~c1_0|~c2_0|~c3_0)&(~c1_0|~c3_0|~c5_0)&(~c1_0|~c3_0|(ndr1_0&c3_1(a227)&![X60]:(ndr1_1(a227)=>(c2_2(a227,X60)|~c3_2(a227,X60)|~c4_2(a227,X60)))&ndr1_1(a227)&c4_2(a227,a228)&~c2_2(a227,a228)&~c5_2(a227,a228)))&(~c1_0|~c5_0|(ndr1_0&~c3_1(a229)&~c4_1(a229)&ndr1_1(a229)&c3_2(a229,a230)&c4_2(a229,a230)))&(~c1_0|![X61]:(ndr1_0=>(c4_1(X61)|~c1_1(X61)|![X62]:(ndr1_1(X61)=>(c1_2(X61,X62)|~c4_2(X61,X62)))))|(ndr1_0&~c2_1(a231)&ndr1_1(a231)&c1_2(a231,a232)&c2_2(a231,a232)&c5_2(a231,a232)))&(~c1_0|![X63]:(ndr1_0=>(c4_1(X63)|![X64]:(ndr1_1(X63)=>(c3_2(X63,X64)|~c4_2(X63,X64)|~c5_2(X63,X64)))|(ndr1_1(X63)&c3_2(X63,a233)&~c5_2(X63,a233))))|![X65]:(ndr1_0=>(c5_1(X65)|~c4_1(X65)|![X66]:(ndr1_1(X65)=>(c2_2(X65,X66)|~c3_2(X65,X66))))))&(~c1_0|![X67]:(ndr1_0=>(~c5_1(X67)|![X68]:(ndr1_1(X67)=>(c1_2(X67,X68)|~c3_2(X67,X68)))|(ndr1_1(X67)&c5_2(X67,a234)&~c4_2(X67,a234))))|(ndr1_0&~c1_1(a235)&![X69]:(ndr1_1(a235)=>(c3_2(a235,X69)|c4_2(a235,X69)|~c5_2(a235,X69)))&ndr1_1(a235)&~c2_2(a235,a236)&~c4_2(a235,a236)&~c5_2(a235,a236)))&(~c2_0|(ndr1_0&c3_1(a237)&~c4_1(a237)&![X70]:(ndr1_1(a237)=>(c5_2(a237,X70)|~c3_2(a237,X70)))))&(~c3_0|~c5_0)&(~c3_0|![X71]:(ndr1_0=>(c1_1(X71)|![X72]:(ndr1_1(X71)=>(~c1_2(X71,X72)|~c3_2(X71,X72))))))&(~c3_0|![X73]:(ndr1_0=>(c3_1(X73)|c5_1(X73)|(ndr1_1(X73)&c4_2(X73,a238)&~c1_2(X73,a238))))|![X74]:(ndr1_0=>(c5_1(X74)|![X75]:(ndr1_1(X74)=>(c4_2(X74,X75)|~c1_2(X74,X75)|~c3_2(X74,X75)))|![X76]:(ndr1_1(X74)=>(~c1_2(X74,X76)|~c3_2(X74,X76)|~c4_2(X74,X76))))))&(~c3_0|![X77]:(ndr1_0=>(c4_1(X77)|c5_1(X77)|~c1_1(X77)))|![X78]:(ndr1_0=>(c5_1(X78)|![X79]:(ndr1_1(X78)=>(c2_2(X78,X79)|c5_2(X78,X79)|~c1_2(X78,X79))))))&(~c3_0|![X80]:(ndr1_0=>(c4_1(X80)|~c5_1(X80)))|![X81]:(ndr1_0=>(~c3_1(X81)|~c5_1(X81)|(ndr1_1(X81)&c1_2(X81,a239)&c3_2(X81,a239)&c4_2(X81,a239)))))&(~c3_0|![X82]:(ndr1_0=>(c5_1(X82)|![X83]:(ndr1_1(X82)=>(c4_2(X82,X83)|~c1_2(X82,X83)|~c2_2(X82,X83)))|![X84]:(ndr1_1(X82)=>(~c1_2(X82,X84)|~c5_2(X82,X84)))))|(ndr1_0&c2_1(a240)&~c3_1(a240)))&(![X85]:(ndr1_0=>(c1_1(X85)|~c2_1(X85)|![X86]:(ndr1_1(X85)=>(c1_2(X85,X86)|c3_2(X85,X86)|~c4_2(X85,X86)))))|![X87]:(ndr1_0=>(c1_1(X87)|~c2_1(X87)|![X88]:(ndr1_1(X87)=>(c1_2(X87,X88)|c4_2(X87,X88)))))|(ndr1_0&c4_1(a241)&![X89]:(ndr1_1(a241)=>~c4_2(a241,X89))&ndr1_1(a241)&c3_2(a241,a242)&~c2_2(a241,a242)&~c4_2(a241,a242)))&(![X90]:(ndr1_0=>(c2_1(X90)|c3_1(X90)|![X91]:(ndr1_1(X90)=>(c3_2(X90,X91)|~c2_2(X90,X91)|~c4_2(X90,X91)))))|![X92]:(ndr1_0=>(~c4_1(X92)|![X93]:(ndr1_1(X92)=>(~c1_2(X92,X93)|~c2_2(X92,X93)|~c5_2(X92,X93)))))|(ndr1_0&~c2_1(a243)&![X94]:(ndr1_1(a243)=>(c1_2(a243,X94)|c4_2(a243,X94)|~c3_2(a243,X94)))&ndr1_1(a243)&c2_2(a243,a244)&~c3_2(a243,a244)))&(![X95]:(ndr1_0=>(c2_1(X95)|![X96]:(ndr1_1(X95)=>(c1_2(X95,X96)|c5_2(X95,X96)|~c4_2(X95,X96)))|![X97]:(ndr1_1(X95)=>(c2_2(X95,X97)|~c5_2(X95,X97)))))|![X98]:(ndr1_0=>(c3_1(X98)|![X99]:(ndr1_1(X98)=>(c1_2(X98,X99)|c2_2(X98,X99)))))|![X100]:(ndr1_0=>(c4_1(X100)|~c5_1(X100)|![X101]:(ndr1_1(X100)=>(c2_2(X100,X101)|c4_2(X100,X101)|~c5_2(X100,X101))))))&(![X102]:(ndr1_0=>(c3_1(X102)|(ndr1_1(X102)&c1_2(X102,a245)&c4_2(X102,a245)&c5_2(X102,a245))|(ndr1_1(X102)&~c1_2(X102,a246)&~c4_2(X102,a246)&~c5_2(X102,a246))))|![X103]:(ndr1_0=>(c4_1(X103)|~c3_1(X103)|(ndr1_1(X103)&c3_2(X103,a247)&~c4_2(X103,a247))))|(ndr1_0&c4_1(a248)&~c5_1(a248)))&(![X104]:(ndr1_0=>(c4_1(X104)|~c1_1(X104)))|![X105]:(ndr1_0=>(~c3_1(X105)|~c5_1(X105)|![X106]:(ndr1_1(X105)=>(c2_2(X105,X106)|c3_2(X105,X106)|~c5_2(X105,X106)))))|(ndr1_0&![X107]:(ndr1_1(a249)=>(c1_2(a249,X107)|c2_2(a249,X107)|c4_2(a249,X107)))&![X108]:(ndr1_1(a249)=>(c1_2(a249,X108)|~c5_2(a249,X108)))&![X109]:(ndr1_1(a249)=>(c4_2(a249,X109)|~c1_2(a249,X109)|~c2_2(a249,X109)))))&(![X110]:(ndr1_0=>(c4_1(X110)|~c5_1(X110)|(ndr1_1(X110)&c1_2(X110,a250)&~c4_2(X110,a250))))|![X111]:(ndr1_0=>(~c1_1(X111)|~c2_1(X111)|![X112]:(ndr1_1(X111)=>(c5_2(X111,X112)|~c2_2(X111,X112))))))&(![X113]:(ndr1_0=>(c5_1(X113)|(ndr1_1(X113)&c1_2(X113,a251)&~c5_2(X113,a251))|(ndr1_1(X113)&c2_2(X113,a252)&c5_2(X113,a252)&~c1_2(X113,a252))))|(ndr1_0&c1_1(a253)&~c4_1(a253)&ndr1_1(a253)&c2_2(a253,a254)&c3_2(a253,a254)&c5_2(a253,a254))|(ndr1_0&~c3_1(a255)))&(![X114]:(ndr1_0=>(~c2_1(X114)|(ndr1_1(X114)&c1_2(X114,a256)&c3_2(X114,a256))))|(ndr1_0&c4_1(a257)&~c1_1(a257)&ndr1_1(a257)&c5_2(a257,a258)&~c4_2(a257,a258))|(ndr1_0&~c1_1(a259)&![X115]:(ndr1_1(a259)=>(~c1_2(a259,X115)|~c5_2(a259,X115)))))&((ndr1_0&c1_1(a260)&~c4_1(a260)&ndr1_1(a260)&c1_2(a260,a261)&c2_2(a260,a261)&c4_2(a260,a261))|(ndr1_0&c5_1(a262)&![X116]:(ndr1_1(a262)=>(c4_2(a262,X116)|~c3_2(a262,X116)|~c5_2(a262,X116))))|(ndr1_0&~c1_1(a263)&ndr1_1(a263)&c1_2(a263,a264)&c3_2(a263,a264)&~c4_2(a263,a264)))))			
../../TPTP-v7.3.0/Problems/SYN/SYN065-1.p		Unsatisfiable	UNKNOWN		UNKNOWN		cnf	(big_f(X,f(X))),(big_g(X,g(X))),(~big_f(X,Y)|~big_f(Y,Z)|big_h(X,Z)),(~big_f(X,Y)|~big_g(Y,Z)|big_h(X,Z)),(~big_g(X,Y)|~big_f(Y,Z)|big_h(X,Z)),(~big_g(X,Y)|~big_g(Y,Z)|big_h(X,Z)),(big_f(X,f(X))),(big_g(X,g(X))),(~big_f(X,Y)|~big_f(Y,Z)|big_h(X,Z)),(~big_f(X,Y)|~big_g(Y,Z)|big_h(X,Z)),(~big_g(X,Y)|~big_f(Y,Z)|big_h(X,Z)),(~big_g(X,Y)|~big_g(Y,Z)|big_h(X,Z))				
../../TPTP-v7.3.0/Problems/SYN/SYN684-1.p		Unsatisfiable	UNKNOWN		UNKNOWN		cnf					
../../TPTP-v7.3.0/Problems/SYN/SYN722+1.p		Theorem	UNKNOWN		UNKNOWN		fof		(~(![Z]:((p(Z)|r(Z))&q(Z))&![X]:?[Y]:(p(X)|~q(X)|~q(Y)|~q(c)|~q(d))&(~p(a)|~p(b))))			
../../TPTP-v7.3.0/Problems/SYN/SYN052+1.p		Theorem	UNKNOWN		UNKNOWN		fof		(![X]:(p<=>big_f(X))=>(p<=>![X1]:big_f(X1)))			
../../TPTP-v7.3.0/Problems/SYN/SYN110-1.p		Unsatisfiable	UNKNOWN		UNKNOWN		cnf					
../../TPTP-v7.3.0/Problems/SYN/SYN056+1.p		Theorem	UNKNOWN		UNKNOWN		fof	(?[X]:big_p(X)<=>?[Y]:big_q(Y)),(![X,Y]:((big_p(X)&big_q(Y))=>(big_r(X)<=>big_s(Y)))),(?[X]:big_p(X)<=>?[Y]:big_q(Y)),(![X,Y]:((big_p(X)&big_q(Y))=>(big_r(X)<=>big_s(Y))))	(![X]:(big_p(X)=>big_r(X))<=>![Y]:(big_q(Y)=>big_s(Y)))			
../../TPTP-v7.3.0/Problems/SYN/SYN427+1.p		CounterSatisfiable	UNKNOWN		UNKNOWN		fof		(~((~c1_0|![U]:(ndr1_0=>(~c1_1(U)|![V]:(ndr1_1(U)=>(~c1_2(U,V)|c5_2(U,V)|c7_2(U,V)))|c10_1(U)))|(ndr1_0&![W]:(ndr1_1(a1581)=>(~c5_2(a1581,W)|c10_2(a1581,W)|~c6_2(a1581,W)))&c8_1(a1581)&~c7_1(a1581)))&(~c10_0|~c6_0|![X]:(ndr1_0=>(![Y]:(ndr1_1(X)=>(c7_2(X,Y)|c6_2(X,Y)|~c2_2(X,Y)))|~c6_1(X)|~c4_1(X))))&(~c8_0|(ndr1_0&~c2_1(a1582)&ndr1_1(a1582)&~c10_2(a1582,a1583)&c3_2(a1582,a1583)&~c4_2(a1582,a1583)&c1_1(a1582))|(ndr1_0&ndr1_1(a1584)&c8_2(a1584,a1585)&c2_2(a1584,a1585)&~c1_2(a1584,a1585)&~c7_1(a1584)))&(![Z]:(ndr1_0=>((ndr1_1(Z)&c9_2(Z,a1586)&c8_2(Z,a1586)&c10_2(Z,a1586))|~c10_1(Z)|c8_1(Z)))|(ndr1_0&c2_1(a1587)&![X1]:(ndr1_1(a1587)=>(c8_2(a1587,X1)|~c2_2(a1587,X1)))&~c3_1(a1587))|(ndr1_0&ndr1_1(a1588)&c6_2(a1588,a1589)&~c9_2(a1588,a1589)&~c10_2(a1588,a1589)&c5_1(a1588)&ndr1_1(a1588)&~c9_2(a1588,a1590)&c4_2(a1588,a1590)&~c6_2(a1588,a1590)))&(c7_0|~c4_0|(ndr1_0&ndr1_1(a1591)&c4_2(a1591,a1592)&c8_2(a1591,a1592)&c6_2(a1591,a1592)&~c10_1(a1591)&~c4_1(a1591)))&((ndr1_0&c9_1(a1593)&ndr1_1(a1593)&~c10_2(a1593,a1594)&~c8_2(a1593,a1594)&~c3_2(a1593,a1594)&~c6_1(a1593))|![X2]:(ndr1_0=>((ndr1_1(X2)&c3_2(X2,a1595)&c4_2(X2,a1595)&c6_2(X2,a1595))|(ndr1_1(X2)&c5_2(X2,a1596)&c3_2(X2,a1596))|c7_1(X2)))|~c10_0)&(~c5_0|c7_0)&(c8_0|c9_0|(ndr1_0&c5_1(a1597)&ndr1_1(a1597)&~c8_2(a1597,a1598)&c2_2(a1597,a1598)&~c1_2(a1597,a1598)&c1_1(a1597)))&(![X3]:(ndr1_0=>(c1_1(X3)|(ndr1_1(X3)&~c1_2(X3,a1599)&~c10_2(X3,a1599)&c9_2(X3,a1599))|c3_1(X3)))|![X4]:(ndr1_0=>(![X5]:(ndr1_1(X4)=>(c5_2(X4,X5)|~c7_2(X4,X5)|~c8_2(X4,X5)))|(ndr1_1(X4)&~c8_2(X4,a1600)&~c6_2(X4,a1600)&c9_2(X4,a1600))))|(ndr1_0&c1_1(a1601)&c9_1(a1601)))&(![X6]:(ndr1_0=>(~c8_1(X6)|(ndr1_1(X6)&~c4_2(X6,a1602)&c2_2(X6,a1602))|![X7]:(ndr1_1(X6)=>(c3_2(X6,X7)|~c8_2(X6,X7)|~c7_2(X6,X7)))))|(ndr1_0&ndr1_1(a1603)&c8_2(a1603,a1604)&~c2_2(a1603,a1604)&~c5_2(a1603,a1604)&ndr1_1(a1603)&~c6_2(a1603,a1605)&c8_2(a1603,a1605)&ndr1_1(a1603)&c1_2(a1603,a1606)&~c9_2(a1603,a1606)&~c5_2(a1603,a1606))|![X8]:(ndr1_0=>(c10_1(X8)|![X9]:(ndr1_1(X8)=>(~c6_2(X8,X9)|c3_2(X8,X9)))|c9_1(X8))))&(![X10]:(ndr1_0=>((ndr1_1(X10)&c9_2(X10,a1607)&~c6_2(X10,a1607)&~c8_2(X10,a1607))|~c5_1(X10)|c6_1(X10)))|![X11]:(ndr1_0=>(![X12]:(ndr1_1(X11)=>(~c7_2(X11,X12)|~c8_2(X11,X12)|c5_2(X11,X12)))|(ndr1_1(X11)&~c10_2(X11,a1608)&c7_2(X11,a1608)&c5_2(X11,a1608))|![X13]:(ndr1_1(X11)=>(c6_2(X11,X13)|c3_2(X11,X13)|~c10_2(X11,X13)))))|(ndr1_0&c10_1(a1609)&~c2_1(a1609)&c3_1(a1609)))&(~c3_0|(ndr1_0&c7_1(a1610)&![X14]:(ndr1_1(a1610)=>(c3_2(a1610,X14)|c1_2(a1610,X14)|~c10_2(a1610,X14))))|(ndr1_0&c10_1(a1611)&~c5_1(a1611)&ndr1_1(a1611)&~c4_2(a1611,a1612)&~c8_2(a1611,a1612)&c9_2(a1611,a1612)))&(![X15]:(ndr1_0=>(~c3_1(X15)|c8_1(X15)|c10_1(X15)))|![X16]:(ndr1_0=>(c3_1(X16)|(ndr1_1(X16)&~c1_2(X16,a1613)&c5_2(X16,a1613)&~c9_2(X16,a1613))|(ndr1_1(X16)&c4_2(X16,a1614)&~c3_2(X16,a1614)&~c9_2(X16,a1614)))))&(c2_0|![X17]:(ndr1_0=>((ndr1_1(X17)&c8_2(X17,a1615)&~c9_2(X17,a1615)&c3_2(X17,a1615))|c2_1(X17)|c10_1(X17)))|~c10_0)&((ndr1_0&~c3_1(a1616)&ndr1_1(a1616)&~c4_2(a1616,a1617)&~c10_2(a1616,a1617)&c8_2(a1616,a1617)&~c9_1(a1616))|~c10_0|c9_0)&((ndr1_0&ndr1_1(a1618)&~c6_2(a1618,a1619)&c8_2(a1618,a1619)&c9_2(a1618,a1619)&c5_1(a1618)&![X18]:(ndr1_1(a1618)=>(~c8_2(a1618,X18)|c3_2(a1618,X18)|~c9_2(a1618,X18))))|~c9_0|(ndr1_0&ndr1_1(a1620)&~c8_2(a1620,a1621)&c7_2(a1620,a1621)&~c4_2(a1620,a1621)&c3_1(a1620)&![X19]:(ndr1_1(a1620)=>(~c9_2(a1620,X19)|c4_2(a1620,X19)|c10_2(a1620,X19)))))&(![X20]:(ndr1_0=>(c4_1(X20)|![X21]:(ndr1_1(X20)=>(~c7_2(X20,X21)|c6_2(X20,X21)|~c10_2(X20,X21)))|![X22]:(ndr1_1(X20)=>(c1_2(X20,X22)|~c2_2(X20,X22)|c7_2(X20,X22)))))|![X23]:(ndr1_0=>(c6_1(X23)|(ndr1_1(X23)&~c5_2(X23,a1622)&c9_2(X23,a1622)&c3_2(X23,a1622))|![X24]:(ndr1_1(X23)=>(c2_2(X23,X24)|~c4_2(X23,X24)|c5_2(X23,X24)))))|c1_0)&(![X25]:(ndr1_0=>((ndr1_1(X25)&~c2_2(X25,a1623)&~c6_2(X25,a1623)&~c10_2(X25,a1623))|(ndr1_1(X25)&c4_2(X25,a1624)&c1_2(X25,a1624))|~c9_1(X25)))|![X26]:(ndr1_0=>(![X27]:(ndr1_1(X26)=>(c10_2(X26,X27)|c3_2(X26,X27)|~c6_2(X26,X27)))|c9_1(X26)|(ndr1_1(X26)&c9_2(X26,a1625)&~c5_2(X26,a1625)&c6_2(X26,a1625))))|(ndr1_0&c5_1(a1626)&c3_1(a1626)&c9_1(a1626)))&(~c8_0|![X28]:(ndr1_0=>((ndr1_1(X28)&~c7_2(X28,a1627)&~c10_2(X28,a1627)&~c1_2(X28,a1627))|(ndr1_1(X28)&~c3_2(X28,a1628)&c9_2(X28,a1628)&c10_2(X28,a1628))|~c9_1(X28))))&(~c10_0|![X29]:(ndr1_0=>(c4_1(X29)|~c6_1(X29)|c2_1(X29)))|(ndr1_0&![X30]:(ndr1_1(a1629)=>(~c4_2(a1629,X30)|~c9_2(a1629,X30)|c2_2(a1629,X30)))&ndr1_1(a1629)&~c6_2(a1629,a1630)&c7_2(a1629,a1630)&~c4_2(a1629,a1630)&c1_1(a1629)))&((ndr1_0&c5_1(a1631)&ndr1_1(a1631)&c9_2(a1631,a1632)&~c1_2(a1631,a1632)&~c5_2(a1631,a1632)&ndr1_1(a1631)&c4_2(a1631,a1633)&~c3_2(a1631,a1633)&c9_2(a1631,a1633))|![X31]:(ndr1_0=>(c2_1(X31)|(ndr1_1(X31)&c3_2(X31,a1634)&c6_2(X31,a1634))|c5_1(X31)))|![X32]:(ndr1_0=>(c9_1(X32)|~c5_1(X32)|c6_1(X32))))&((ndr1_0&ndr1_1(a1635)&c8_2(a1635,a1636)&c9_2(a1635,a1636)&c2_2(a1635,a1636)&ndr1_1(a1635)&c3_2(a1635,a1637)&~c2_2(a1635,a1637)&ndr1_1(a1635)&c1_2(a1635,a1638)&~c5_2(a1635,a1638)&~c8_2(a1635,a1638))|c9_0|(ndr1_0&~c9_1(a1639)&ndr1_1(a1639)&~c4_2(a1639,a1640)&~c5_2(a1639,a1640)&c6_2(a1639,a1640)&ndr1_1(a1639)&~c10_2(a1639,a1641)&c9_2(a1639,a1641)&c1_2(a1639,a1641)))&(![X33]:(ndr1_0=>(~c6_1(X33)|~c1_1(X33)|~c3_1(X33)))|![X34]:(ndr1_0=>(![X35]:(ndr1_1(X34)=>(c1_2(X34,X35)|~c6_2(X34,X35)))|c1_1(X34)|![X36]:(ndr1_1(X34)=>(~c4_2(X34,X36)|~c10_2(X34,X36)|~c1_2(X34,X36)))))|![X37]:(ndr1_0=>(c6_1(X37)|c2_1(X37)|(ndr1_1(X37)&~c9_2(X37,a1642)&~c7_2(X37,a1642)&~c1_2(X37,a1642)))))&(![X38]:(ndr1_0=>(~c6_1(X38)|c3_1(X38)|(ndr1_1(X38)&c3_2(X38,a1643)&~c9_2(X38,a1643))))|(ndr1_0&![X39]:(ndr1_1(a1644)=>(~c8_2(a1644,X39)|c4_2(a1644,X39)|c9_2(a1644,X39)))&~c6_1(a1644)&~c9_1(a1644))|(ndr1_0&ndr1_1(a1645)&c2_2(a1645,a1646)&~c1_2(a1645,a1646)&~c5_2(a1645,a1646)&~c6_1(a1645)&c9_1(a1645)))&((ndr1_0&~c2_1(a1647)&~c4_1(a1647)&![X40]:(ndr1_1(a1647)=>(c9_2(a1647,X40)|c4_2(a1647,X40))))|![X41]:(ndr1_0=>((ndr1_1(X41)&c10_2(X41,a1648)&c3_2(X41,a1648)&c2_2(X41,a1648))|(ndr1_1(X41)&~c1_2(X41,a1649)&c8_2(X41,a1649)&c7_2(X41,a1649))))|(ndr1_0&~c9_1(a1650)&~c6_1(a1650)&c2_1(a1650)))&(c3_0|(ndr1_0&ndr1_1(a1651)&~c8_2(a1651,a1652)&c2_2(a1651,a1652)&~c10_1(a1651)&c2_1(a1651))|~c9_0)&(~c5_0|~c9_0|![X42]:(ndr1_0=>(~c2_1(X42)|~c3_1(X42)|(ndr1_1(X42)&~c4_2(X42,a1653)&c6_2(X42,a1653)))))&(~c2_0|![X43]:(ndr1_0=>(c5_1(X43)|c10_1(X43)|![X44]:(ndr1_1(X43)=>(~c1_2(X43,X44)|~c3_2(X43,X44)|~c9_2(X43,X44)))))|(ndr1_0&~c3_1(a1654)&c1_1(a1654)&~c6_1(a1654)))&(c10_0|c4_0|(ndr1_0&ndr1_1(a1655)&~c7_2(a1655,a1656)&c2_2(a1655,a1656)&c6_1(a1655)&![X45]:(ndr1_1(a1655)=>(c1_2(a1655,X45)|~c7_2(a1655,X45)|~c10_2(a1655,X45)))))&(![X46]:(ndr1_0=>((ndr1_1(X46)&~c3_2(X46,a1657)&~c2_2(X46,a1657)&c7_2(X46,a1657))|~c9_1(X46)|![X47]:(ndr1_1(X46)=>(c3_2(X46,X47)|~c8_2(X46,X47)|c6_2(X46,X47)))))|![X48]:(ndr1_0=>(![X49]:(ndr1_1(X48)=>(~c9_2(X48,X49)|c3_2(X48,X49)|~c7_2(X48,X49)))|c3_1(X48)|~c8_1(X48)))|![X50]:(ndr1_0=>(~c1_1(X50)|c6_1(X50))))&(![X51]:(ndr1_0=>(![X52]:(ndr1_1(X51)=>(c9_2(X51,X52)|c8_2(X51,X52)))|(ndr1_1(X51)&~c9_2(X51,a1658)&c3_2(X51,a1658)&~c7_2(X51,a1658))|c9_1(X51)))|(ndr1_0&ndr1_1(a1659)&c4_2(a1659,a1660)&c5_2(a1659,a1660)&c3_2(a1659,a1660)&ndr1_1(a1659)&c4_2(a1659,a1661)&~c1_2(a1659,a1661)&c9_2(a1659,a1661)&~c5_1(a1659)))&((ndr1_0&ndr1_1(a1662)&c7_2(a1662,a1663)&~c1_2(a1662,a1663)&c5_2(a1662,a1663)&c2_1(a1662)&ndr1_1(a1662)&~c10_2(a1662,a1664)&c3_2(a1662,a1664)&~c1_2(a1662,a1664))|![X53]:(ndr1_0=>(c8_1(X53)|(ndr1_1(X53)&~c9_2(X53,a1665)&~c7_2(X53,a1665)&~c8_2(X53,a1665))|c3_1(X53)))|c4_0)&(c9_0|c6_0)&(![X54]:(ndr1_0=>((ndr1_1(X54)&c3_2(X54,a1666)&~c10_2(X54,a1666))|~c8_1(X54)|c6_1(X54)))|~c9_0|(ndr1_0&~c9_1(a1667)&c4_1(a1667)&![X55]:(ndr1_1(a1667)=>(~c1_2(a1667,X55)|~c9_2(a1667,X55)|c3_2(a1667,X55)))))&((ndr1_0&~c6_1(a1668)&![X56]:(ndr1_1(a1668)=>(~c9_2(a1668,X56)|~c3_2(a1668,X56)|c8_2(a1668,X56))))|c6_0)&(c3_0|~c8_0|(ndr1_0&ndr1_1(a1669)&c10_2(a1669,a1670)&~c8_2(a1669,a1670)&~c2_2(a1669,a1670)&ndr1_1(a1669)&c9_2(a1669,a1671)&c2_2(a1669,a1671)&~c4_2(a1669,a1671)&![X57]:(ndr1_1(a1669)=>(~c3_2(a1669,X57)|~c2_2(a1669,X57)|c1_2(a1669,X57)))))&(~c4_0|~c1_0|~c6_0)&(c7_0|~c8_0|![X58]:(ndr1_0=>(~c7_1(X58)|![X59]:(ndr1_1(X58)=>(~c8_2(X58,X59)|c3_2(X58,X59)|c1_2(X58,X59)))|c1_1(X58))))&((ndr1_0&ndr1_1(a1672)&c10_2(a1672,a1673)&~c4_2(a1672,a1673)&~c6_2(a1672,a1673)&ndr1_1(a1672)&~c1_2(a1672,a1674)&c8_2(a1672,a1674)&c9_2(a1672,a1674))|![X60]:(ndr1_0=>((ndr1_1(X60)&~c9_2(X60,a1675)&c4_2(X60,a1675)&~c5_2(X60,a1675))|~c9_1(X60)))|c9_0)&(![X61]:(ndr1_0=>(~c9_1(X61)|(ndr1_1(X61)&c8_2(X61,a1676)&c10_2(X61,a1676))|c2_1(X61)))|~c1_0|(ndr1_0&ndr1_1(a1677)&c9_2(a1677,a1678)&~c3_2(a1677,a1678)&c10_1(a1677)&c3_1(a1677)))&(~c6_0|~c9_0|(ndr1_0&~c9_1(a1679)&ndr1_1(a1679)&c8_2(a1679,a1680)&~c4_2(a1679,a1680)&c7_2(a1679,a1680)&![X62]:(ndr1_1(a1679)=>(c5_2(a1679,X62)|c7_2(a1679,X62)|c2_2(a1679,X62)))))&(~c5_0|(ndr1_0&![X63]:(ndr1_1(a1681)=>(~c10_2(a1681,X63)|~c6_2(a1681,X63)|~c8_2(a1681,X63)))&c8_1(a1681)&c3_1(a1681))|~c3_0)&(~c5_0|![X64]:(ndr1_0=>(![X65]:(ndr1_1(X64)=>(~c5_2(X64,X65)|c1_2(X64,X65)))|c7_1(X64)))|![X66]:(ndr1_0=>((ndr1_1(X66)&~c1_2(X66,a1682)&~c8_2(X66,a1682)&c9_2(X66,a1682))|![X67]:(ndr1_1(X66)=>(c1_2(X66,X67)|c4_2(X66,X67)|c3_2(X66,X67)))|~c7_1(X66))))&((ndr1_0&c8_1(a1683)&ndr1_1(a1683)&~c6_2(a1683,a1684)&c5_2(a1683,a1684)&~c8_2(a1683,a1684)&~c2_1(a1683))|~c2_0|~c5_0)&(c3_0|(ndr1_0&![X68]:(ndr1_1(a1685)=>(c8_2(a1685,X68)|c2_2(a1685,X68)|c1_2(a1685,X68)))&~c9_1(a1685)&ndr1_1(a1685)&~c6_2(a1685,a1686)&c9_2(a1685,a1686)&c8_2(a1685,a1686)))&(c1_0|![X69]:(ndr1_0=>(![X70]:(ndr1_1(X69)=>(~c1_2(X69,X70)|~c6_2(X69,X70)|c2_2(X69,X70)))|c7_1(X69)|~c5_1(X69))))&(~c7_0|c10_0|c2_0)&(~c4_0|~c2_0|c6_0)&(c10_0|c2_0|![X71]:(ndr1_0=>(~c8_1(X71)|![X72]:(ndr1_1(X71)=>(~c4_2(X71,X72)|~c10_2(X71,X72)|~c6_2(X71,X72)))|~c2_1(X71))))&(c3_0|(ndr1_0&~c4_1(a1687)&![X73]:(ndr1_1(a1687)=>(c1_2(a1687,X73)|c2_2(a1687,X73)|c8_2(a1687,X73)))&![X74]:(ndr1_1(a1687)=>(c10_2(a1687,X74)|c9_2(a1687,X74)|~c6_2(a1687,X74))))|c7_0)&(~c3_0|(ndr1_0&~c6_1(a1688)&c8_1(a1688)&![X75]:(ndr1_1(a1688)=>(~c5_2(a1688,X75)|~c2_2(a1688,X75)|~c7_2(a1688,X75))))|~c8_0)&(c4_0|![X76]:(ndr1_0=>(![X77]:(ndr1_1(X76)=>(c10_2(X76,X77)|~c5_2(X76,X77)|c2_2(X76,X77)))|~c1_1(X76)|![X78]:(ndr1_1(X76)=>(c5_2(X76,X78)|~c8_2(X76,X78)))))|![X79]:(ndr1_0=>(c1_1(X79)|~c5_1(X79)|![X80]:(ndr1_1(X79)=>(~c3_2(X79,X80)|~c7_2(X79,X80)|~c9_2(X79,X80))))))&(![X81]:(ndr1_0=>((ndr1_1(X81)&~c3_2(X81,a1689)&~c9_2(X81,a1689)&c1_2(X81,a1689))|(ndr1_1(X81)&~c2_2(X81,a1690)&c7_2(X81,a1690)&c6_2(X81,a1690))))|c8_0|c10_0)&(~c3_0|c2_0)&(![X82]:(ndr1_0=>(c8_1(X82)|c10_1(X82)|~c9_1(X82)))|c4_0|c7_0)&(c6_0|![X83]:(ndr1_0=>(~c5_1(X83)|![X84]:(ndr1_1(X83)=>(c1_2(X83,X84)|c2_2(X83,X84)|~c10_2(X83,X84)))))|~c5_0)&(c4_0|![X85]:(ndr1_0=>(![X86]:(ndr1_1(X85)=>(c7_2(X85,X86)|~c4_2(X85,X86)|~c8_2(X85,X86)))|c8_1(X85)))|(ndr1_0&![X87]:(ndr1_1(a1691)=>(~c7_2(a1691,X87)|~c9_2(a1691,X87)|~c5_2(a1691,X87)))&~c6_1(a1691)&~c1_1(a1691)))&((ndr1_0&![X88]:(ndr1_1(a1692)=>(c3_2(a1692,X88)|c9_2(a1692,X88)|~c6_2(a1692,X88)))&~c8_1(a1692)&ndr1_1(a1692)&c4_2(a1692,a1693)&~c9_2(a1692,a1693)&c10_2(a1692,a1693))|(ndr1_0&c9_1(a1694)&~c6_1(a1694)&![X89]:(ndr1_1(a1694)=>(c6_2(a1694,X89)|~c8_2(a1694,X89)|~c4_2(a1694,X89))))|(ndr1_0&~c9_1(a1695)&ndr1_1(a1695)&c8_2(a1695,a1696)&~c1_2(a1695,a1696)&~c9_2(a1695,a1696)&ndr1_1(a1695)&~c2_2(a1695,a1697)&c8_2(a1695,a1697)&~c10_2(a1695,a1697)))&(c2_0|![X90]:(ndr1_0=>(c10_1(X90)|~c3_1(X90)|c8_1(X90)))|c3_0)&(![X91]:(ndr1_0=>(c7_1(X91)|c9_1(X91)|![X92]:(ndr1_1(X91)=>(c7_2(X91,X92)|c10_2(X91,X92)|c3_2(X91,X92)))))|(ndr1_0&~c6_1(a1698)&~c3_1(a1698))|![X93]:(ndr1_0=>((ndr1_1(X93)&~c9_2(X93,a1699)&~c8_2(X93,a1699)&~c4_2(X93,a1699))|~c8_1(X93)|~c10_1(X93))))&(c1_0|(ndr1_0&ndr1_1(a1700)&c4_2(a1700,a1701)&c9_2(a1700,a1701)&~c7_2(a1700,a1701)&![X94]:(ndr1_1(a1700)=>(~c3_2(a1700,X94)|~c10_2(a1700,X94)|c6_2(a1700,X94)))&~c7_1(a1700))|~c10_0)&((ndr1_0&![X95]:(ndr1_1(a1702)=>(~c8_2(a1702,X95)|c6_2(a1702,X95)|c5_2(a1702,X95)))&ndr1_1(a1702)&c10_2(a1702,a1703)&~c5_2(a1702,a1703)&~c9_2(a1702,a1703)&![X96]:(ndr1_1(a1702)=>(~c4_2(a1702,X96)|~c1_2(a1702,X96)|c2_2(a1702,X96))))|~c7_0|~c6_0)&(~c9_0|c3_0|c2_0)&((ndr1_0&![X97]:(ndr1_1(a1704)=>(~c5_2(a1704,X97)|~c6_2(a1704,X97)|c3_2(a1704,X97)))&c1_1(a1704))|c1_0|c10_0)&(c5_0|~c10_0)&(~c3_0|~c5_0|(ndr1_0&~c3_1(a1705)&~c9_1(a1705)&~c1_1(a1705)))&((ndr1_0&c4_1(a1706)&![X98]:(ndr1_1(a1706)=>(~c2_2(a1706,X98)|~c5_2(a1706,X98)|~c9_2(a1706,X98)))&ndr1_1(a1706)&c6_2(a1706,a1707)&~c7_2(a1706,a1707)&~c8_2(a1706,a1707))|(ndr1_0&![X99]:(ndr1_1(a1708)=>(c6_2(a1708,X99)|~c4_2(a1708,X99)|~c2_2(a1708,X99)))&![X100]:(ndr1_1(a1708)=>(c10_2(a1708,X100)|c4_2(a1708,X100)|c1_2(a1708,X100)))&![X101]:(ndr1_1(a1708)=>(c9_2(a1708,X101)|c5_2(a1708,X101)|c6_2(a1708,X101))))|c1_0)&(c2_0|c3_0|![X102]:(ndr1_0=>(c7_1(X102)|c4_1(X102)|c2_1(X102))))&(c9_0|~c4_0)&(![X103]:(ndr1_0=>((ndr1_1(X103)&~c5_2(X103,a1709)&~c2_2(X103,a1709)&c6_2(X103,a1709))|c8_1(X103)|c2_1(X103)))|![X104]:(ndr1_0=>(c8_1(X104)|(ndr1_1(X104)&c1_2(X104,a1710)&c3_2(X104,a1710))|c2_1(X104)))|(ndr1_0&c1_1(a1711)&c9_1(a1711)&![X105]:(ndr1_1(a1711)=>(~c10_2(a1711,X105)|~c3_2(a1711,X105)|~c6_2(a1711,X105)))))&(c2_0|![X106]:(ndr1_0=>(![X107]:(ndr1_1(X106)=>(~c10_2(X106,X107)|c2_2(X106,X107)))|~c1_1(X106)|~c2_1(X106)))|![X108]:(ndr1_0=>(~c3_1(X108)|![X109]:(ndr1_1(X108)=>(c1_2(X108,X109)|~c2_2(X108,X109)))|~c2_1(X108))))&((ndr1_0&c2_1(a1712)&![X110]:(ndr1_1(a1712)=>(~c4_2(a1712,X110)|~c1_2(a1712,X110)|~c5_2(a1712,X110)))&ndr1_1(a1712)&~c7_2(a1712,a1713)&~c10_2(a1712,a1713)&c4_2(a1712,a1713))|c10_0|![X111]:(ndr1_0=>(~c10_1(X111)|(ndr1_1(X111)&c4_2(X111,a1714)&c3_2(X111,a1714)&c2_2(X111,a1714))|~c5_1(X111))))&(c3_0|![X112]:(ndr1_0=>(~c10_1(X112)|~c9_1(X112)))|![X113]:(ndr1_0=>((ndr1_1(X113)&~c10_2(X113,a1715)&c3_2(X113,a1715)&~c8_2(X113,a1715))|![X114]:(ndr1_1(X113)=>(~c1_2(X113,X114)|~c4_2(X113,X114)|~c3_2(X113,X114)))|c9_1(X113))))&(![X115]:(ndr1_0=>(![X116]:(ndr1_1(X115)=>(~c3_2(X115,X116)|c1_2(X115,X116)))|(ndr1_1(X115)&c7_2(X115,a1716)&c10_2(X115,a1716)&c8_2(X115,a1716))|~c7_1(X115)))|~c2_0|![X117]:(ndr1_0=>(~c8_1(X117)|(ndr1_1(X117)&~c9_2(X117,a1717)&~c10_2(X117,a1717))|![X118]:(ndr1_1(X117)=>(c6_2(X117,X118)|~c10_2(X117,X118)|c3_2(X117,X118))))))&(~c4_0|c1_0|(ndr1_0&c2_1(a1718)&c6_1(a1718)&ndr1_1(a1718)&c7_2(a1718,a1719)&~c5_2(a1718,a1719)&c6_2(a1718,a1719)))&(~c4_0|c3_0|~c10_0)&(![X119]:(ndr1_0=>(c9_1(X119)|(ndr1_1(X119)&c3_2(X119,a1720)&c2_2(X119,a1720))|![X120]:(ndr1_1(X119)=>(c8_2(X119,X120)|c4_2(X119,X120)|c10_2(X119,X120)))))|(ndr1_0&ndr1_1(a1721)&~c8_2(a1721,a1722)&~c4_2(a1721,a1722)&~c2_2(a1721,a1722)&~c3_1(a1721)&![X121]:(ndr1_1(a1721)=>(~c9_2(a1721,X121)|~c5_2(a1721,X121)|c4_2(a1721,X121))))|(ndr1_0&~c5_1(a1723)&![X122]:(ndr1_1(a1723)=>(c6_2(a1723,X122)|~c3_2(a1723,X122)|c9_2(a1723,X122)))&ndr1_1(a1723)&c9_2(a1723,a1724)&c5_2(a1723,a1724)&c7_2(a1723,a1724)))&((ndr1_0&~c8_1(a1725)&~c3_1(a1725)&c9_1(a1725))|![X123]:(ndr1_0=>(c3_1(X123)|~c10_1(X123)|~c9_1(X123))))&(![X124]:(ndr1_0=>(~c6_1(X124)|c9_1(X124)|~c5_1(X124)))|(ndr1_0&~c1_1(a1726)&ndr1_1(a1726)&c4_2(a1726,a1727)&~c7_2(a1726,a1727)&c3_2(a1726,a1727)&![X125]:(ndr1_1(a1726)=>(~c2_2(a1726,X125)|~c4_2(a1726,X125)|~c8_2(a1726,X125)))))&(c5_0|~c7_0|~c3_0)&(![X126]:(ndr1_0=>((ndr1_1(X126)&~c3_2(X126,a1728)&~c9_2(X126,a1728)&c5_2(X126,a1728))|c1_1(X126)|![X127]:(ndr1_1(X126)=>(c2_2(X126,X127)|~c7_2(X126,X127)|c1_2(X126,X127)))))|(ndr1_0&c5_1(a1729)&c3_1(a1729)&~c9_1(a1729))|(ndr1_0&~c6_1(a1730)&ndr1_1(a1730)&c9_2(a1730,a1731)&c5_2(a1730,a1731)&c4_2(a1730,a1731)&![X128]:(ndr1_1(a1730)=>(~c2_2(a1730,X128)|c4_2(a1730,X128)|c1_2(a1730,X128)))))&(c2_0|c10_0|![X129]:(ndr1_0=>(![X130]:(ndr1_1(X129)=>(~c10_2(X129,X130)|c3_2(X129,X130)|~c6_2(X129,X130)))|~c10_1(X129)|(ndr1_1(X129)&c9_2(X129,a1732)&~c8_2(X129,a1732)&c4_2(X129,a1732)))))&((ndr1_0&~c7_1(a1733)&ndr1_1(a1733)&c7_2(a1733,a1734)&~c6_2(a1733,a1734)&c8_2(a1733,a1734)&ndr1_1(a1733)&c5_2(a1733,a1735)&c1_2(a1733,a1735)&c9_2(a1733,a1735))|(ndr1_0&c6_1(a1736)&~c1_1(a1736)&~c8_1(a1736))|![X131]:(ndr1_0=>(~c10_1(X131)|(ndr1_1(X131)&~c10_2(X131,a1737)&c8_2(X131,a1737))|(ndr1_1(X131)&c9_2(X131,a1738)&~c4_2(X131,a1738)&~c2_2(X131,a1738)))))&(~c9_0|c3_0|(ndr1_0&c7_1(a1739)&c2_1(a1739)&c6_1(a1739)))&(c4_0|~c7_0|![X132]:(ndr1_0=>(~c8_1(X132)|~c2_1(X132)|![X133]:(ndr1_1(X132)=>(~c6_2(X132,X133)|c7_2(X132,X133)|c10_2(X132,X133))))))&(~c8_0|c3_0)&((ndr1_0&ndr1_1(a1740)&~c4_2(a1740,a1741)&c10_2(a1740,a1741)&c7_2(a1740,a1741)&~c1_1(a1740)&c2_1(a1740))|~c10_0|![X134]:(ndr1_0=>((ndr1_1(X134)&c7_2(X134,a1742)&c2_2(X134,a1742)&c8_2(X134,a1742))|~c10_1(X134)|~c4_1(X134))))&((ndr1_0&ndr1_1(a1743)&~c1_2(a1743,a1744)&c2_2(a1743,a1744)&c8_2(a1743,a1744)&![X135]:(ndr1_1(a1743)=>(~c1_2(a1743,X135)|c8_2(a1743,X135)|~c5_2(a1743,X135)))&![X136]:(ndr1_1(a1743)=>(~c3_2(a1743,X136)|c4_2(a1743,X136)|c2_2(a1743,X136))))|(ndr1_0&![X137]:(ndr1_1(a1745)=>(~c8_2(a1745,X137)|c4_2(a1745,X137)|~c6_2(a1745,X137)))&ndr1_1(a1745)&c1_2(a1745,a1746)&~c6_2(a1745,a1746)&~c4_2(a1745,a1746)&~c8_1(a1745))|~c10_0)&(~c6_0|![X138]:(ndr1_0=>((ndr1_1(X138)&~c1_2(X138,a1747))|c5_1(X138)|~c2_1(X138)))|(ndr1_0&![X139]:(ndr1_1(a1748)=>(~c1_2(a1748,X139)|c2_2(a1748,X139)))&c4_1(a1748)&c8_1(a1748)))&(![X140]:(ndr1_0=>((ndr1_1(X140)&c8_2(X140,a1749)&~c7_2(X140,a1749)&c5_2(X140,a1749))|c2_1(X140)|![X141]:(ndr1_1(X140)=>(~c1_2(X140,X141)|~c8_2(X140,X141)))))|(ndr1_0&c6_1(a1750)&![X142]:(ndr1_1(a1750)=>(c2_2(a1750,X142)|~c10_2(a1750,X142)|~c8_2(a1750,X142)))&![X143]:(ndr1_1(a1750)=>(~c9_2(a1750,X143)|~c3_2(a1750,X143)|~c7_2(a1750,X143))))|~c10_0)&(~c10_0|~c1_0|![X144]:(ndr1_0=>(~c3_1(X144)|![X145]:(ndr1_1(X144)=>(c4_2(X144,X145)|c2_2(X144,X145)|c5_2(X144,X145)))|(ndr1_1(X144)&~c1_2(X144,a1751)&c7_2(X144,a1751)&~c10_2(X144,a1751)))))&(c1_0|~c3_0|(ndr1_0&![X146]:(ndr1_1(a1752)=>(~c6_2(a1752,X146)|c2_2(a1752,X146)|~c1_2(a1752,X146)))&~c8_1(a1752)&~c9_1(a1752)))&(![X147]:(ndr1_0=>(c9_1(X147)|(ndr1_1(X147)&c8_2(X147,a1753)&~c4_2(X147,a1753)&c6_2(X147,a1753))|![X148]:(ndr1_1(X147)=>(~c7_2(X147,X148)|~c3_2(X147,X148)|~c6_2(X147,X148)))))|![X149]:(ndr1_0=>(~c7_1(X149)|(ndr1_1(X149)&c4_2(X149,a1754)&c8_2(X149,a1754)&c2_2(X149,a1754))|(ndr1_1(X149)&c2_2(X149,a1755)&c10_2(X149,a1755)&c1_2(X149,a1755))))|![X150]:(ndr1_0=>(~c10_1(X150)|~c1_1(X150)|~c9_1(X150))))&(c1_0|~c2_0|c9_0)&(c9_0|(ndr1_0&c4_1(a1756)&ndr1_1(a1756)&~c2_2(a1756,a1757)&c7_2(a1756,a1757)&~c6_2(a1756,a1757)&c2_1(a1756))|(ndr1_0&~c3_1(a1758)&![X151]:(ndr1_1(a1758)=>(~c4_2(a1758,X151)|c6_2(a1758,X151)|~c7_2(a1758,X151)))&ndr1_1(a1758)&c3_2(a1758,a1759)&~c2_2(a1758,a1759)&~c10_2(a1758,a1759)))&(c9_0|~c5_0|![X152]:(ndr1_0=>(~c1_1(X152)|~c9_1(X152)|(ndr1_1(X152)&~c10_2(X152,a1760)&~c4_2(X152,a1760)&~c8_2(X152,a1760)))))&(![X153]:(ndr1_0=>(![X154]:(ndr1_1(X153)=>(~c6_2(X153,X154)|c9_2(X153,X154)|c4_2(X153,X154)))|(ndr1_1(X153)&~c3_2(X153,a1761)&c5_2(X153,a1761)&~c8_2(X153,a1761))|![X155]:(ndr1_1(X153)=>(c10_2(X153,X155)|~c3_2(X153,X155)))))|![X156]:(ndr1_0=>((ndr1_1(X156)&~c2_2(X156,a1762)&c3_2(X156,a1762)&~c10_2(X156,a1762))|~c10_1(X156)|(ndr1_1(X156)&~c4_2(X156,a1763)&~c7_2(X156,a1763)&c6_2(X156,a1763))))|![X157]:(ndr1_0=>(c7_1(X157)|c4_1(X157)|~c1_1(X157))))&(~c3_0|~c5_0|![X158]:(ndr1_0=>(![X159]:(ndr1_1(X158)=>(~c6_2(X158,X159)|~c3_2(X158,X159)|c1_2(X158,X159)))|(ndr1_1(X158)&c4_2(X158,a1764)&c2_2(X158,a1764)&c9_2(X158,a1764))|(ndr1_1(X158)&~c3_2(X158,a1765)&~c4_2(X158,a1765)&~c9_2(X158,a1765)))))&(![X160]:(ndr1_0=>((ndr1_1(X160)&~c4_2(X160,a1766)&~c7_2(X160,a1766)&c9_2(X160,a1766))|c3_1(X160)))|c7_0|![X161]:(ndr1_0=>(![X162]:(ndr1_1(X161)=>(~c5_2(X161,X162)|~c9_2(X161,X162)|~c10_2(X161,X162)))|![X163]:(ndr1_1(X161)=>(~c3_2(X161,X163)|c9_2(X161,X163)))|![X164]:(ndr1_1(X161)=>(~c9_2(X161,X164)|~c6_2(X161,X164)|c4_2(X161,X164))))))&ndr1_0&~c7_1(a1767)&~c5_1(a1767)&(![X165]:(ndr1_0=>(~c1_1(X165)|~c7_1(X165)|c4_1(X165)))|~c3_0|![X166]:(ndr1_0=>(c8_1(X166)|~c5_1(X166)|~c9_1(X166))))&(![X167]:(ndr1_0=>(c8_1(X167)|(ndr1_1(X167)&~c5_2(X167,a1768)&c3_2(X167,a1768)&~c2_2(X167,a1768))|c4_1(X167)))|~c10_0|![X168]:(ndr1_0=>(c7_1(X168)|c10_1(X168)|c3_1(X168))))&(![X169]:(ndr1_0=>(c7_1(X169)|(ndr1_1(X169)&c8_2(X169,a1769)&c10_2(X169,a1769)&~c7_2(X169,a1769))|c9_1(X169)))|c5_0)&c7_0&(c2_0|(ndr1_0&ndr1_1(a1770)&~c2_2(a1770,a1771)&~c6_2(a1770,a1771)&c9_2(a1770,a1771)&~c5_1(a1770)&![X170]:(ndr1_1(a1770)=>(c6_2(a1770,X170)|~c9_2(a1770,X170)|~c1_2(a1770,X170)))))&(![X171]:(ndr1_0=>(![X172]:(ndr1_1(X171)=>(c10_2(X171,X172)|~c2_2(X171,X172)|c9_2(X171,X172)))|(ndr1_1(X171)&c3_2(X171,a1772)&~c2_2(X171,a1772)&~c6_2(X171,a1772))|![X173]:(ndr1_1(X171)=>(~c1_2(X171,X173)|~c8_2(X171,X173)))))|![X174]:(ndr1_0=>((ndr1_1(X174)&c5_2(X174,a1773)&~c4_2(X174,a1773)&c2_2(X174,a1773))|(ndr1_1(X174)&c2_2(X174,a1774)&~c3_2(X174,a1774)&c7_2(X174,a1774))|![X175]:(ndr1_1(X174)=>(~c3_2(X174,X175)|c6_2(X174,X175)|c5_2(X174,X175)))))|![X176]:(ndr1_0=>((ndr1_1(X176)&~c7_2(X176,a1775)&~c9_2(X176,a1775)&~c8_2(X176,a1775))|~c6_1(X176)|(ndr1_1(X176)&c5_2(X176,a1776)&~c9_2(X176,a1776)&~c3_2(X176,a1776)))))&(![X177]:(ndr1_0=>((ndr1_1(X177)&c3_2(X177,a1777)&~c2_2(X177,a1777)&~c8_2(X177,a1777))|c2_1(X177)|(ndr1_1(X177)&~c3_2(X177,a1778)&~c7_2(X177,a1778)&~c5_2(X177,a1778))))|~c4_0|![X178]:(ndr1_0=>(~c6_1(X178)|c7_1(X178)|![X179]:(ndr1_1(X178)=>(~c4_2(X178,X179)|~c8_2(X178,X179)|c1_2(X178,X179))))))&(~c2_0|(ndr1_0&~c8_1(a1779)&~c2_1(a1779)&~c7_1(a1779))|c9_0)&(![X180]:(ndr1_0=>(![X181]:(ndr1_1(X180)=>(~c2_2(X180,X181)|~c3_2(X180,X181)|c9_2(X180,X181)))|(ndr1_1(X180)&c6_2(X180,a1780)&c7_2(X180,a1780)&c3_2(X180,a1780))|~c4_1(X180)))|~c10_0)&(![X182]:(ndr1_0=>(c2_1(X182)|![X183]:(ndr1_1(X182)=>(~c7_2(X182,X183)|~c6_2(X182,X183)|c1_2(X182,X183)))))|(ndr1_0&![X184]:(ndr1_1(a1781)=>(c5_2(a1781,X184)|c3_2(a1781,X184)))&c2_1(a1781)&ndr1_1(a1781)&c2_2(a1781,a1782)&~c9_2(a1781,a1782)&c7_2(a1781,a1782))|![X185]:(ndr1_0=>(~c6_1(X185)|c7_1(X185)|![X186]:(ndr1_1(X185)=>(c10_2(X185,X186)|c2_2(X185,X186)|c1_2(X185,X186))))))&((ndr1_0&![X187]:(ndr1_1(a1783)=>(c4_2(a1783,X187)|c2_2(a1783,X187)|~c8_2(a1783,X187)))&![X188]:(ndr1_1(a1783)=>(~c2_2(a1783,X188)|c10_2(a1783,X188)|c7_2(a1783,X188)))&![X189]:(ndr1_1(a1783)=>(~c7_2(a1783,X189)|c1_2(a1783,X189))))|c2_0|c9_0)&((ndr1_0&~c2_1(a1784)&![X190]:(ndr1_1(a1784)=>(c9_2(a1784,X190)|c1_2(a1784,X190)|~c7_2(a1784,X190)))&~c10_1(a1784))|(ndr1_0&~c2_1(a1785)&ndr1_1(a1785)&c1_2(a1785,a1786)&~c4_2(a1785,a1786)&c10_2(a1785,a1786)&![X191]:(ndr1_1(a1785)=>(c2_2(a1785,X191)|c4_2(a1785,X191)|~c5_2(a1785,X191))))|(ndr1_0&~c5_1(a1787)&ndr1_1(a1787)&~c3_2(a1787,a1788)&~c8_2(a1787,a1788)&c1_2(a1787,a1788)&ndr1_1(a1787)&~c9_2(a1787,a1789)&c7_2(a1787,a1789)&c6_2(a1787,a1789)))&((ndr1_0&c5_1(a1790)&ndr1_1(a1790)&c2_2(a1790,a1791)&c10_2(a1790,a1791)&c9_2(a1790,a1791)&![X192]:(ndr1_1(a1790)=>(~c1_2(a1790,X192)|~c6_2(a1790,X192)|~c2_2(a1790,X192))))|~c9_0|![X193]:(ndr1_0=>(![X194]:(ndr1_1(X193)=>(~c3_2(X193,X194)|~c2_2(X193,X194)|c5_2(X193,X194)))|~c8_1(X193)|![X195]:(ndr1_1(X193)=>(c5_2(X193,X195)|~c8_2(X193,X195)|~c4_2(X193,X195))))))&(![X196]:(ndr1_0=>((ndr1_1(X196)&c5_2(X196,a1792)&~c1_2(X196,a1792)&c4_2(X196,a1792))|![X197]:(ndr1_1(X196)=>(~c4_2(X196,X197)|~c8_2(X196,X197)|~c7_2(X196,X197)))))|~c9_0|![X198]:(ndr1_0=>((ndr1_1(X198)&~c8_2(X198,a1793)&c2_2(X198,a1793)&~c5_2(X198,a1793))|c6_1(X198)|(ndr1_1(X198)&c5_2(X198,a1794)&~c10_2(X198,a1794)&~c4_2(X198,a1794)))))&(~c3_0|(ndr1_0&ndr1_1(a1795)&~c10_2(a1795,a1796)&~c5_2(a1795,a1796)&c6_2(a1795,a1796)&ndr1_1(a1795)&~c8_2(a1795,a1797)&c10_2(a1795,a1797)&~c2_2(a1795,a1797)&~c2_1(a1795))|(ndr1_0&~c1_1(a1798)&ndr1_1(a1798)&c5_2(a1798,a1799)&c10_2(a1798,a1799)&~c9_2(a1798,a1799)&~c6_1(a1798)))&(~c6_0|c9_0)&(![X199]:(ndr1_0=>((ndr1_1(X199)&~c10_2(X199,a1800)&c2_2(X199,a1800))|c5_1(X199)|(ndr1_1(X199)&c6_2(X199,a1801)&~c4_2(X199,a1801)&~c10_2(X199,a1801))))|c8_0|(ndr1_0&c7_1(a1802)&ndr1_1(a1802)&c9_2(a1802,a1803)&c4_2(a1802,a1803)&c7_2(a1802,a1803)&ndr1_1(a1802)&c5_2(a1802,a1804)&c6_2(a1802,a1804)&~c7_2(a1802,a1804)))&(~c4_0|c9_0)&(c8_0|![X200]:(ndr1_0=>(![X201]:(ndr1_1(X200)=>(c10_2(X200,X201)|~c7_2(X200,X201)|c5_2(X200,X201)))|![X202]:(ndr1_1(X200)=>(c2_2(X200,X202)|~c9_2(X200,X202)))|~c5_1(X200)))|~c9_0)&(c10_0|(ndr1_0&~c7_1(a1805)&ndr1_1(a1805)&~c5_2(a1805,a1806)&~c4_2(a1805,a1806)&~c6_2(a1805,a1806)&![X203]:(ndr1_1(a1805)=>(c10_2(a1805,X203)|c2_2(a1805,X203)|~c4_2(a1805,X203))))|~c1_0)&((ndr1_0&c8_1(a1807)&c9_1(a1807)&ndr1_1(a1807)&~c9_2(a1807,a1808)&~c6_2(a1807,a1808)&c5_2(a1807,a1808))|(ndr1_0&c1_1(a1809)&c4_1(a1809)&~c8_1(a1809))|~c8_0)&(![X204]:(ndr1_0=>(~c8_1(X204)|~c1_1(X204)|(ndr1_1(X204)&~c7_2(X204,a1810)&c2_2(X204,a1810))))|(ndr1_0&ndr1_1(a1811)&c6_2(a1811,a1812)&~c10_2(a1811,a1812)&c3_1(a1811)&![X205]:(ndr1_1(a1811)=>(c2_2(a1811,X205)|~c5_2(a1811,X205)|~c3_2(a1811,X205))))|(ndr1_0&~c4_1(a1813)&![X206]:(ndr1_1(a1813)=>(c10_2(a1813,X206)|~c8_2(a1813,X206)|c9_2(a1813,X206)))&~c5_1(a1813)))&((ndr1_0&ndr1_1(a1814)&c3_2(a1814,a1815)&~c2_2(a1814,a1815)&~c10_2(a1814,a1815)&~c6_1(a1814))|c2_0|~c9_0)&(c4_0|~c8_0)&(~c6_0|![X207]:(ndr1_0=>(c9_1(X207)|(ndr1_1(X207)&c1_2(X207,a1816)&~c6_2(X207,a1816)&~c5_2(X207,a1816))|~c3_1(X207)))|c9_0)&(c8_0|c2_0)&((ndr1_0&ndr1_1(a1817)&c4_2(a1817,a1818)&~c2_2(a1817,a1818)&c8_2(a1817,a1818)&c10_1(a1817)&ndr1_1(a1817)&~c8_2(a1817,a1819)&~c4_2(a1817,a1819)&c9_2(a1817,a1819))|(ndr1_0&![X208]:(ndr1_1(a1820)=>(c9_2(a1820,X208)|~c10_2(a1820,X208)|c5_2(a1820,X208)))&~c7_1(a1820)&ndr1_1(a1820)&~c1_2(a1820,a1821)&~c9_2(a1820,a1821)&c8_2(a1820,a1821))|(ndr1_0&~c4_1(a1822)&c10_1(a1822)&ndr1_1(a1822)&~c9_2(a1822,a1823)&~c7_2(a1822,a1823)&c5_2(a1822,a1823)))&((ndr1_0&c8_1(a1824)&ndr1_1(a1824)&~c9_2(a1824,a1825)&c8_2(a1824,a1825)&c5_2(a1824,a1825)&~c4_1(a1824))|c10_0|(ndr1_0&c2_1(a1826)&c10_1(a1826)&ndr1_1(a1826)&c6_2(a1826,a1827)&~c4_2(a1826,a1827)&c9_2(a1826,a1827)))&(~c3_0|c2_0|~c10_0)&(~c3_0|c2_0|(ndr1_0&![X209]:(ndr1_1(a1828)=>(~c2_2(a1828,X209)|c4_2(a1828,X209)|~c7_2(a1828,X209)))&![X210]:(ndr1_1(a1828)=>(c8_2(a1828,X210)|~c5_2(a1828,X210)|~c10_2(a1828,X210)))&c4_1(a1828)))&(![X211]:(ndr1_0=>((ndr1_1(X211)&~c2_2(X211,a1829)&c5_2(X211,a1829)&c4_2(X211,a1829))|(ndr1_1(X211)&~c7_2(X211,a1830)&~c1_2(X211,a1830))|![X212]:(ndr1_1(X211)=>(~c9_2(X211,X212)|c5_2(X211,X212)))))|c2_0|![X213]:(ndr1_0=>((ndr1_1(X213)&c4_2(X213,a1831)&~c5_2(X213,a1831)&~c8_2(X213,a1831))|![X214]:(ndr1_1(X213)=>(c4_2(X213,X214)|c1_2(X213,X214)|~c7_2(X213,X214)))|~c10_1(X213))))&(![X215]:(ndr1_0=>((ndr1_1(X215)&~c4_2(X215,a1832)&c7_2(X215,a1832)&c1_2(X215,a1832))|(ndr1_1(X215)&c9_2(X215,a1833)&c2_2(X215,a1833)&c6_2(X215,a1833))|c6_1(X215)))|c9_0|![X216]:(ndr1_0=>(![X217]:(ndr1_1(X216)=>(~c5_2(X216,X217)|c8_2(X216,X217)|c2_2(X216,X217)))|c7_1(X216)|~c4_1(X216))))))			
../../TPTP-v7.3.0/Problems/SYN/SYN050+1.p		Theorem	UNKNOWN		UNKNOWN		fof		(![X,Y]:?[Z]:![W]:((big_p(X)&big_q(Y))=>(big_r(Z)&big_s(W)))=>?[X1,Y1]:((big_p(X1)&big_q(Y1))=>?[Z1]:big_r(Z1)))			
../../TPTP-v7.3.0/Problems/SYN/SYN541+1.p		CounterSatisfiable	UNKNOWN		UNKNOWN		fof		(~((~c5_0|(ndr1_0&~c4_1(a725)&c5_1(a725)&c2_1(a725))|c4_0)&(c5_0|~c4_0|![U]:(ndr1_0=>(c2_1(U)|![V]:(ndr1_1(U)=>(~c2_2(U,V)|c4_2(U,V)|c1_2(U,V))))))&(c5_0|c1_0|![W]:(ndr1_0=>(![X]:(ndr1_1(W)=>(~c2_2(W,X)|~c5_2(W,X)))|![Y]:(ndr1_1(W)=>(~c5_2(W,Y)|~c1_2(W,Y)|~c2_2(W,Y))))))&((ndr1_0&![Z]:(ndr1_1(a726)=>(~c5_2(a726,Z)|c3_2(a726,Z)))&ndr1_1(a726)&c2_2(a726,a727)&~c5_2(a726,a727)&c4_2(a726,a727)&ndr1_1(a726)&~c4_2(a726,a728)&c2_2(a726,a728))|~c3_0|(ndr1_0&![X1]:(ndr1_1(a729)=>(~c5_2(a729,X1)|c4_2(a729,X1)|~c1_2(a729,X1)))&![X2]:(ndr1_1(a729)=>(~c4_2(a729,X2)|~c1_2(a729,X2)))&c4_1(a729)))&(![X3]:(ndr1_0=>(~c4_1(X3)|(ndr1_1(X3)&~c2_2(X3,a730)&~c3_2(X3,a730))|~c3_1(X3)))|~c3_0|~c5_0)&ndr1_0&c2_1(a731)&c4_1(a731)&(c3_0|(ndr1_0&ndr1_1(a732)&c4_2(a732,a733)&~c3_2(a732,a733)&~c2_1(a732))|![X4]:(ndr1_0=>(c2_1(X4)|~c5_1(X4))))&((ndr1_0&~c5_1(a734)&c4_1(a734))|![X5]:(ndr1_0=>((ndr1_1(X5)&~c5_2(X5,a735)&c1_2(X5,a735)&c4_2(X5,a735))|~c4_1(X5)|c5_1(X5))))&(~c1_0|c2_0|(ndr1_0&ndr1_1(a736)&c5_2(a736,a737)&~c4_2(a736,a737)&~c3_2(a736,a737)&c4_1(a736)&~c3_1(a736)))&(c4_0|![X6]:(ndr1_0=>(~c1_1(X6)|c4_1(X6)|c3_1(X6)))|(ndr1_0&ndr1_1(a738)&~c4_2(a738,a739)&~c1_2(a738,a739)&~c5_2(a738,a739)&ndr1_1(a738)&c1_2(a738,a740)&~c5_2(a738,a740)))&((ndr1_0&c2_1(a741)&c3_1(a741)&~c4_1(a741))|~c4_0)&((ndr1_0&ndr1_1(a742)&~c4_2(a742,a743)&~c1_2(a742,a743)&c2_2(a742,a743)&![X7]:(ndr1_1(a742)=>(c4_2(a742,X7)|c1_2(a742,X7)|c3_2(a742,X7)))&c3_1(a742))|(ndr1_0&c3_1(a744)&ndr1_1(a744)&c3_2(a744,a745)&~c4_2(a744,a745)&c1_2(a744,a745)&~c5_1(a744))|![X8]:(ndr1_0=>((ndr1_1(X8)&c5_2(X8,a746)&c1_2(X8,a746))|![X9]:(ndr1_1(X8)=>(~c5_2(X8,X9)|~c3_2(X8,X9)|~c1_2(X8,X9)))|~c5_1(X8))))&((ndr1_0&ndr1_1(a747)&~c4_2(a747,a748)&~c2_2(a747,a748)&~c3_2(a747,a748)&![X10]:(ndr1_1(a747)=>(c1_2(a747,X10)|~c3_2(a747,X10)))&ndr1_1(a747)&~c2_2(a747,a749)&c3_2(a747,a749)&~c4_2(a747,a749))|~c4_0|c5_0)&(~c4_0|c1_0)&(c2_0|(ndr1_0&~c2_1(a750)&ndr1_1(a750)&c4_2(a750,a751)&~c1_2(a750,a751)&c2_2(a750,a751)&![X11]:(ndr1_1(a750)=>(~c2_2(a750,X11)|~c1_2(a750,X11))))|![X12]:(ndr1_0=>((ndr1_1(X12)&c3_2(X12,a752)&c5_2(X12,a752))|![X13]:(ndr1_1(X12)=>(~c4_2(X12,X13)|c3_2(X12,X13)|~c5_2(X12,X13)))|![X14]:(ndr1_1(X12)=>(~c4_2(X12,X14)|~c1_2(X12,X14)|~c3_2(X12,X14))))))&(~c4_0|c3_0|![X15]:(ndr1_0=>(![X16]:(ndr1_1(X15)=>(~c3_2(X15,X16)|~c2_2(X15,X16)))|c4_1(X15)|c5_1(X15))))&(~c4_0|![X17]:(ndr1_0=>((ndr1_1(X17)&c2_2(X17,a753)&~c5_2(X17,a753)&~c1_2(X17,a753))|~c2_1(X17)|~c1_1(X17)))|![X18]:(ndr1_0=>(~c5_1(X18)|c3_1(X18)|![X19]:(ndr1_1(X18)=>(~c3_2(X18,X19)|c2_2(X18,X19)|~c1_2(X18,X19))))))&(~c2_0|c3_0)&(![X20]:(ndr1_0=>(c1_1(X20)|(ndr1_1(X20)&c3_2(X20,a754)&~c5_2(X20,a754))|![X21]:(ndr1_1(X20)=>(~c4_2(X20,X21)|c3_2(X20,X21)|c5_2(X20,X21)))))|c4_0|c2_0)&(![X22]:(ndr1_0=>((ndr1_1(X22)&c3_2(X22,a755)&~c4_2(X22,a755))|c4_1(X22)|(ndr1_1(X22)&c1_2(X22,a756)&c5_2(X22,a756)&~c4_2(X22,a756))))|~c2_0|c1_0)&(~c2_0|(ndr1_0&c4_1(a757)&~c1_1(a757)))&(c4_0|~c5_0)&(c1_0|![X23]:(ndr1_0=>(~c2_1(X23)|![X24]:(ndr1_1(X23)=>(c1_2(X23,X24)|~c4_2(X23,X24)))|![X25]:(ndr1_1(X23)=>(~c2_2(X23,X25)|c4_2(X23,X25)|c5_2(X23,X25))))))&(![X26]:(ndr1_0=>(![X27]:(ndr1_1(X26)=>(c1_2(X26,X27)|~c4_2(X26,X27)))|(ndr1_1(X26)&c5_2(X26,a758)&~c2_2(X26,a758))|c1_1(X26)))|(ndr1_0&c3_1(a759)&ndr1_1(a759)&~c1_2(a759,a760)&~c3_2(a759,a760)&c4_2(a759,a760)&![X28]:(ndr1_1(a759)=>(~c5_2(a759,X28)|~c2_2(a759,X28)|c1_2(a759,X28)))))&(![X29]:(ndr1_0=>(~c5_1(X29)|![X30]:(ndr1_1(X29)=>(~c1_2(X29,X30)|~c2_2(X29,X30)))|~c2_1(X29)))|~c3_0|![X31]:(ndr1_0=>(~c3_1(X31)|(ndr1_1(X31)&c3_2(X31,a761)&~c1_2(X31,a761)&c5_2(X31,a761)))))&(![X32]:(ndr1_0=>(![X33]:(ndr1_1(X32)=>(~c1_2(X32,X33)|c5_2(X32,X33)|c2_2(X32,X33)))|c5_1(X32)))|![X34]:(ndr1_0=>((ndr1_1(X34)&c3_2(X34,a762)&c2_2(X34,a762))|~c2_1(X34))))&(~c4_0|![X35]:(ndr1_0=>(c2_1(X35)|![X36]:(ndr1_1(X35)=>(~c1_2(X35,X36)|c3_2(X35,X36)|~c2_2(X35,X36)))|~c1_1(X35))))&(![X37]:(ndr1_0=>(c3_1(X37)|![X38]:(ndr1_1(X37)=>(~c5_2(X37,X38)|~c2_2(X37,X38)|c4_2(X37,X38)))|~c2_1(X37)))|c2_0|(ndr1_0&ndr1_1(a763)&c1_2(a763,a764)&c2_2(a763,a764)&c5_2(a763,a764)&![X39]:(ndr1_1(a763)=>(c2_2(a763,X39)|c5_2(a763,X39)|c4_2(a763,X39)))&~c2_1(a763)))&(~c1_0|c4_0|![X40]:(ndr1_0=>(c4_1(X40)|![X41]:(ndr1_1(X40)=>(c2_2(X40,X41)|c1_2(X40,X41)|~c3_2(X40,X41)))|c3_1(X40))))&(~c4_0|(ndr1_0&c5_1(a765)&![X42]:(ndr1_1(a765)=>(c1_2(a765,X42)|c2_2(a765,X42)|~c3_2(a765,X42)))&~c4_1(a765))|~c3_0)&(![X43]:(ndr1_0=>((ndr1_1(X43)&~c2_2(X43,a766)&c3_2(X43,a766)&~c1_2(X43,a766))|c5_1(X43)|![X44]:(ndr1_1(X43)=>(c3_2(X43,X44)|~c5_2(X43,X44)))))|c1_0|(ndr1_0&ndr1_1(a767)&~c5_2(a767,a768)&c4_2(a767,a768)&c3_2(a767,a768)&~c4_1(a767)&c5_1(a767)))&((ndr1_0&ndr1_1(a769)&c4_2(a769,a770)&c3_2(a769,a770)&~c2_2(a769,a770)&~c3_1(a769)&![X45]:(ndr1_1(a769)=>(c1_2(a769,X45)|c3_2(a769,X45)|c4_2(a769,X45))))|~c1_0|~c3_0)&(c4_0|c1_0|(ndr1_0&![X46]:(ndr1_1(a771)=>(~c2_2(a771,X46)|c3_2(a771,X46)|~c5_2(a771,X46)))&c4_1(a771)))&(c1_0|(ndr1_0&c2_1(a772)&c5_1(a772)&ndr1_1(a772)&~c1_2(a772,a773)&~c4_2(a772,a773)&c5_2(a772,a773))|(ndr1_0&![X47]:(ndr1_1(a774)=>(c1_2(a774,X47)|~c4_2(a774,X47)))&![X48]:(ndr1_1(a774)=>(c2_2(a774,X48)|~c1_2(a774,X48)))&c3_1(a774)))))			
../../TPTP-v7.3.0/Problems/SYN/SYN061-1.p		Unsatisfiable	UNKNOWN		UNKNOWN		cnf	(~big_f(X)|~big_g(X)),(~big_f(X)|~big_h(X)),(big_i(a)),(big_f(a)),(big_h(X)|big_j(X)),(~big_f(X)|~big_g(X)),(~big_f(X)|~big_h(X)),(big_i(a)),(big_f(a)),(big_h(X)|big_j(X))				
../../TPTP-v7.3.0/Problems/SYN/SYN888-1.p		Satisfiable	UNKNOWN		UNKNOWN		cnf					
../../TPTP-v7.3.0/Problems/SYN/SYN012-1.p		Unsatisfiable	UNKNOWN		UNKNOWN		cnf					
../../TPTP-v7.3.0/Problems/SYN/SYN162-1.p		Unsatisfiable	UNKNOWN		UNKNOWN		cnf					
../../TPTP-v7.3.0/Problems/SYN/SYN621-1.p		Unsatisfiable	UNKNOWN		UNKNOWN		cnf					
../../TPTP-v7.3.0/Problems/SYN/SYN969+1.p		Theorem	UNKNOWN		UNKNOWN		fof		(![B]:((![X]:(p(X)=>q(X))&r(B))=>(![Y]:(r(Y)=>p(Y))=>q(B))))			
../../TPTP-v7.3.0/Problems/SYN/SYN464-1.p		Satisfiable	UNKNOWN		UNKNOWN		cnf					
../../TPTP-v7.3.0/Problems/SYN/SYN290-1.p		Unsatisfiable	UNKNOWN		UNKNOWN		cnf					
../../TPTP-v7.3.0/Problems/SYN/SYN617-1.p		Unsatisfiable	UNKNOWN		UNKNOWN		cnf					
../../TPTP-v7.3.0/Problems/SYN/SYN159-1.p		Unsatisfiable	UNKNOWN		UNKNOWN		cnf					
../../TPTP-v7.3.0/Problems/SYN/SYN097-1.002.p		Unsatisfiable	UNKNOWN		UNKNOWN		cnf	(~u_1),(u_2|p_1_2|~p_2_2|~p_1_1),(p_1_2|~u_2),(u_3|p_1_2|~q_2_2|~q_1_1),(p_1_2|~u_3),(u_4|q_1_2|~p_2_2|~q_1_1),(q_1_2|~u_4),(u_5|q_1_2|~q_2_2|~p_1_1),(q_1_2|~u_5),(u_6|p_1_1|~p_1_2),(p_1_1|~u_6),(u_7|q_1_1|~q_1_2),(q_1_1|~u_7),(u_8|p_2_2|~p_1_2),(p_2_2|~u_8),(u_9|q_2_2|~q_1_2),(q_2_2|~u_9),(u_10|p_1_1),(p_1_1|~u_10),(u_11|q_1_1),(q_1_1|~u_11),(u_12|p_2_2),(p_2_2|~u_12),(u_13|q_2_2),(q_2_2|~u_13),(~sym_u_1|sym_p_1_2),(sym_u_1),(~sym_u_2|~sym_p_1_2|sym_p_2_2|sym_p_1_1),(~sym_p_1_2|sym_u_2),(~sym_u_3|~sym_p_1_2|sym_q_2_2|sym_q_1_1),(~sym_p_1_2|sym_u_3),(~sym_u_4|~sym_q_1_2|sym_p_2_2|sym_q_1_1),(~sym_q_1_2|sym_u_4),(~sym_u_5|~sym_q_1_2|sym_q_2_2|sym_p_1_1),(~sym_q_1_2|sym_u_5),(~sym_u_6|~sym_p_1_1|sym_p_1_2),(~sym_p_1_1|sym_u_6),(~sym_u_7|~sym_q_1_1|sym_q_1_2),(~sym_q_1_1|sym_u_7),(~sym_u_8|~sym_p_2_2|sym_p_1_2),(~sym_p_2_2|sym_u_8),(~sym_u_9|~sym_q_2_2|sym_q_1_2),(~sym_q_2_2|sym_u_9),(~sym_u_10|~sym_p_1_1),(~sym_p_1_1|sym_u_10),(~sym_u_11|~sym_q_1_1),(~sym_q_1_1|sym_u_11),(~sym_u_12|~sym_p_2_2),(~sym_p_2_2|sym_u_12),(~sym_u_13|~sym_q_2_2),(~sym_q_2_2|sym_u_13),(~u_1),(u_2|p_1_2|~p_2_2|~p_1_1),(p_1_2|~u_2),(u_3|p_1_2|~q_2_2|~q_1_1),(p_1_2|~u_3),(u_4|q_1_2|~p_2_2|~q_1_1),(q_1_2|~u_4),(u_5|q_1_2|~q_2_2|~p_1_1),(q_1_2|~u_5),(u_6|p_1_1|~p_1_2),(p_1_1|~u_6),(u_7|q_1_1|~q_1_2),(q_1_1|~u_7),(u_8|p_2_2|~p_1_2),(p_2_2|~u_8),(u_9|q_2_2|~q_1_2),(q_2_2|~u_9),(u_10|p_1_1),(p_1_1|~u_10),(u_11|q_1_1),(q_1_1|~u_11),(u_12|p_2_2),(p_2_2|~u_12),(u_13|q_2_2),(q_2_2|~u_13),(~sym_u_1|sym_p_1_2),(sym_u_1),(~sym_u_2|~sym_p_1_2|sym_p_2_2|sym_p_1_1),(~sym_p_1_2|sym_u_2),(~sym_u_3|~sym_p_1_2|sym_q_2_2|sym_q_1_1),(~sym_p_1_2|sym_u_3),(~sym_u_4|~sym_q_1_2|sym_p_2_2|sym_q_1_1),(~sym_q_1_2|sym_u_4),(~sym_u_5|~sym_q_1_2|sym_q_2_2|sym_p_1_1),(~sym_q_1_2|sym_u_5),(~sym_u_6|~sym_p_1_1|sym_p_1_2),(~sym_p_1_1|sym_u_6),(~sym_u_7|~sym_q_1_1|sym_q_1_2),(~sym_q_1_1|sym_u_7),(~sym_u_8|~sym_p_2_2|sym_p_1_2),(~sym_p_2_2|sym_u_8),(~sym_u_9|~sym_q_2_2|sym_q_1_2),(~sym_q_2_2|sym_u_9),(~sym_u_10|~sym_p_1_1),(~sym_p_1_1|sym_u_10),(~sym_u_11|~sym_q_1_1),(~sym_q_1_1|sym_u_11),(~sym_u_12|~sym_p_2_2),(~sym_p_2_2|sym_u_12),(~sym_u_13|~sym_q_2_2),(~sym_q_2_2|sym_u_13)				
../../TPTP-v7.3.0/Problems/SYN/SYN616-1.p		Unsatisfiable	UNKNOWN		UNKNOWN		cnf					
../../TPTP-v7.3.0/Problems/SYN/SYN051+1.p		Theorem	UNKNOWN		UNKNOWN		fof	(?[X]:(p=>big_f(X))),(?[X]:(big_f(X)=>p)),(?[X]:(p=>big_f(X))),(?[X]:(big_f(X)=>p))	(?[X]:(p<=>big_f(X)))			
../../TPTP-v7.3.0/Problems/SYN/SYN328+1.p		Theorem	UNKNOWN		UNKNOWN		fof		(?[X]:![Y,Z]:(((big_f(Y)=>big_g(Y))<=>big_f(X))=>(((big_f(Y)=>big_h(Y))<=>big_g(X))=>((((big_f(Y)=>big_g(Y))=>big_h(Y))<=>big_h(X))=>(big_f(Z)&big_g(Z)&big_h(Z))))))			
../../TPTP-v7.3.0/Problems/SYN/SYN307-1.p		Satisfiable	UNKNOWN		UNKNOWN		cnf					
../../TPTP-v7.3.0/Problems/SYN/SYN324-1.p		Satisfiable	UNKNOWN		UNKNOWN		cnf					
../../TPTP-v7.3.0/Problems/SYN/SYN471+1.p		Theorem	UNKNOWN		UNKNOWN		fof		(~((~hskp0|(ndr1_0&c2_1(a593)&~c0_1(a593)&~c3_1(a593)))&(~hskp1|(ndr1_0&c0_1(a594)&c1_1(a594)&~c3_1(a594)))&(~hskp2|(ndr1_0&c2_1(a596)&~c0_1(a596)&~c1_1(a596)))&(~hskp3|(ndr1_0&c1_1(a597)&c2_1(a597)&~c3_1(a597)))&(~hskp4|(ndr1_0&~c0_1(a598)&~c1_1(a598)&~c2_1(a598)))&(~hskp5|(ndr1_0&c2_1(a599)&c3_1(a599)&~c1_1(a599)))&(~hskp6|(ndr1_0&c3_1(a600)&~c1_1(a600)&~c2_1(a600)))&(~hskp7|(ndr1_0&c2_1(a602)&c3_1(a602)&~c0_1(a602)))&(~hskp8|(ndr1_0&c0_1(a603)&~c1_1(a603)&~c2_1(a603)))&(~hskp9|(ndr1_0&c1_1(a604)&c2_1(a604)&~c0_1(a604)))&(~hskp10|(ndr1_0&c0_1(a605)&c2_1(a605)&~c3_1(a605)))&(~hskp11|(ndr1_0&c1_1(a608)&~c0_1(a608)&~c3_1(a608)))&(~hskp12|(ndr1_0&c2_1(a609)&~c1_1(a609)&~c3_1(a609)))&(~hskp13|(ndr1_0&c1_1(a614)&~c2_1(a614)&~c3_1(a614)))&(~hskp14|(ndr1_0&c0_1(a615)&c2_1(a615)&~c1_1(a615)))&(~hskp15|(ndr1_0&c0_1(a619)&~c1_1(a619)&~c3_1(a619)))&(~hskp16|(ndr1_0&c1_1(a620)&~c0_1(a620)&~c2_1(a620)))&(~hskp17|(ndr1_0&c0_1(a624)&c1_1(a624)&~c2_1(a624)))&(~hskp18|(ndr1_0&c3_1(a625)&~c0_1(a625)&~c1_1(a625)))&(~hskp19|(ndr1_0&c0_1(a627)&~c2_1(a627)&~c3_1(a627)))&(~hskp20|(ndr1_0&c0_1(a630)&c3_1(a630)&~c2_1(a630)))&(~hskp21|(ndr1_0&c0_1(a631)&c3_1(a631)&~c1_1(a631)))&(~hskp22|(ndr1_0&~c0_1(a644)&~c2_1(a644)&~c3_1(a644)))&(~hskp23|(ndr1_0&c3_1(a645)&~c0_1(a645)&~c2_1(a645)))&(~hskp24|(ndr1_0&c1_1(a651)&c3_1(a651)&~c2_1(a651)))&(~hskp25|(ndr1_0&c1_1(a656)&c3_1(a656)&~c0_1(a656)))&(~hskp26|(ndr1_0&~c0_1(a667)&~c1_1(a667)&~c3_1(a667)))&(~hskp27|(ndr1_0&~c1_1(a690)&~c2_1(a690)&~c3_1(a690)))&(~hskp28|(ndr1_0&c1_1(a595)&c2_1(a595)&c3_1(a595)))&(~hskp29|(ndr1_0&c0_1(a618)&c1_1(a618)&c3_1(a618)))&(~hskp30|(ndr1_0&c0_1(a637)&c1_1(a637)&c2_1(a637)))&(~hskp31|(ndr1_0&c0_1(a672)&c2_1(a672)&c3_1(a672)))&(![U]:(ndr1_0=>(c0_1(U)|c1_1(U)|c2_1(U)))|![V]:(ndr1_0=>(c0_1(V)|c1_1(V)|c3_1(V)))|![W]:(ndr1_0=>(c0_1(W)|c2_1(W)|c3_1(W))))&(![X]:(ndr1_0=>(c0_1(X)|c1_1(X)|c2_1(X)))|![Y]:(ndr1_0=>(c0_1(Y)|c1_1(Y)|~c3_1(Y)))|![Z]:(ndr1_0=>(c3_1(Z)|~c0_1(Z)|~c2_1(Z))))&(![X1]:(ndr1_0=>(c0_1(X1)|c1_1(X1)|c2_1(X1)))|![X2]:(ndr1_0=>(c2_1(X2)|c3_1(X2)|~c0_1(X2)))|![X3]:(ndr1_0=>(c2_1(X3)|~c0_1(X3)|~c3_1(X3))))&(![X4]:(ndr1_0=>(c0_1(X4)|c1_1(X4)|c2_1(X4)))|![X5]:(ndr1_0=>(c3_1(X5)|~c0_1(X5)|~c2_1(X5)))|hskp0)&(![X6]:(ndr1_0=>(c0_1(X6)|c1_1(X6)|c2_1(X6)))|![X7]:(ndr1_0=>(c3_1(X7)|~c1_1(X7)|~c2_1(X7)))|![X8]:(ndr1_0=>(~c0_1(X8)|~c1_1(X8)|~c2_1(X8))))&(![X9]:(ndr1_0=>(c0_1(X9)|c1_1(X9)|c3_1(X9)))|![X10]:(ndr1_0=>(c0_1(X10)|c1_1(X10)|~c3_1(X10)))|![X11]:(ndr1_0=>(~c0_1(X11)|~c2_1(X11)|~c3_1(X11))))&(![X12]:(ndr1_0=>(c0_1(X12)|c1_1(X12)|~c2_1(X12)))|![X13]:(ndr1_0=>(c1_1(X13)|~c0_1(X13)|~c3_1(X13)))|hskp1)&(![X14]:(ndr1_0=>(c0_1(X14)|c1_1(X14)|~c2_1(X14)))|hskp28|hskp2)&(![X15]:(ndr1_0=>(c0_1(X15)|c1_1(X15)|~c2_1(X15)))|hskp3|hskp4)&(![X16]:(ndr1_0=>(c0_1(X16)|c1_1(X16)|~c3_1(X16)))|![X17]:(ndr1_0=>(c0_1(X17)|c2_1(X17)|c3_1(X17)))|![X18]:(ndr1_0=>(c0_1(X18)|~c2_1(X18)|~c3_1(X18))))&(![X19]:(ndr1_0=>(c0_1(X19)|c1_1(X19)|~c3_1(X19)))|![X20]:(ndr1_0=>(c0_1(X20)|c3_1(X20)|~c1_1(X20)))|![X21]:(ndr1_0=>(c3_1(X21)|~c0_1(X21)|~c1_1(X21))))&(![X22]:(ndr1_0=>(c0_1(X22)|c1_1(X22)|~c3_1(X22)))|![X23]:(ndr1_0=>(c0_1(X23)|~c2_1(X23)|~c3_1(X23)))|![X24]:(ndr1_0=>(c2_1(X24)|~c0_1(X24)|~c3_1(X24))))&(![X25]:(ndr1_0=>(c0_1(X25)|c1_1(X25)|~c3_1(X25)))|hskp5|hskp6)&(![X26]:(ndr1_0=>(c0_1(X26)|c2_1(X26)|c3_1(X26)))|![X27]:(ndr1_0=>(c0_1(X27)|c3_1(X27)|~c1_1(X27)))|hskp5)&(![X28]:(ndr1_0=>(c0_1(X28)|c2_1(X28)|c3_1(X28)))|![X29]:(ndr1_0=>(c2_1(X29)|c3_1(X29)|~c0_1(X29)))|![X30]:(ndr1_0=>(~c0_1(X30)|~c1_1(X30)|~c2_1(X30))))&(![X31]:(ndr1_0=>(c0_1(X31)|c2_1(X31)|c3_1(X31)))|![X32]:(ndr1_0=>(~c0_1(X32)|~c1_1(X32)|~c2_1(X32)))|hskp7)&(![X33]:(ndr1_0=>(c0_1(X33)|c2_1(X33)|~c1_1(X33)))|![X34]:(ndr1_0=>(c1_1(X34)|c2_1(X34)|~c0_1(X34)))|hskp8)&(![X35]:(ndr1_0=>(c0_1(X35)|c2_1(X35)|~c1_1(X35)))|![X36]:(ndr1_0=>(c1_1(X36)|c3_1(X36)|~c2_1(X36)))|![X37]:(ndr1_0=>(~c0_1(X37)|~c2_1(X37)|~c3_1(X37))))&(![X38]:(ndr1_0=>(c0_1(X38)|c2_1(X38)|~c1_1(X38)))|![X39]:(ndr1_0=>(~c0_1(X39)|~c2_1(X39)|~c3_1(X39)))|hskp9)&(![X40]:(ndr1_0=>(c0_1(X40)|c2_1(X40)|~c1_1(X40)))|![X41]:(ndr1_0=>(~c1_1(X41)|~c2_1(X41)|~c3_1(X41)))|hskp10)&(![X42]:(ndr1_0=>(c0_1(X42)|c3_1(X42)|~c1_1(X42)))|![X43]:(ndr1_0=>(c1_1(X43)|~c0_1(X43)|~c3_1(X43)))|hskp1)&(![X44]:(ndr1_0=>(c0_1(X44)|c3_1(X44)|~c1_1(X44)))|![X45]:(ndr1_0=>(c2_1(X45)|~c1_1(X45)|~c3_1(X45)))|hskp28)&(![X46]:(ndr1_0=>(c0_1(X46)|c3_1(X46)|~c2_1(X46)))|![X47]:(ndr1_0=>(c1_1(X47)|c3_1(X47)|~c0_1(X47)))|hskp11)&(![X48]:(ndr1_0=>(c0_1(X48)|c3_1(X48)|~c2_1(X48)))|![X49]:(ndr1_0=>(c2_1(X49)|~c1_1(X49)|~c3_1(X49)))|hskp12)&(![X50]:(ndr1_0=>(c0_1(X50)|c3_1(X50)|~c2_1(X50)))|hskp10|hskp5)&(![X51]:(ndr1_0=>(c0_1(X51)|c3_1(X51)|~c2_1(X51)))|hskp28|hskp7)&(![X52]:(ndr1_0=>(c0_1(X52)|~c1_1(X52)|~c2_1(X52)))|![X53]:(ndr1_0=>(c0_1(X53)|~c1_1(X53)|~c3_1(X53)))|![X54]:(ndr1_0=>(~c1_1(X54)|~c2_1(X54)|~c3_1(X54))))&(![X55]:(ndr1_0=>(c0_1(X55)|~c1_1(X55)|~c2_1(X55)))|![X56]:(ndr1_0=>(c2_1(X56)|~c0_1(X56)|~c3_1(X56)))|hskp13)&(![X57]:(ndr1_0=>(c0_1(X57)|~c1_1(X57)|~c3_1(X57)))|![X58]:(ndr1_0=>(~c0_1(X58)|~c1_1(X58)|~c2_1(X58)))|hskp14)&(![X59]:(ndr1_0=>(c0_1(X59)|~c1_1(X59)|~c3_1(X59)))|hskp14|hskp8)&(![X60]:(ndr1_0=>(c0_1(X60)|~c2_1(X60)|~c3_1(X60)))|![X61]:(ndr1_0=>(c2_1(X61)|c3_1(X61)|~c1_1(X61)))|![X62]:(ndr1_0=>(~c0_1(X62)|~c1_1(X62)|~c2_1(X62))))&(![X63]:(ndr1_0=>(c0_1(X63)|~c2_1(X63)|~c3_1(X63)))|![X64]:(ndr1_0=>(~c0_1(X64)|~c1_1(X64)|~c2_1(X64)))|hskp29)&(![X65]:(ndr1_0=>(c0_1(X65)|~c2_1(X65)|~c3_1(X65)))|hskp15|hskp16)&(![X66]:(ndr1_0=>(c1_1(X66)|c2_1(X66)|c3_1(X66)))|hskp14|hskp4)&(![X67]:(ndr1_0=>(c1_1(X67)|c2_1(X67)|~c0_1(X67)))|![X68]:(ndr1_0=>(c2_1(X68)|~c0_1(X68)|~c3_1(X68)))|hskp12)&(![X69]:(ndr1_0=>(c1_1(X69)|c2_1(X69)|~c3_1(X69)))|hskp17|hskp18)&(![X70]:(ndr1_0=>(c1_1(X70)|c3_1(X70)|~c2_1(X70)))|![X71]:(ndr1_0=>(~c0_1(X71)|~c1_1(X71)|~c3_1(X71)))|hskp18)&(![X72]:(ndr1_0=>(c1_1(X72)|c3_1(X72)|~c2_1(X72)))|hskp19|hskp7)&(![X73]:(ndr1_0=>(c1_1(X73)|~c0_1(X73)|~c2_1(X73)))|![X74]:(ndr1_0=>(c2_1(X74)|~c0_1(X74)|~c1_1(X74)))|hskp12)&(![X75]:(ndr1_0=>(c1_1(X75)|~c0_1(X75)|~c3_1(X75)))|![X76]:(ndr1_0=>(c2_1(X76)|c3_1(X76)|~c0_1(X76)))|hskp20)&(![X77]:(ndr1_0=>(c1_1(X77)|~c0_1(X77)|~c3_1(X77)))|![X78]:(ndr1_0=>(c2_1(X78)|c3_1(X78)|~c1_1(X78)))|![X79]:(ndr1_0=>(c3_1(X79)|~c1_1(X79)|~c2_1(X79))))&(![X80]:(ndr1_0=>(c1_1(X80)|~c0_1(X80)|~c3_1(X80)))|![X81]:(ndr1_0=>(c3_1(X81)|~c0_1(X81)|~c1_1(X81)))|hskp21)&(![X82]:(ndr1_0=>(c1_1(X82)|~c0_1(X82)|~c3_1(X82)))|hskp14|hskp5)&(![X83]:(ndr1_0=>(c1_1(X83)|~c2_1(X83)|~c3_1(X83)))|hskp13|hskp12)&(![X84]:(ndr1_0=>(c2_1(X84)|c3_1(X84)|~c0_1(X84)))|![X85]:(ndr1_0=>(c2_1(X85)|~c0_1(X85)|~c1_1(X85)))|hskp29)&(![X86]:(ndr1_0=>(c2_1(X86)|c3_1(X86)|~c0_1(X86)))|![X87]:(ndr1_0=>(~c0_1(X87)|~c2_1(X87)|~c3_1(X87)))|hskp30)&(![X88]:(ndr1_0=>(c2_1(X88)|c3_1(X88)|~c0_1(X88)))|hskp19|hskp28)&(![X89]:(ndr1_0=>(c2_1(X89)|c3_1(X89)|~c1_1(X89)))|![X90]:(ndr1_0=>(~c0_1(X90)|~c1_1(X90)|~c2_1(X90)))|![X91]:(ndr1_0=>(~c0_1(X91)|~c2_1(X91)|~c3_1(X91))))&(![X92]:(ndr1_0=>(c2_1(X92)|~c0_1(X92)|~c1_1(X92)))|![X93]:(ndr1_0=>(~c0_1(X93)|~c1_1(X93)|~c2_1(X93)))|hskp18)&(![X94]:(ndr1_0=>(c2_1(X94)|~c0_1(X94)|~c1_1(X94)))|hskp8|hskp4)&(![X95]:(ndr1_0=>(c2_1(X95)|~c0_1(X95)|~c1_1(X95)))|hskp4|hskp22)&(![X96]:(ndr1_0=>(c2_1(X96)|~c0_1(X96)|~c3_1(X96)))|hskp23|hskp22)&(![X97]:(ndr1_0=>(c2_1(X97)|~c1_1(X97)|~c3_1(X97)))|hskp29|hskp6)&(![X98]:(ndr1_0=>(c2_1(X98)|~c1_1(X98)|~c3_1(X98)))|hskp10|hskp5)&(![X99]:(ndr1_0=>(c3_1(X99)|~c0_1(X99)|~c1_1(X99)))|![X100]:(ndr1_0=>(~c0_1(X100)|~c2_1(X100)|~c3_1(X100)))|hskp24)&(![X101]:(ndr1_0=>(c3_1(X101)|~c0_1(X101)|~c1_1(X101)))|![X102]:(ndr1_0=>(~c1_1(X102)|~c2_1(X102)|~c3_1(X102)))|hskp17)&(![X103]:(ndr1_0=>(c3_1(X103)|~c0_1(X103)|~c2_1(X103)))|hskp14)&(![X104]:(ndr1_0=>(c3_1(X104)|~c0_1(X104)|~c2_1(X104)))|hskp28|hskp4)&(![X105]:(ndr1_0=>(c3_1(X105)|~c0_1(X105)|~c2_1(X105)))|hskp25)&(![X106]:(ndr1_0=>(c3_1(X106)|~c1_1(X106)|~c2_1(X106)))|hskp0|hskp22)&(![X107]:(ndr1_0=>(~c0_1(X107)|~c1_1(X107)|~c2_1(X107)))|hskp29|hskp16)&(![X108]:(ndr1_0=>(~c0_1(X108)|~c2_1(X108)|~c3_1(X108)))|hskp28|hskp2)&(![X109]:(ndr1_0=>(~c1_1(X109)|~c2_1(X109)|~c3_1(X109)))|hskp5|hskp18)&(hskp30|hskp3|hskp26)&(hskp29|hskp25|hskp23)&(hskp1|hskp31|hskp24)&(hskp1|hskp21|hskp4)&(hskp10|hskp28|hskp2)&(hskp10|hskp9|hskp12)&(hskp10|hskp12|hskp18)&(hskp9|hskp24)&(hskp3|hskp13|hskp27)))			
../../TPTP-v7.3.0/Problems/SYN/SYN982-1.p		Unsatisfiable	UNKNOWN		UNKNOWN		cnf	(ssNonce(na)),(ssP(t)),(ssBf(na)),(ssP(b)),(ssP(a)),(ssNonce(nb(U))),(ssNonce(tb(U))),(~ssNonce(kt(U))),(ssTk(key(bt,b))),(ssTk(key(at,a))),(ssBk(key(bt,t))),(ssSa(pair(b,na))),(ssAk(key(at,t))),(~ssIm(pair(U,V))|ssIm(V)),(~ssIm(pair(U,V))|ssIm(U)),(ssM(sent(a,b,pair(a,na)))),(~ssIm(triple(U,V,W))|ssIm(W)),(~ssIm(triple(U,V,W))|ssIm(V)),(~ssIm(triple(U,V,W))|ssIm(U)),(~ssM(sent(U,V,W))|ssIm(W)),(~ssIm(quadr(U,V,W,X))|ssIm(X)),(~ssIm(quadr(U,V,W,X))|ssIm(W)),(~ssIm(quadr(U,V,W,X))|ssIm(V)),(~ssIm(quadr(U,V,W,X))|ssIm(U)),(~ssIm(U)|~ssP(V)|ssIk(key(U,V))),(~ssIm(U)|~ssIm(V)|ssIm(pair(U,V))),(~ssIm(U)|~ssP(V)|~ssP(W)|ssM(sent(V,W,U))),(~ssIm(U)|~ssIm(V)|~ssIm(W)|ssIm(triple(U,V,W))),(~ssIm(U)|~ssIk(key(V,W))|~ssP(W)|ssIm(encr(U,V))),(~ssM(sent(U,b,pair(U,V)))|~ssBf(V)|ssSb(pair(U,V))),(~ssIm(U)|~ssIm(V)|~ssIm(W)|~ssIm(X)|ssIm(quadr(U,V,W,X))),(~ssM(sent(t,a,triple(encr(quadr(U,V,W,X),at),Y,Z)))|~ssSa(pair(U,V))|ssAk(key(W,U))),(~ssM(sent(U,b,pair(U,V)))|~ssBf(V)|ssM(sent(b,t,triple(b,nb(V),encr(triple(U,V,tb(V)),bt))))),(~ssM(sent(U,b,pair(encr(triple(U,V,tb(W)),bt),encr(nb(W),V))))|~ssSb(pair(U,W))|ssBk(key(V,U))),(~ssM(sent(t,a,triple(encr(quadr(U,V,W,X),at),Y,Z)))|~ssSa(pair(U,V))|ssM(sent(a,U,pair(Y,encr(Z,W))))),(~ssM(sent(U,t,triple(U,V,encr(triple(W,X,Y),Z))))|~ssTk(key(Z,U))|~ssTk(key(X1,W))|~ssNonce(X)|ssM(sent(t,W,triple(encr(quadr(U,X,kt(X),Y),X1),encr(triple(W,kt(X),Y),Z),V)))),(ssNonce(na)),(ssP(t)),(ssBf(na)),(ssP(b)),(ssP(a)),(ssNonce(nb(U))),(ssNonce(tb(U))),(~ssNonce(kt(U))),(ssTk(key(bt,b))),(ssTk(key(at,a))),(ssBk(key(bt,t))),(ssSa(pair(b,na))),(ssAk(key(at,t))),(~ssIm(pair(U,V))|ssIm(V)),(~ssIm(pair(U,V))|ssIm(U)),(ssM(sent(a,b,pair(a,na)))),(~ssIm(triple(U,V,W))|ssIm(W)),(~ssIm(triple(U,V,W))|ssIm(V)),(~ssIm(triple(U,V,W))|ssIm(U)),(~ssM(sent(U,V,W))|ssIm(W)),(~ssIm(quadr(U,V,W,X))|ssIm(X)),(~ssIm(quadr(U,V,W,X))|ssIm(W)),(~ssIm(quadr(U,V,W,X))|ssIm(V)),(~ssIm(quadr(U,V,W,X))|ssIm(U)),(~ssIm(U)|~ssP(V)|ssIk(key(U,V))),(~ssIm(U)|~ssIm(V)|ssIm(pair(U,V))),(~ssIm(U)|~ssP(V)|~ssP(W)|ssM(sent(V,W,U))),(~ssIm(U)|~ssIm(V)|~ssIm(W)|ssIm(triple(U,V,W))),(~ssIm(U)|~ssIk(key(V,W))|~ssP(W)|ssIm(encr(U,V))),(~ssM(sent(U,b,pair(U,V)))|~ssBf(V)|ssSb(pair(U,V))),(~ssIm(U)|~ssIm(V)|~ssIm(W)|~ssIm(X)|ssIm(quadr(U,V,W,X))),(~ssM(sent(t,a,triple(encr(quadr(U,V,W,X),at),Y,Z)))|~ssSa(pair(U,V))|ssAk(key(W,U))),(~ssM(sent(U,b,pair(U,V)))|~ssBf(V)|ssM(sent(b,t,triple(b,nb(V),encr(triple(U,V,tb(V)),bt))))),(~ssM(sent(U,b,pair(encr(triple(U,V,tb(W)),bt),encr(nb(W),V))))|~ssSb(pair(U,W))|ssBk(key(V,U))),(~ssM(sent(t,a,triple(encr(quadr(U,V,W,X),at),Y,Z)))|~ssSa(pair(U,V))|ssM(sent(a,U,pair(Y,encr(Z,W))))),(~ssM(sent(U,t,triple(U,V,encr(triple(W,X,Y),Z))))|~ssTk(key(Z,U))|~ssTk(key(X1,W))|~ssNonce(X)|ssM(sent(t,W,triple(encr(quadr(U,X,kt(X),Y),X1),encr(triple(W,kt(X),Y),Z),V))))				
../../TPTP-v7.3.0/Problems/SYN/SYN285-1.p		Unsatisfiable	UNKNOWN		UNKNOWN		cnf					
../../TPTP-v7.3.0/Problems/SYN/SYN506-1.p		Unsatisfiable	UNKNOWN		UNKNOWN		cnf					
../../TPTP-v7.3.0/Problems/SYN/SYN485-1.p		Unsatisfiable	UNKNOWN		UNKNOWN		cnf					
../../TPTP-v7.3.0/Problems/SYN/SYN400+1.p		Theorem	YES	DTS/Alligator/AlexHappy/output/SYN400+1_dts.html	UNKNOWN		fof		(![X]:p<=>p)			
../../TPTP-v7.3.0/Problems/SYN/SYN199-1.p		Unsatisfiable	UNKNOWN		UNKNOWN		cnf					
../../TPTP-v7.3.0/Problems/SYN/SYN871-1.p		Unsatisfiable	UNKNOWN		UNKNOWN		cnf					
../../TPTP-v7.3.0/Problems/SYN/SYN082-1.p		Unsatisfiable	UNKNOWN		UNKNOWN		cnf					
../../TPTP-v7.3.0/Problems/SYN/SYN228-1.p		Unsatisfiable	UNKNOWN		UNKNOWN		cnf					
../../TPTP-v7.3.0/Problems/SYN/SYN186-1.p		Unsatisfiable	UNKNOWN		UNKNOWN		cnf					
../../TPTP-v7.3.0/Problems/SYN/SYN505+1.p		Theorem	UNKNOWN		UNKNOWN		fof		(~((~hskp0|(ndr1_0&c0_1(a462)&c2_1(a462)&~c1_1(a462)))&(~hskp1|(ndr1_0&c2_1(a463)&~c1_1(a463)&~c3_1(a463)))&(~hskp2|(ndr1_0&c3_1(a464)&~c0_1(a464)&~c2_1(a464)))&(~hskp3|(ndr1_0&c3_1(a465)&~c0_1(a465)&~c1_1(a465)))&(~hskp4|(ndr1_0&~c0_1(a466)&~c1_1(a466)&~c3_1(a466)))&(~hskp5|(ndr1_0&c0_1(a467)&~c1_1(a467)&~c3_1(a467)))&(~hskp6|(ndr1_0&~c0_1(a470)&~c1_1(a470)&~c2_1(a470)))&(~hskp7|(ndr1_0&c0_1(a471)&c3_1(a471)&~c2_1(a471)))&(~hskp8|(ndr1_0&c1_1(a472)&c3_1(a472)&~c2_1(a472)))&(~hskp9|(ndr1_0&c2_1(a477)&c3_1(a477)&~c1_1(a477)))&(~hskp10|(ndr1_0&c2_1(a478)&~c0_1(a478)&~c3_1(a478)))&(~hskp11|(ndr1_0&c0_1(a479)&c3_1(a479)&~c1_1(a479)))&(~hskp12|(ndr1_0&c1_1(a481)&~c0_1(a481)&~c3_1(a481)))&(~hskp13|(ndr1_0&c3_1(a482)&~c1_1(a482)&~c2_1(a482)))&(~hskp14|(ndr1_0&c1_1(a483)&c2_1(a483)&~c0_1(a483)))&(~hskp15|(ndr1_0&c0_1(a484)&c2_1(a484)&~c3_1(a484)))&(~hskp16|(ndr1_0&c0_1(a487)&~c1_1(a487)&~c2_1(a487)))&(~hskp17|(ndr1_0&c2_1(a493)&c3_1(a493)&~c0_1(a493)))&(~hskp18|(ndr1_0&c0_1(a494)&~c2_1(a494)&~c3_1(a494)))&(~hskp19|(ndr1_0&c1_1(a500)&~c2_1(a500)&~c3_1(a500)))&(~hskp20|(ndr1_0&c1_1(a506)&c2_1(a506)&~c3_1(a506)))&(~hskp21|(ndr1_0&c2_1(a507)&~c0_1(a507)&~c1_1(a507)))&(~hskp22|(ndr1_0&c1_1(a519)&~c0_1(a519)&~c2_1(a519)))&(~hskp23|(ndr1_0&~c0_1(a521)&~c2_1(a521)&~c3_1(a521)))&(~hskp24|(ndr1_0&c0_1(a525)&c1_1(a525)&~c2_1(a525)))&(~hskp25|(ndr1_0&c1_1(a545)&c3_1(a545)&~c0_1(a545)))&(~hskp26|(ndr1_0&c0_1(a559)&c1_1(a559)&~c3_1(a559)))&(~hskp27|(ndr1_0&~c1_1(a576)&~c2_1(a576)&~c3_1(a576)))&(~hskp28|(ndr1_0&c0_1(a469)&c2_1(a469)&c3_1(a469)))&(~hskp29|(ndr1_0&c0_1(a474)&c1_1(a474)&c2_1(a474)))&(~hskp30|(ndr1_0&c1_1(a488)&c2_1(a488)&c3_1(a488)))&(~hskp31|(ndr1_0&c0_1(a529)&c1_1(a529)&c3_1(a529)))&(![U]:(ndr1_0=>(c0_1(U)|c1_1(U)|c2_1(U)))|![V]:(ndr1_0=>(c3_1(V)|~c0_1(V)|~c2_1(V)))|hskp0)&(![W]:(ndr1_0=>(c0_1(W)|c1_1(W)|c2_1(W)))|hskp1|hskp2)&(![X]:(ndr1_0=>(c0_1(X)|c1_1(X)|c2_1(X)))|hskp3|hskp4)&(![Y]:(ndr1_0=>(c0_1(Y)|c1_1(Y)|c3_1(Y)))|![Z]:(ndr1_0=>(c0_1(Z)|c2_1(Z)|~c1_1(Z)))|![X1]:(ndr1_0=>(c2_1(X1)|c3_1(X1)|~c1_1(X1))))&(![X2]:(ndr1_0=>(c0_1(X2)|c1_1(X2)|c3_1(X2)))|![X3]:(ndr1_0=>(c0_1(X3)|c2_1(X3)|~c1_1(X3)))|hskp5)&(![X4]:(ndr1_0=>(c0_1(X4)|c1_1(X4)|c3_1(X4)))|![X5]:(ndr1_0=>(c0_1(X5)|~c1_1(X5)|~c3_1(X5)))|![X6]:(ndr1_0=>(c1_1(X6)|~c0_1(X6)|~c3_1(X6))))&(![X7]:(ndr1_0=>(c0_1(X7)|c1_1(X7)|~c2_1(X7)))|![X8]:(ndr1_0=>(c1_1(X8)|~c2_1(X8)|~c3_1(X8)))|![X9]:(ndr1_0=>(c2_1(X9)|c3_1(X9)|~c0_1(X9))))&(![X10]:(ndr1_0=>(c0_1(X10)|c1_1(X10)|~c3_1(X10)))|![X11]:(ndr1_0=>(c0_1(X11)|c2_1(X11)|~c1_1(X11)))|![X12]:(ndr1_0=>(c2_1(X12)|c3_1(X12)|~c0_1(X12))))&(![X13]:(ndr1_0=>(c0_1(X13)|c1_1(X13)|~c3_1(X13)))|![X14]:(ndr1_0=>(c2_1(X14)|c3_1(X14)|~c1_1(X14)))|hskp5)&(![X15]:(ndr1_0=>(c0_1(X15)|c1_1(X15)|~c3_1(X15)))|![X16]:(ndr1_0=>(~c1_1(X16)|~c2_1(X16)|~c3_1(X16)))|hskp28)&(![X17]:(ndr1_0=>(c0_1(X17)|c2_1(X17)|c3_1(X17)))|![X18]:(ndr1_0=>(c0_1(X18)|c2_1(X18)|~c1_1(X18)))|![X19]:(ndr1_0=>(c0_1(X19)|c3_1(X19)|~c1_1(X19))))&(![X20]:(ndr1_0=>(c0_1(X20)|c2_1(X20)|c3_1(X20)))|![X21]:(ndr1_0=>(~c0_1(X21)|~c1_1(X21)|~c3_1(X21)))|hskp6)&(![X22]:(ndr1_0=>(c0_1(X22)|c2_1(X22)|c3_1(X22)))|hskp7|hskp8)&(![X23]:(ndr1_0=>(c0_1(X23)|c2_1(X23)|~c1_1(X23)))|![X24]:(ndr1_0=>(c2_1(X24)|c3_1(X24)|~c1_1(X24)))|hskp6)&(![X25]:(ndr1_0=>(c0_1(X25)|c2_1(X25)|~c1_1(X25)))|hskp29|hskp0)&(![X26]:(ndr1_0=>(c0_1(X26)|c2_1(X26)|~c3_1(X26)))|![X27]:(ndr1_0=>(c1_1(X27)|c2_1(X27)|~c0_1(X27)))|hskp29)&(![X28]:(ndr1_0=>(c0_1(X28)|c2_1(X28)|~c3_1(X28)))|![X29]:(ndr1_0=>(c1_1(X29)|c2_1(X29)|~c0_1(X29)))|hskp9)&(![X30]:(ndr1_0=>(c0_1(X30)|c2_1(X30)|~c3_1(X30)))|![X31]:(ndr1_0=>(c2_1(X31)|~c1_1(X31)|~c3_1(X31)))|hskp10)&(![X32]:(ndr1_0=>(c0_1(X32)|c2_1(X32)|~c3_1(X32)))|![X33]:(ndr1_0=>(~c1_1(X33)|~c2_1(X33)|~c3_1(X33)))|hskp11)&(![X34]:(ndr1_0=>(c0_1(X34)|c2_1(X34)|~c3_1(X34)))|hskp5|hskp12)&(![X35]:(ndr1_0=>(c0_1(X35)|c3_1(X35)|~c1_1(X35)))|![X36]:(ndr1_0=>(c1_1(X36)|c3_1(X36)|~c2_1(X36)))|![X37]:(ndr1_0=>(c2_1(X37)|~c0_1(X37)|~c1_1(X37))))&(![X38]:(ndr1_0=>(c0_1(X38)|c3_1(X38)|~c1_1(X38)))|![X39]:(ndr1_0=>(c1_1(X39)|~c0_1(X39)|~c2_1(X39)))|hskp13)&(![X40]:(ndr1_0=>(c0_1(X40)|c3_1(X40)|~c2_1(X40)))|![X41]:(ndr1_0=>(c0_1(X41)|~c1_1(X41)|~c3_1(X41)))|hskp14)&(![X42]:(ndr1_0=>(c0_1(X42)|c3_1(X42)|~c2_1(X42)))|hskp15|hskp1)&(![X43]:(ndr1_0=>(c0_1(X43)|c3_1(X43)|~c2_1(X43)))|hskp7|hskp16)&(![X44]:(ndr1_0=>(c0_1(X44)|~c1_1(X44)|~c2_1(X44)))|![X45]:(ndr1_0=>(c1_1(X45)|c2_1(X45)|~c0_1(X45))))&(![X46]:(ndr1_0=>(c0_1(X46)|~c1_1(X46)|~c2_1(X46)))|hskp30|hskp1)&(![X47]:(ndr1_0=>(c0_1(X47)|~c1_1(X47)|~c3_1(X47)))|![X48]:(ndr1_0=>(c1_1(X48)|c2_1(X48)|~c0_1(X48)))|hskp5)&(![X49]:(ndr1_0=>(c0_1(X49)|~c1_1(X49)|~c3_1(X49)))|![X50]:(ndr1_0=>(~c1_1(X50)|~c2_1(X50)|~c3_1(X50)))|hskp16)&(![X51]:(ndr1_0=>(c0_1(X51)|~c2_1(X51)|~c3_1(X51)))|![X52]:(ndr1_0=>(c1_1(X52)|c2_1(X52)|c3_1(X52)))|![X53]:(ndr1_0=>(c3_1(X53)|~c0_1(X53)|~c1_1(X53))))&(![X54]:(ndr1_0=>(c0_1(X54)|~c2_1(X54)|~c3_1(X54)))|![X55]:(ndr1_0=>(~c0_1(X55)|~c1_1(X55)|~c2_1(X55)))|![X56]:(ndr1_0=>(~c0_1(X56)|~c1_1(X56)|~c3_1(X56))))&(![X57]:(ndr1_0=>(c0_1(X57)|~c2_1(X57)|~c3_1(X57)))|hskp7|hskp17)&(![X58]:(ndr1_0=>(c0_1(X58)|~c2_1(X58)|~c3_1(X58)))|hskp18|hskp6)&(![X59]:(ndr1_0=>(c1_1(X59)|c2_1(X59)|c3_1(X59)))|![X60]:(ndr1_0=>(c1_1(X60)|c3_1(X60)|~c0_1(X60)))|hskp16)&(![X61]:(ndr1_0=>(c1_1(X61)|c2_1(X61)|c3_1(X61)))|![X62]:(ndr1_0=>(c1_1(X62)|~c2_1(X62)|~c3_1(X62)))|hskp2)&(![X63]:(ndr1_0=>(c1_1(X63)|c2_1(X63)|c3_1(X63)))|![X64]:(ndr1_0=>(c2_1(X64)|c3_1(X64)|~c1_1(X64)))|hskp14)&(![X65]:(ndr1_0=>(c1_1(X65)|c2_1(X65)|~c0_1(X65)))|hskp18|hskp19)&(![X66]:(ndr1_0=>(c1_1(X66)|c2_1(X66)|~c0_1(X66)))|hskp17|hskp9)&(![X67]:(ndr1_0=>(c1_1(X67)|c2_1(X67)|~c3_1(X67)))|![X68]:(ndr1_0=>(c1_1(X68)|~c0_1(X68)|~c3_1(X68)))|![X69]:(ndr1_0=>(c2_1(X69)|c3_1(X69)|~c1_1(X69))))&(![X70]:(ndr1_0=>(c1_1(X70)|c3_1(X70)|~c0_1(X70)))|![X71]:(ndr1_0=>(~c0_1(X71)|~c1_1(X71)|~c3_1(X71)))|hskp2)&(![X72]:(ndr1_0=>(c1_1(X72)|c3_1(X72)|~c0_1(X72)))|hskp18|hskp1)&(![X73]:(ndr1_0=>(c1_1(X73)|c3_1(X73)|~c0_1(X73)))|hskp20|hskp21)&(![X74]:(ndr1_0=>(c1_1(X74)|c3_1(X74)|~c2_1(X74)))|hskp30|hskp21)&(![X75]:(ndr1_0=>(c1_1(X75)|~c0_1(X75)|~c2_1(X75)))|![X76]:(ndr1_0=>(c2_1(X76)|~c0_1(X76)|~c3_1(X76)))|hskp12)&(![X77]:(ndr1_0=>(c1_1(X77)|~c0_1(X77)|~c3_1(X77)))|![X78]:(ndr1_0=>(~c0_1(X78)|~c1_1(X78)|~c2_1(X78)))|hskp18)&(![X79]:(ndr1_0=>(c1_1(X79)|~c0_1(X79)|~c3_1(X79)))|hskp17|hskp21)&(![X80]:(ndr1_0=>(c2_1(X80)|c3_1(X80)|~c0_1(X80)))|![X81]:(ndr1_0=>(c2_1(X81)|c3_1(X81)|~c1_1(X81)))|hskp0)&(![X82]:(ndr1_0=>(c2_1(X82)|c3_1(X82)|~c0_1(X82)))|![X83]:(ndr1_0=>(~c0_1(X83)|~c1_1(X83)|~c2_1(X83))))&(![X84]:(ndr1_0=>(c2_1(X84)|c3_1(X84)|~c0_1(X84)))|![X85]:(ndr1_0=>(~c0_1(X85)|~c2_1(X85)|~c3_1(X85)))|hskp6)&(![X86]:(ndr1_0=>(c2_1(X86)|c3_1(X86)|~c1_1(X86)))|hskp11|hskp9)&(![X87]:(ndr1_0=>(c2_1(X87)|c3_1(X87)|~c1_1(X87)))|hskp20|hskp22)&(![X88]:(ndr1_0=>(c2_1(X88)|c3_1(X88)|~c1_1(X88)))|hskp9|hskp23)&(![X89]:(ndr1_0=>(c2_1(X89)|~c0_1(X89)|~c1_1(X89)))|![X90]:(ndr1_0=>(c3_1(X90)|~c1_1(X90)|~c2_1(X90)))|hskp29)&(![X91]:(ndr1_0=>(c2_1(X91)|~c0_1(X91)|~c3_1(X91)))|hskp5|hskp17)&(![X92]:(ndr1_0=>(c3_1(X92)|~c0_1(X92)|~c1_1(X92)))|![X93]:(ndr1_0=>(~c0_1(X93)|~c2_1(X93)|~c3_1(X93)))|![X94]:(ndr1_0=>(~c1_1(X94)|~c2_1(X94)|~c3_1(X94))))&(![X95]:(ndr1_0=>(c3_1(X95)|~c0_1(X95)|~c1_1(X95)))|hskp24|hskp8)&(![X96]:(ndr1_0=>(c3_1(X96)|~c0_1(X96)|~c1_1(X96)))|hskp30|hskp12)&(![X97]:(ndr1_0=>(c3_1(X97)|~c0_1(X97)|~c2_1(X97)))|![X98]:(ndr1_0=>(~c0_1(X98)|~c1_1(X98)|~c3_1(X98)))|hskp31)&(![X99]:(ndr1_0=>(c3_1(X99)|~c0_1(X99)|~c2_1(X99)))|![X100]:(ndr1_0=>(~c1_1(X100)|~c2_1(X100)|~c3_1(X100)))|hskp7)&(![X101]:(ndr1_0=>(c3_1(X101)|~c1_1(X101)|~c2_1(X101)))|hskp18|hskp17)&(![X102]:(ndr1_0=>(~c0_1(X102)|~c1_1(X102)|~c2_1(X102)))|![X103]:(ndr1_0=>(~c0_1(X103)|~c1_1(X103)|~c3_1(X103)))|hskp31)&(![X104]:(ndr1_0=>(~c0_1(X104)|~c1_1(X104)|~c2_1(X104)))|hskp18|hskp4)&(![X105]:(ndr1_0=>(~c0_1(X105)|~c1_1(X105)|~c2_1(X105)))|hskp14|hskp10)&(![X106]:(ndr1_0=>(~c0_1(X106)|~c1_1(X106)|~c2_1(X106)))|hskp8|hskp13)&(![X107]:(ndr1_0=>(~c0_1(X107)|~c1_1(X107)|~c2_1(X107)))|hskp6|hskp4)&(![X108]:(ndr1_0=>(~c0_1(X108)|~c2_1(X108)|~c3_1(X108)))|hskp24|hskp10)&(![X109]:(ndr1_0=>(~c0_1(X109)|~c2_1(X109)|~c3_1(X109)))|hskp14|hskp25)&(![X110]:(ndr1_0=>(~c0_1(X110)|~c2_1(X110)|~c3_1(X110)))|hskp25|hskp3)&(![X111]:(ndr1_0=>(~c1_1(X111)|~c2_1(X111)|~c3_1(X111)))|hskp8|hskp17)&(hskp29|hskp15|hskp9)&(hskp29|hskp12|hskp3)&(hskp31|hskp19|hskp10)&(hskp26|hskp16|hskp13)&(hskp26|hskp2|hskp23)&(hskp0|hskp30|hskp10)&(hskp0|hskp14|hskp25)&(hskp11|hskp12|hskp9)&(hskp7|hskp8|hskp27)&(hskp5|hskp3|hskp23)&(hskp22|hskp1|hskp13)))			
../../TPTP-v7.3.0/Problems/SYN/SYN335+1.p		CounterSatisfiable	UNKNOWN		UNKNOWN		fof		(?[X,Y]:![Z]:(big_f(X,Z)=>(((big_f(Z,Z)=>big_g(Z,Z))<=>big_f(X,Y))=>(((big_g(Z,Z)=>big_f(Z,Z))<=>big_g(X,Y))=>(((big_g(X,Y)=>big_f(Y,X))<=>big_g(Y,Z))=>(big_f(Z,Y)<=>big_f(Y,X)))))))			
../../TPTP-v7.3.0/Problems/SYN/SYN499-1.p		Unsatisfiable	UNKNOWN		UNKNOWN		cnf					
../../TPTP-v7.3.0/Problems/SYN/SYN687-1.p		Unsatisfiable	UNKNOWN		UNKNOWN		cnf					
../../TPTP-v7.3.0/Problems/SYN/SYN633-1.p		Unsatisfiable	UNKNOWN		UNKNOWN		cnf					
../../TPTP-v7.3.0/Problems/SYN/SYN549+1.p			UNKNOWN		UNKNOWN					Parser Error"TokenHead"		
../../TPTP-v7.3.0/Problems/SYN/SYN303-1.p		Satisfiable	UNKNOWN		UNKNOWN		cnf					
../../TPTP-v7.3.0/Problems/SYN/SYN980+1.p		Theorem	UNKNOWN		UNKNOWN		fof		(![B]:(![Y]:((r(B)=>r(Y))=>p(f(Y),Y))=>?[X,Y]:(p(X,Y)&(q(f(B),B)=>q(X,Y)))))			
../../TPTP-v7.3.0/Problems/SYN/SYN319-1.p		Unsatisfiable	UNKNOWN		UNKNOWN		cnf					
../../TPTP-v7.3.0/Problems/SYN/SYN453+1.p		CounterSatisfiable	UNKNOWN		UNKNOWN		fof		(~((~hskp0|(ndr1_0&~c1_1(a1994)&c0_1(a1994)&~c3_1(a1994)))&(~hskp1|(ndr1_0&c0_1(a1998)&c3_1(a1998)&~c1_1(a1998)))&(~hskp2|(ndr1_0&~c2_1(a1999)&c1_1(a1999)&~c3_1(a1999)))&(~hskp3|(ndr1_0&~c3_1(a2000)&c1_1(a2000)&~c0_1(a2000)))&(~hskp4|(ndr1_0&~c3_1(a2001)&~c2_1(a2001)&~c1_1(a2001)))&(~hskp5|(ndr1_0&~c1_1(a2006)&c2_1(a2006)&~c0_1(a2006)))&(~hskp6|(ndr1_0&c3_1(a2009)&~c0_1(a2009)&~c1_1(a2009)))&(~hskp7|(ndr1_0&~c3_1(a2011)&c0_1(a2011)&~c2_1(a2011)))&(~hskp8|(ndr1_0&~c3_1(a2013)&~c0_1(a2013)&~c1_1(a2013)))&(~hskp9|(ndr1_0&~c3_1(a2014)&~c2_1(a2014)&~c0_1(a2014)))&(~hskp10|(ndr1_0&c3_1(a2015)&c1_1(a2015)&~c0_1(a2015)))&(~hskp11|(ndr1_0&c0_1(a2016)&c2_1(a2016)&~c1_1(a2016)))&(~hskp12|(ndr1_0&~c1_1(a2019)&~c2_1(a2019)&~c0_1(a2019)))&(~hskp13|(ndr1_0&c1_1(a2020)&~c3_1(a2020)&~c2_1(a2020)))&(~hskp14|(ndr1_0&c2_1(a2023)&c0_1(a2023)&~c3_1(a2023)))&(~hskp15|(ndr1_0&~c2_1(a2031)&~c3_1(a2031)&~c0_1(a2031)))&(~hskp16|(ndr1_0&~c1_1(a2032)&c0_1(a2032)&~c2_1(a2032)))&(~hskp17|(ndr1_0&~c2_1(a2034)&~c1_1(a2034)&~c0_1(a2034)))&(~hskp18|(ndr1_0&c3_1(a2036)&c0_1(a2036)&~c1_1(a2036)))&(~hskp19|(ndr1_0&c1_1(a2038)&c0_1(a2038)&~c3_1(a2038)))&(~hskp20|(ndr1_0&c1_1(a2041)&c3_1(a2041)&~c0_1(a2041)))&(~hskp21|(ndr1_0&c3_1(a2044)&~c1_1(a2044)&~c0_1(a2044)))&(~hskp22|(ndr1_0&c2_1(a2045)&~c0_1(a2045)&~c3_1(a2045)))&(~hskp23|(ndr1_0&~c2_1(a2050)&~c0_1(a2050)&~c3_1(a2050)))&(~hskp24|(ndr1_0&c2_1(a2057)&~c3_1(a2057)&~c0_1(a2057)))&(~hskp25|(ndr1_0&~c3_1(a2062)&~c1_1(a2062)&~c2_1(a2062)))&(~hskp26|(ndr1_0&c3_1(a2065)&c2_1(a2065)&~c0_1(a2065)))&(~hskp27|(ndr1_0&c0_1(a2068)&c1_1(a2068)&~c2_1(a2068)))&(~hskp28|(ndr1_0&c1_1(a2069)&c2_1(a2069)&~c0_1(a2069)))&(~hskp29|(ndr1_0&c3_1(a2079)&c2_1(a2079)&~c1_1(a2079)))&(~hskp30|(ndr1_0&~c1_1(a2080)&~c0_1(a2080)&~c2_1(a2080)))&(~hskp31|(ndr1_0&~c1_1(a2081)&~c3_1(a2081)&~c2_1(a2081)))&(~hskp32|(ndr1_0&~c2_1(a2083)&~c3_1(a2083)&~c1_1(a2083)))&(~hskp33|(ndr1_0&c2_1(a1993)&c1_1(a1993)&c0_1(a1993)))&(~hskp34|(ndr1_0&c0_1(a1995)&~c3_1(a1995)&c1_1(a1995)))&(~hskp35|(ndr1_0&c2_1(a1996)&c3_1(a1996)&c0_1(a1996)))&(~hskp36|(ndr1_0&~c2_1(a1997)&~c3_1(a1997)&c1_1(a1997)))&(~hskp37|(ndr1_0&c3_1(a2002)&~c0_1(a2002)&c1_1(a2002)))&(~hskp38|(ndr1_0&~c1_1(a2003)&~c2_1(a2003)&c3_1(a2003)))&(~hskp39|(ndr1_0&c0_1(a2004)&c2_1(a2004)&c1_1(a2004)))&(~hskp40|(ndr1_0&~c1_1(a2005)&~c3_1(a2005)&c0_1(a2005)))&(~hskp41|(ndr1_0&c3_1(a2007)&c1_1(a2007)&c0_1(a2007)))&(~hskp42|(ndr1_0&c3_1(a2010)&~c0_1(a2010)&c2_1(a2010)))&(~hskp43|(ndr1_0&~c1_1(a2017)&~c0_1(a2017)&c2_1(a2017)))&(~hskp44|(ndr1_0&c2_1(a2018)&~c1_1(a2018)&c0_1(a2018)))&(~hskp45|(ndr1_0&c2_1(a2022)&~c0_1(a2022)&c3_1(a2022)))&(~hskp46|(ndr1_0&c3_1(a2025)&~c2_1(a2025)&c0_1(a2025)))&(~hskp47|(ndr1_0&c2_1(a2026)&~c3_1(a2026)&c0_1(a2026)))&(~hskp48|(ndr1_0&c1_1(a2027)&c3_1(a2027)&c0_1(a2027)))&(~hskp49|(ndr1_0&c0_1(a2028)&~c1_1(a2028)&c3_1(a2028)))&(~hskp50|(ndr1_0&c1_1(a2029)&~c3_1(a2029)&c2_1(a2029)))&(~hskp51|(ndr1_0&~c0_1(a2030)&c2_1(a2030)&c1_1(a2030)))&(~hskp52|(ndr1_0&~c3_1(a2033)&~c1_1(a2033)&c2_1(a2033)))&(~hskp53|(ndr1_0&c2_1(a2035)&~c0_1(a2035)&c1_1(a2035)))&(~hskp54|(ndr1_0&~c0_1(a2037)&c2_1(a2037)&c3_1(a2037)))&(~hskp55|(ndr1_0&c0_1(a2046)&c1_1(a2046)&c2_1(a2046)))&(~hskp56|(ndr1_0&~c2_1(a2047)&c3_1(a2047)&c0_1(a2047)))&(~hskp57|(ndr1_0&~c3_1(a2048)&~c1_1(a2048)&c0_1(a2048)))&(~hskp58|(ndr1_0&~c2_1(a2051)&~c1_1(a2051)&c3_1(a2051)))&(~hskp59|(ndr1_0&~c1_1(a2052)&c0_1(a2052)&c2_1(a2052)))&(~hskp60|(ndr1_0&~c2_1(a2053)&c0_1(a2053)&c1_1(a2053)))&(~hskp61|(ndr1_0&c1_1(a2054)&c2_1(a2054)&c3_1(a2054)))&(~hskp62|(ndr1_0&~c2_1(a2058)&c1_1(a2058)&c3_1(a2058)))&(~hskp63|(ndr1_0&~c3_1(a2059)&c2_1(a2059)&c1_1(a2059)))&(~hskp64|(ndr1_0&c3_1(a2061)&~c2_1(a2061)&c1_1(a2061)))&(~hskp65|(ndr1_0&~c3_1(a2063)&c0_1(a2063)&c1_1(a2063)))&(~hskp66|(ndr1_0&c0_1(a2067)&c3_1(a2067)&c2_1(a2067)))&(~hskp67|(ndr1_0&~c1_1(a2070)&~c0_1(a2070)&c3_1(a2070)))&(~hskp68|(ndr1_0&c1_1(a2073)&~c2_1(a2073)&c0_1(a2073)))&(~hskp69|(ndr1_0&~c2_1(a2074)&~c3_1(a2074)&c0_1(a2074)))&(~hskp70|(ndr1_0&c2_1(a2078)&c0_1(a2078)&c3_1(a2078)))&(![U]:(ndr1_0=>(~c2_1(U)|c1_1(U)|c0_1(U)))|![V]:(ndr1_0=>(c1_1(V)|~c2_1(V)|~c3_1(V)))|hskp33)&(![W]:(ndr1_0=>(~c2_1(W)|~c1_1(W)|~c3_1(W)))|![X]:(ndr1_0=>(~c0_1(X)|~c2_1(X)|~c1_1(X)))|hskp0)&(hskp34|hskp35|![Y]:(ndr1_0=>(c3_1(Y)|~c1_1(Y)|c2_1(Y))))&(hskp36|![Z]:(ndr1_0=>(~c0_1(Z)|c3_1(Z)|~c2_1(Z)))|hskp1)&(hskp2|![X1]:(ndr1_0=>(~c3_1(X1)|c1_1(X1)|~c2_1(X1)))|![X2]:(ndr1_0=>(~c1_1(X2)|c3_1(X2)|c0_1(X2))))&(hskp3|![X3]:(ndr1_0=>(c0_1(X3)|~c1_1(X3)|~c3_1(X3)))|![X4]:(ndr1_0=>(c0_1(X4)|c3_1(X4)|c1_1(X4))))&(hskp4|![X5]:(ndr1_0=>(c0_1(X5)|c1_1(X5)|~c2_1(X5)))|hskp37)&(hskp38|![X6]:(ndr1_0=>(c1_1(X6)|~c0_1(X6)|~c3_1(X6)))|![X7]:(ndr1_0=>(c2_1(X7)|~c1_1(X7)|c0_1(X7))))&(hskp39|![X8]:(ndr1_0=>(c2_1(X8)|c0_1(X8)|~c1_1(X8)))|![X9]:(ndr1_0=>(~c0_1(X9)|c1_1(X9)|~c2_1(X9))))&(![X10]:(ndr1_0=>(c3_1(X10)|c0_1(X10)|~c2_1(X10)))|hskp40|hskp5)&(hskp41|hskp37|![X11]:(ndr1_0=>(c1_1(X11)|c3_1(X11)|c2_1(X11))))&(hskp6|![X12]:(ndr1_0=>(~c3_1(X12)|~c0_1(X12)|c1_1(X12)))|![X13]:(ndr1_0=>(c1_1(X13)|c3_1(X13)|~c0_1(X13))))&(![X14]:(ndr1_0=>(~c0_1(X14)|~c3_1(X14)|~c2_1(X14)))|![X15]:(ndr1_0=>(c1_1(X15)|~c2_1(X15)|~c0_1(X15)))|hskp42)&(![X16]:(ndr1_0=>(c1_1(X16)|c0_1(X16)|c2_1(X16)))|hskp7|![X17]:(ndr1_0=>(c1_1(X17)|~c2_1(X17)|c0_1(X17))))&(![X18]:(ndr1_0=>(~c0_1(X18)|~c3_1(X18)|~c1_1(X18)))|hskp2|hskp8)&(![X19]:(ndr1_0=>(c3_1(X19)|~c2_1(X19)|c0_1(X19)))|![X20]:(ndr1_0=>(~c0_1(X20)|c2_1(X20)|~c1_1(X20)))|hskp9)&(![X21]:(ndr1_0=>(~c0_1(X21)|c3_1(X21)|~c1_1(X21)))|hskp10|![X22]:(ndr1_0=>(c2_1(X22)|~c0_1(X22)|~c3_1(X22))))&(![X23]:(ndr1_0=>(~c1_1(X23)|~c2_1(X23)|c0_1(X23)))|![X24]:(ndr1_0=>(~c0_1(X24)|~c3_1(X24)|~c2_1(X24)))|![X25]:(ndr1_0=>(c2_1(X25)|c0_1(X25)|~c1_1(X25))))&(![X26]:(ndr1_0=>(c2_1(X26)|~c3_1(X26)|c0_1(X26)))|hskp11|![X27]:(ndr1_0=>(c2_1(X27)|c3_1(X27)|~c0_1(X27))))&(![X28]:(ndr1_0=>(~c1_1(X28)|c0_1(X28)|c2_1(X28)))|hskp43|![X29]:(ndr1_0=>(~c1_1(X29)|c3_1(X29)|c0_1(X29))))&(hskp44|![X30]:(ndr1_0=>(~c3_1(X30)|c2_1(X30)|~c0_1(X30)))|hskp12)&(hskp13|hskp38|hskp45)&(![X31]:(ndr1_0=>(c0_1(X31)|c2_1(X31)|c1_1(X31)))|![X32]:(ndr1_0=>(c2_1(X32)|c3_1(X32)|~c0_1(X32)))|hskp14)&(hskp5|hskp46|![X33]:(ndr1_0=>(c2_1(X33)|~c1_1(X33)|~c3_1(X33))))&(![X34]:(ndr1_0=>(c0_1(X34)|c3_1(X34)|~c2_1(X34)))|hskp47|![X35]:(ndr1_0=>(c3_1(X35)|c1_1(X35)|~c0_1(X35))))&(hskp48|hskp49|hskp50)&(hskp51|![X36]:(ndr1_0=>(~c0_1(X36)|c1_1(X36)|c3_1(X36)))|hskp15)&(hskp16|![X37]:(ndr1_0=>(~c0_1(X37)|c2_1(X37)|c1_1(X37)))|hskp52)&(hskp17|hskp53|hskp18)&(hskp54|![X38]:(ndr1_0=>(~c3_1(X38)|~c0_1(X38)|c2_1(X38)))|![X39]:(ndr1_0=>(~c2_1(X39)|c3_1(X39)|c1_1(X39))))&(hskp19|hskp47|hskp41)&(hskp20|![X40]:(ndr1_0=>(c0_1(X40)|c3_1(X40)|c1_1(X40)))|![X41]:(ndr1_0=>(~c1_1(X41)|c2_1(X41)|c3_1(X41))))&(hskp43|![X42]:(ndr1_0=>(~c2_1(X42)|c0_1(X42)|~c1_1(X42)))|hskp48)&(hskp21|![X43]:(ndr1_0=>(~c2_1(X43)|~c1_1(X43)|c0_1(X43)))|hskp22)&(hskp55|hskp56|hskp57)&(hskp56|![X44]:(ndr1_0=>(c0_1(X44)|~c1_1(X44)|~c3_1(X44)))|![X45]:(ndr1_0=>(~c3_1(X45)|~c0_1(X45)|~c2_1(X45))))&(hskp23|hskp58|hskp59)&(hskp60|hskp61|![X46]:(ndr1_0=>(c3_1(X46)|~c2_1(X46)|c0_1(X46))))&(hskp33|hskp59|![X47]:(ndr1_0=>(~c2_1(X47)|~c1_1(X47)|c0_1(X47))))&(hskp24|![X48]:(ndr1_0=>(~c0_1(X48)|~c1_1(X48)|~c2_1(X48)))|![X49]:(ndr1_0=>(~c1_1(X49)|~c0_1(X49)|c2_1(X49))))&(hskp62|![X50]:(ndr1_0=>(~c3_1(X50)|c1_1(X50)|c0_1(X50)))|hskp63)&(![X51]:(ndr1_0=>(c3_1(X51)|c2_1(X51)|c0_1(X51)))|hskp2|hskp64)&(hskp25|hskp65|![X52]:(ndr1_0=>(~c3_1(X52)|c2_1(X52)|c0_1(X52))))&(![X53]:(ndr1_0=>(c2_1(X53)|~c3_1(X53)|~c1_1(X53)))|![X54]:(ndr1_0=>(~c0_1(X54)|~c1_1(X54)|~c3_1(X54)))|![X55]:(ndr1_0=>(~c3_1(X55)|~c1_1(X55)|c2_1(X55))))&(hskp49|hskp26|hskp6)&(![X56]:(ndr1_0=>(c2_1(X56)|c0_1(X56)|c1_1(X56)))|hskp66|![X57]:(ndr1_0=>(~c0_1(X57)|~c1_1(X57)|c3_1(X57))))&(![X58]:(ndr1_0=>(~c0_1(X58)|~c3_1(X58)|c1_1(X58)))|![X59]:(ndr1_0=>(~c0_1(X59)|~c3_1(X59)|~c1_1(X59)))|![X60]:(ndr1_0=>(~c2_1(X60)|c1_1(X60)|~c0_1(X60))))&(![X61]:(ndr1_0=>(~c2_1(X61)|~c1_1(X61)|~c0_1(X61)))|![X62]:(ndr1_0=>(~c1_1(X62)|c0_1(X62)|c3_1(X62)))|![X63]:(ndr1_0=>(c2_1(X63)|~c3_1(X63)|~c0_1(X63))))&(hskp27|![X64]:(ndr1_0=>(~c1_1(X64)|c3_1(X64)|c2_1(X64)))|![X65]:(ndr1_0=>(~c3_1(X65)|~c2_1(X65)|c0_1(X65))))&(hskp28|![X66]:(ndr1_0=>(c3_1(X66)|~c0_1(X66)|c1_1(X66)))|![X67]:(ndr1_0=>(c2_1(X67)|~c0_1(X67)|~c1_1(X67))))&(hskp67|hskp10|![X68]:(ndr1_0=>(~c1_1(X68)|c2_1(X68)|~c0_1(X68))))&(hskp21|hskp68|hskp69)&(![X69]:(ndr1_0=>(~c3_1(X69)|c1_1(X69)|c2_1(X69)))|![X70]:(ndr1_0=>(~c1_1(X70)|~c3_1(X70)|~c0_1(X70)))|hskp42)&(hskp48|hskp54|![X71]:(ndr1_0=>(c2_1(X71)|~c3_1(X71)|~c0_1(X71))))&(hskp70|![X72]:(ndr1_0=>(c1_1(X72)|~c2_1(X72)|c0_1(X72)))|hskp29)&(![X73]:(ndr1_0=>(~c1_1(X73)|c3_1(X73)|~c2_1(X73)))|![X74]:(ndr1_0=>(~c2_1(X74)|~c0_1(X74)|c1_1(X74)))|![X75]:(ndr1_0=>(c1_1(X75)|c3_1(X75)|c2_1(X75))))&(![X76]:(ndr1_0=>(~c3_1(X76)|~c0_1(X76)|~c1_1(X76)))|hskp30|![X77]:(ndr1_0=>(~c1_1(X77)|c3_1(X77)|~c0_1(X77))))&(hskp31|![X78]:(ndr1_0=>(c1_1(X78)|c0_1(X78)|c3_1(X78)))|hskp47)&(hskp32|![X79]:(ndr1_0=>(c3_1(X79)|~c2_1(X79)|~c0_1(X79)))|hskp10)&(![X80]:(ndr1_0=>(~c2_1(X80)|c0_1(X80)|~c1_1(X80)))|![X81]:(ndr1_0=>(c1_1(X81)|~c0_1(X81)|c3_1(X81)))|hskp20)))			
../../TPTP-v7.3.0/Problems/SYN/SYN809-1.p		Satisfiable	UNKNOWN		UNKNOWN		cnf					
../../TPTP-v7.3.0/Problems/SYN/SYN454-1.p		Unsatisfiable	UNKNOWN		UNKNOWN		cnf					
../../TPTP-v7.3.0/Problems/SYN/SYN387+1.p		Theorem	YES	DTS/Alligator/AlexHappy/output/SYN387+1_dts.html	UNKNOWN		fof		(p|~p)			
../../TPTP-v7.3.0/Problems/SYN/SYN344+1.p		CounterSatisfiable	UNKNOWN		UNKNOWN		fof		(![X]:?[Y1,Y2]:![Z]:(((big_f(X,Z)=>(big_f(Y1,Z)=>big_f(Y2,X)))=>big_f(X,X))=>(big_f(X,X)&(big_f(Y1,Y2)=>big_f(Z,Z)))))			
../../TPTP-v7.3.0/Problems/SYN/SYN489+1.p		Theorem	UNKNOWN		UNKNOWN		fof		(~((~hskp0|(ndr1_0&~c0_1(a2516)&~c1_1(a2516)&~c2_1(a2516)))&(~hskp1|(ndr1_0&c2_1(a2517)&~c0_1(a2517)&~c3_1(a2517)))&(~hskp2|(ndr1_0&c1_1(a2518)&~c0_1(a2518)&~c3_1(a2518)))&(~hskp3|(ndr1_0&~c0_1(a2519)&~c2_1(a2519)&~c3_1(a2519)))&(~hskp4|(ndr1_0&c2_1(a2521)&c3_1(a2521)&~c1_1(a2521)))&(~hskp5|(ndr1_0&c2_1(a2522)&c3_1(a2522)&~c0_1(a2522)))&(~hskp6|(ndr1_0&c0_1(a2523)&c1_1(a2523)&~c3_1(a2523)))&(~hskp7|(ndr1_0&c1_1(a2524)&c3_1(a2524)&~c2_1(a2524)))&(~hskp8|(ndr1_0&c0_1(a2525)&c2_1(a2525)&~c3_1(a2525)))&(~hskp9|(ndr1_0&c1_1(a2526)&c3_1(a2526)&~c0_1(a2526)))&(~hskp10|(ndr1_0&c3_1(a2528)&~c0_1(a2528)&~c1_1(a2528)))&(~hskp11|(ndr1_0&c1_1(a2531)&c2_1(a2531)&~c3_1(a2531)))&(~hskp12|(ndr1_0&~c1_1(a2533)&~c2_1(a2533)&~c3_1(a2533)))&(~hskp13|(ndr1_0&c1_1(a2534)&~c0_1(a2534)&~c2_1(a2534)))&(~hskp14|(ndr1_0&~c0_1(a2536)&~c1_1(a2536)&~c3_1(a2536)))&(~hskp15|(ndr1_0&c3_1(a2539)&~c0_1(a2539)&~c2_1(a2539)))&(~hskp16|(ndr1_0&c0_1(a2540)&~c2_1(a2540)&~c3_1(a2540)))&(~hskp17|(ndr1_0&c3_1(a2541)&~c1_1(a2541)&~c2_1(a2541)))&(~hskp18|(ndr1_0&c1_1(a2545)&c2_1(a2545)&~c0_1(a2545)))&(~hskp19|(ndr1_0&c0_1(a2548)&c3_1(a2548)&~c1_1(a2548)))&(~hskp20|(ndr1_0&c2_1(a2549)&~c0_1(a2549)&~c1_1(a2549)))&(~hskp21|(ndr1_0&c0_1(a2551)&c1_1(a2551)&~c2_1(a2551)))&(~hskp22|(ndr1_0&c2_1(a2552)&~c1_1(a2552)&~c3_1(a2552)))&(~hskp23|(ndr1_0&c0_1(a2553)&~c1_1(a2553)&~c3_1(a2553)))&(~hskp24|(ndr1_0&c0_1(a2555)&c2_1(a2555)&~c1_1(a2555)))&(~hskp25|(ndr1_0&c0_1(a2564)&~c1_1(a2564)&~c2_1(a2564)))&(~hskp26|(ndr1_0&c0_1(a2601)&c3_1(a2601)&~c2_1(a2601)))&(~hskp27|(ndr1_0&c1_1(a2614)&~c2_1(a2614)&~c3_1(a2614)))&(~hskp28|(ndr1_0&c0_1(a2529)&c2_1(a2529)&c3_1(a2529)))&(~hskp29|(ndr1_0&c1_1(a2556)&c2_1(a2556)&c3_1(a2556)))&(~hskp30|(ndr1_0&c0_1(a2558)&c1_1(a2558)&c2_1(a2558)))&(~hskp31|(ndr1_0&c0_1(a2597)&c1_1(a2597)&c3_1(a2597)))&(![U]:(ndr1_0=>(c0_1(U)|c1_1(U)|c2_1(U)))|![V]:(ndr1_0=>(c1_1(V)|~c2_1(V)|~c3_1(V)))|hskp0)&(![W]:(ndr1_0=>(c0_1(W)|c1_1(W)|c3_1(W)))|![X]:(ndr1_0=>(c0_1(X)|c1_1(X)|~c2_1(X)))|hskp1)&(![Y]:(ndr1_0=>(c0_1(Y)|c1_1(Y)|c3_1(Y)))|![Z]:(ndr1_0=>(c0_1(Z)|c3_1(Z)|~c1_1(Z)))|![X1]:(ndr1_0=>(~c0_1(X1)|~c1_1(X1)|~c2_1(X1))))&(![X2]:(ndr1_0=>(c0_1(X2)|c1_1(X2)|c3_1(X2)))|![X3]:(ndr1_0=>(c1_1(X3)|~c0_1(X3)|~c2_1(X3)))|hskp2)&(![X4]:(ndr1_0=>(c0_1(X4)|c1_1(X4)|~c2_1(X4)))|![X5]:(ndr1_0=>(c0_1(X5)|~c1_1(X5)|~c2_1(X5)))|![X6]:(ndr1_0=>(c1_1(X6)|~c0_1(X6)|~c2_1(X6))))&(![X7]:(ndr1_0=>(c0_1(X7)|c1_1(X7)|~c2_1(X7)))|![X8]:(ndr1_0=>(c0_1(X8)|~c1_1(X8)|~c2_1(X8)))|hskp3)&(![X9]:(ndr1_0=>(c0_1(X9)|c1_1(X9)|~c2_1(X9)))|![X10]:(ndr1_0=>(c0_1(X10)|~c2_1(X10)|~c3_1(X10)))|![X11]:(ndr1_0=>(c3_1(X11)|~c0_1(X11)|~c2_1(X11))))&(![X12]:(ndr1_0=>(c0_1(X12)|c1_1(X12)|~c2_1(X12)))|![X13]:(ndr1_0=>(c1_1(X13)|~c0_1(X13)|~c3_1(X13)))|![X14]:(ndr1_0=>(c3_1(X14)|~c0_1(X14)|~c2_1(X14))))&(![X15]:(ndr1_0=>(c0_1(X15)|c1_1(X15)|~c2_1(X15)))|![X16]:(ndr1_0=>(c2_1(X16)|~c0_1(X16)|~c1_1(X16)))|hskp0)&(![X17]:(ndr1_0=>(c0_1(X17)|c1_1(X17)|~c3_1(X17)))|![X18]:(ndr1_0=>(c1_1(X18)|c3_1(X18)|~c0_1(X18)))|hskp4)&(![X19]:(ndr1_0=>(c0_1(X19)|c1_1(X19)|~c3_1(X19)))|![X20]:(ndr1_0=>(~c0_1(X20)|~c1_1(X20)|~c2_1(X20)))|hskp5)&(![X21]:(ndr1_0=>(c0_1(X21)|c1_1(X21)|~c3_1(X21)))|hskp6|hskp7)&(![X22]:(ndr1_0=>(c0_1(X22)|c2_1(X22)|c3_1(X22)))|![X23]:(ndr1_0=>(c1_1(X23)|c2_1(X23)|~c0_1(X23)))|hskp8)&(![X24]:(ndr1_0=>(c0_1(X24)|c2_1(X24)|c3_1(X24)))|![X25]:(ndr1_0=>(c2_1(X25)|c3_1(X25)|~c1_1(X25)))|hskp9)&(![X26]:(ndr1_0=>(c0_1(X26)|c2_1(X26)|c3_1(X26)))|![X27]:(ndr1_0=>(c2_1(X27)|c3_1(X27)|~c1_1(X27)))|hskp1)&(![X28]:(ndr1_0=>(c0_1(X28)|c2_1(X28)|~c1_1(X28)))|![X29]:(ndr1_0=>(c2_1(X29)|c3_1(X29)|~c1_1(X29)))|hskp10)&(![X30]:(ndr1_0=>(c0_1(X30)|c2_1(X30)|~c1_1(X30)))|hskp28|hskp3)&(![X31]:(ndr1_0=>(c0_1(X31)|c2_1(X31)|~c3_1(X31)))|![X32]:(ndr1_0=>(c1_1(X32)|c2_1(X32)|~c3_1(X32)))|hskp11)&(![X33]:(ndr1_0=>(c0_1(X33)|c2_1(X33)|~c3_1(X33)))|![X34]:(ndr1_0=>(c1_1(X34)|~c0_1(X34)|~c2_1(X34)))|![X35]:(ndr1_0=>(~c0_1(X35)|~c1_1(X35)|~c3_1(X35))))&(![X36]:(ndr1_0=>(c0_1(X36)|c2_1(X36)|~c3_1(X36)))|![X37]:(ndr1_0=>(c2_1(X37)|~c0_1(X37)|~c3_1(X37)))|hskp0)&(![X38]:(ndr1_0=>(c0_1(X38)|c3_1(X38)|~c1_1(X38)))|![X39]:(ndr1_0=>(c3_1(X39)|~c0_1(X39)|~c2_1(X39)))|hskp12)&(![X40]:(ndr1_0=>(c0_1(X40)|c3_1(X40)|~c1_1(X40)))|hskp13|hskp4)&(![X41]:(ndr1_0=>(c0_1(X41)|c3_1(X41)|~c2_1(X41)))|![X42]:(ndr1_0=>(c1_1(X42)|c3_1(X42)|~c2_1(X42)))|![X43]:(ndr1_0=>(c1_1(X43)|~c0_1(X43)|~c3_1(X43))))&(![X44]:(ndr1_0=>(c0_1(X44)|c3_1(X44)|~c2_1(X44)))|![X45]:(ndr1_0=>(c2_1(X45)|~c0_1(X45)|~c1_1(X45)))|hskp14)&(![X46]:(ndr1_0=>(c0_1(X46)|~c1_1(X46)|~c2_1(X46)))|![X47]:(ndr1_0=>(c1_1(X47)|c2_1(X47)|~c0_1(X47)))|hskp13)&(![X48]:(ndr1_0=>(c0_1(X48)|~c1_1(X48)|~c2_1(X48)))|![X49]:(ndr1_0=>(c1_1(X49)|c2_1(X49)|~c3_1(X49)))|![X50]:(ndr1_0=>(c1_1(X50)|c3_1(X50)|~c0_1(X50))))&(![X51]:(ndr1_0=>(c0_1(X51)|~c1_1(X51)|~c2_1(X51)))|hskp4|hskp15)&(![X52]:(ndr1_0=>(c0_1(X52)|~c1_1(X52)|~c3_1(X52)))|![X53]:(ndr1_0=>(c1_1(X53)|~c0_1(X53)|~c2_1(X53)))|hskp16)&(![X54]:(ndr1_0=>(c0_1(X54)|~c1_1(X54)|~c3_1(X54)))|![X55]:(ndr1_0=>(c2_1(X55)|c3_1(X55)|~c1_1(X55)))|hskp17)&(![X56]:(ndr1_0=>(c0_1(X56)|~c1_1(X56)|~c3_1(X56)))|hskp15|hskp0)&(![X57]:(ndr1_0=>(c0_1(X57)|~c2_1(X57)|~c3_1(X57)))|![X58]:(ndr1_0=>(~c0_1(X58)|~c1_1(X58)|~c3_1(X58)))|![X59]:(ndr1_0=>(~c0_1(X59)|~c2_1(X59)|~c3_1(X59))))&(![X60]:(ndr1_0=>(c0_1(X60)|~c2_1(X60)|~c3_1(X60)))|![X61]:(ndr1_0=>(~c0_1(X61)|~c1_1(X61)|~c3_1(X61)))|hskp14)&(![X62]:(ndr1_0=>(c0_1(X62)|~c2_1(X62)|~c3_1(X62)))|hskp18|hskp10)&(![X63]:(ndr1_0=>(c1_1(X63)|c2_1(X63)|c3_1(X63)))|![X64]:(ndr1_0=>(c2_1(X64)|~c1_1(X64)|~c3_1(X64)))|hskp14)&(![X65]:(ndr1_0=>(c1_1(X65)|c2_1(X65)|c3_1(X65)))|hskp19|hskp20)&(![X66]:(ndr1_0=>(c1_1(X66)|c2_1(X66)|~c0_1(X66)))|![X67]:(ndr1_0=>(c1_1(X67)|~c2_1(X67)|~c3_1(X67)))|![X68]:(ndr1_0=>(c2_1(X68)|~c0_1(X68)|~c3_1(X68))))&(![X69]:(ndr1_0=>(c1_1(X69)|c2_1(X69)|~c0_1(X69)))|![X70]:(ndr1_0=>(c2_1(X70)|c3_1(X70)|~c1_1(X70)))|hskp7)&(![X71]:(ndr1_0=>(c1_1(X71)|c2_1(X71)|~c0_1(X71)))|hskp21|hskp22)&(![X72]:(ndr1_0=>(c1_1(X72)|c2_1(X72)|~c0_1(X72)))|hskp23|hskp1)&(![X73]:(ndr1_0=>(c1_1(X73)|c2_1(X73)|~c3_1(X73)))|![X74]:(ndr1_0=>(c2_1(X74)|c3_1(X74)|~c0_1(X74)))|hskp24)&(![X75]:(ndr1_0=>(c1_1(X75)|c2_1(X75)|~c3_1(X75)))|![X76]:(ndr1_0=>(c3_1(X76)|~c0_1(X76)|~c1_1(X76)))|![X77]:(ndr1_0=>(~c1_1(X77)|~c2_1(X77)|~c3_1(X77))))&(![X78]:(ndr1_0=>(c1_1(X78)|c2_1(X78)|~c3_1(X78)))|![X79]:(ndr1_0=>(c3_1(X79)|~c1_1(X79)|~c2_1(X79)))|hskp29)&(![X80]:(ndr1_0=>(c1_1(X80)|c3_1(X80)|~c0_1(X80)))|![X81]:(ndr1_0=>(c2_1(X81)|c3_1(X81)|~c0_1(X81)))|hskp2)&(![X82]:(ndr1_0=>(c1_1(X82)|c3_1(X82)|~c0_1(X82)))|hskp30|hskp22)&(![X83]:(ndr1_0=>(c1_1(X83)|c3_1(X83)|~c0_1(X83)))|hskp29|hskp2)&(![X84]:(ndr1_0=>(c1_1(X84)|c3_1(X84)|~c0_1(X84)))|hskp20|hskp14)&(![X85]:(ndr1_0=>(c1_1(X85)|~c0_1(X85)|~c2_1(X85)))|hskp25|hskp3)&(![X86]:(ndr1_0=>(c1_1(X86)|~c0_1(X86)|~c2_1(X86)))|hskp18|hskp0)&(![X87]:(ndr1_0=>(c1_1(X87)|~c0_1(X87)|~c3_1(X87)))|![X88]:(ndr1_0=>(c3_1(X88)|~c0_1(X88)|~c1_1(X88)))|hskp21)&(![X89]:(ndr1_0=>(c1_1(X89)|~c0_1(X89)|~c3_1(X89)))|![X90]:(ndr1_0=>(c3_1(X90)|~c1_1(X90)|~c2_1(X90)))|hskp4)&(![X91]:(ndr1_0=>(c1_1(X91)|~c0_1(X91)|~c3_1(X91)))|![X92]:(ndr1_0=>(~c0_1(X92)|~c1_1(X92)|~c2_1(X92)))|hskp28)&(![X93]:(ndr1_0=>(c1_1(X93)|~c0_1(X93)|~c3_1(X93)))|hskp5|hskp22)&(![X94]:(ndr1_0=>(c1_1(X94)|~c2_1(X94)|~c3_1(X94)))|![X95]:(ndr1_0=>(c2_1(X95)|c3_1(X95)|~c0_1(X95)))|hskp24)&(![X96]:(ndr1_0=>(c1_1(X96)|~c2_1(X96)|~c3_1(X96)))|hskp8|hskp7)&(![X97]:(ndr1_0=>(c2_1(X97)|c3_1(X97)|~c0_1(X97)))|![X98]:(ndr1_0=>(c3_1(X98)|~c0_1(X98)|~c1_1(X98)))|hskp21)&(![X99]:(ndr1_0=>(c2_1(X99)|c3_1(X99)|~c0_1(X99)))|![X100]:(ndr1_0=>(~c0_1(X100)|~c1_1(X100)|~c3_1(X100)))|hskp10)&(![X101]:(ndr1_0=>(c2_1(X101)|c3_1(X101)|~c0_1(X101)))|hskp19|hskp16)&(![X102]:(ndr1_0=>(c2_1(X102)|c3_1(X102)|~c0_1(X102)))|hskp9|hskp4)&(![X103]:(ndr1_0=>(c2_1(X103)|~c0_1(X103)|~c1_1(X103)))|hskp30|hskp9)&(![X104]:(ndr1_0=>(c2_1(X104)|~c0_1(X104)|~c1_1(X104)))|hskp24|hskp25)&(![X105]:(ndr1_0=>(c2_1(X105)|~c1_1(X105)|~c3_1(X105)))|![X106]:(ndr1_0=>(~c0_1(X106)|~c2_1(X106)|~c3_1(X106)))|hskp6)&(![X107]:(ndr1_0=>(c2_1(X107)|~c1_1(X107)|~c3_1(X107)))|![X108]:(ndr1_0=>(~c1_1(X108)|~c2_1(X108)|~c3_1(X108)))|hskp18)&(![X109]:(ndr1_0=>(c3_1(X109)|~c0_1(X109)|~c1_1(X109)))|hskp29|hskp10)&(![X110]:(ndr1_0=>(c3_1(X110)|~c0_1(X110)|~c2_1(X110)))|hskp25|hskp20)&(![X111]:(ndr1_0=>(c3_1(X111)|~c1_1(X111)|~c2_1(X111)))|hskp28|hskp1)&(![X112]:(ndr1_0=>(~c0_1(X112)|~c1_1(X112)|~c2_1(X112)))|![X113]:(ndr1_0=>(~c0_1(X113)|~c2_1(X113)|~c3_1(X113)))|hskp3)&(![X114]:(ndr1_0=>(~c0_1(X114)|~c2_1(X114)|~c3_1(X114)))|hskp6|hskp20)&(![X115]:(ndr1_0=>(~c1_1(X115)|~c2_1(X115)|~c3_1(X115)))|hskp31|hskp23)&(hskp30|hskp21|hskp26)&(hskp21|hskp18|hskp1)&(hskp21|hskp2|hskp20)&(hskp6|hskp19|hskp16)&(hskp24|hskp0)&(hskp23|hskp27)&(hskp7|hskp13|hskp12)&(hskp2|hskp27|hskp3)))			
../../TPTP-v7.3.0/Problems/SYN/SYN986+1.002.p		Theorem	UNKNOWN		UNKNOWN		fof		(?[Z2,Z1,Z0]:(r(zero,zero,Z2)&r(zero,Z2,Z1)&r(zero,Z1,Z0)))			
../../TPTP-v7.3.0/Problems/SYN/SYN448+1.p		Theorem	UNKNOWN		UNKNOWN		fof		(~((~hskp0|(ndr1_0&c0_1(a460)&~c2_1(a460)&~c3_1(a460)))&(~hskp1|(ndr1_0&c2_1(a463)&~c0_1(a463)&~c1_1(a463)))&(~hskp2|(ndr1_0&~c0_1(a465)&~c2_1(a465)&~c3_1(a465)))&(~hskp3|(ndr1_0&c1_1(a466)&c3_1(a466)&~c0_1(a466)))&(~hskp4|(ndr1_0&c3_1(a467)&~c0_1(a467)&~c1_1(a467)))&(~hskp5|(ndr1_0&c0_1(a468)&c3_1(a468)&~c2_1(a468)))&(~hskp6|(ndr1_0&c2_1(a471)&~c1_1(a471)&~c3_1(a471)))&(~hskp7|(ndr1_0&c3_1(a474)&~c1_1(a474)&~c2_1(a474)))&(~hskp8|(ndr1_0&c0_1(a475)&c1_1(a475)&~c3_1(a475)))&(~hskp9|(ndr1_0&c0_1(a476)&c2_1(a476)&~c1_1(a476)))&(~hskp10|(ndr1_0&c1_1(a477)&c2_1(a477)&~c3_1(a477)))&(~hskp11|(ndr1_0&c2_1(a478)&~c0_1(a478)&~c3_1(a478)))&(~hskp12|(ndr1_0&~c0_1(a480)&~c1_1(a480)&~c2_1(a480)))&(~hskp13|(ndr1_0&c0_1(a483)&c2_1(a483)&~c3_1(a483)))&(~hskp14|(ndr1_0&~c1_1(a488)&~c2_1(a488)&~c3_1(a488)))&(~hskp15|(ndr1_0&c1_1(a492)&c3_1(a492)&~c2_1(a492)))&(~hskp16|(ndr1_0&c1_1(a493)&~c0_1(a493)&~c2_1(a493)))&(~hskp17|(ndr1_0&~c0_1(a494)&~c1_1(a494)&~c3_1(a494)))&(~hskp18|(ndr1_0&c1_1(a500)&c2_1(a500)&~c0_1(a500)))&(~hskp19|(ndr1_0&c2_1(a502)&c3_1(a502)&~c0_1(a502)))&(~hskp20|(ndr1_0&c2_1(a503)&c3_1(a503)&~c1_1(a503)))&(~hskp21|(ndr1_0&c0_1(a512)&c3_1(a512)&~c1_1(a512)))&(~hskp22|(ndr1_0&c0_1(a524)&c1_1(a524)&~c2_1(a524)))&(~hskp23|(ndr1_0&c0_1(a533)&~c1_1(a533)&~c3_1(a533)))&(~hskp24|(ndr1_0&c0_1(a540)&~c1_1(a540)&~c2_1(a540)))&(~hskp25|(ndr1_0&c0_1(a461)&c2_1(a461)&c3_1(a461)))&(~hskp26|(ndr1_0&c1_1(a470)&c2_1(a470)&c3_1(a470)))&(~hskp27|(ndr1_0&c0_1(a473)&c1_1(a473)&c3_1(a473)))&(~hskp28|(ndr1_0&c0_1(a490)&c1_1(a490)&c2_1(a490)))&(![U]:(ndr1_0=>(c0_1(U)|c1_1(U)|c2_1(U)))|![V]:(ndr1_0=>(c0_1(V)|c1_1(V)|~c2_1(V)))|hskp0)&(![W]:(ndr1_0=>(c0_1(W)|c1_1(W)|c2_1(W)))|![X]:(ndr1_0=>(c0_1(X)|~c1_1(X)|~c3_1(X)))|![Y]:(ndr1_0=>(c2_1(Y)|c3_1(Y)|~c0_1(Y))))&(![Z]:(ndr1_0=>(c0_1(Z)|c1_1(Z)|c2_1(Z)))|![X1]:(ndr1_0=>(c1_1(X1)|c3_1(X1)|~c0_1(X1)))|hskp25)&(![X2]:(ndr1_0=>(c0_1(X2)|c1_1(X2)|c2_1(X2)))|![X3]:(ndr1_0=>(c1_1(X3)|~c2_1(X3)|~c3_1(X3)))|![X4]:(ndr1_0=>(c3_1(X4)|~c0_1(X4)|~c2_1(X4))))&(![X5]:(ndr1_0=>(c0_1(X5)|c1_1(X5)|c2_1(X5)))|hskp0|hskp1)&(![X6]:(ndr1_0=>(c0_1(X6)|c1_1(X6)|c3_1(X6)))|![X7]:(ndr1_0=>(c0_1(X7)|c2_1(X7)|c3_1(X7)))|hskp0)&(![X8]:(ndr1_0=>(c0_1(X8)|c1_1(X8)|c3_1(X8)))|![X9]:(ndr1_0=>(c0_1(X9)|~c1_1(X9)|~c2_1(X9)))|hskp2)&(![X10]:(ndr1_0=>(c0_1(X10)|c1_1(X10)|c3_1(X10)))|![X11]:(ndr1_0=>(c0_1(X11)|~c1_1(X11)|~c3_1(X11)))|hskp3)&(![X12]:(ndr1_0=>(c0_1(X12)|c1_1(X12)|c3_1(X12)))|![X13]:(ndr1_0=>(c1_1(X13)|c2_1(X13)|c3_1(X13)))|![X14]:(ndr1_0=>(c3_1(X14)|~c1_1(X14)|~c2_1(X14))))&(![X15]:(ndr1_0=>(c0_1(X15)|c1_1(X15)|c3_1(X15)))|![X16]:(ndr1_0=>(c2_1(X16)|~c1_1(X16)|~c3_1(X16)))|hskp4)&(![X17]:(ndr1_0=>(c0_1(X17)|c1_1(X17)|c3_1(X17)))|![X18]:(ndr1_0=>(~c0_1(X18)|~c1_1(X18)|~c2_1(X18)))|hskp5)&(![X19]:(ndr1_0=>(c0_1(X19)|c1_1(X19)|c3_1(X19)))|![X20]:(ndr1_0=>(~c1_1(X20)|~c2_1(X20)|~c3_1(X20)))|hskp4)&(![X21]:(ndr1_0=>(c0_1(X21)|c1_1(X21)|~c2_1(X21)))|![X22]:(ndr1_0=>(~c0_1(X22)|~c2_1(X22)|~c3_1(X22)))|hskp26)&(![X23]:(ndr1_0=>(c0_1(X23)|c1_1(X23)|~c2_1(X23)))|hskp6|hskp2)&(![X24]:(ndr1_0=>(c0_1(X24)|c2_1(X24)|c3_1(X24)))|![X25]:(ndr1_0=>(c1_1(X25)|c2_1(X25)|c3_1(X25)))|hskp27)&(![X26]:(ndr1_0=>(c0_1(X26)|c2_1(X26)|c3_1(X26)))|![X27]:(ndr1_0=>(c2_1(X27)|c3_1(X27)|~c0_1(X27)))|hskp7)&(![X28]:(ndr1_0=>(c0_1(X28)|c2_1(X28)|~c1_1(X28)))|![X29]:(ndr1_0=>(c0_1(X29)|~c1_1(X29)|~c3_1(X29)))|![X30]:(ndr1_0=>(c0_1(X30)|~c2_1(X30)|~c3_1(X30))))&(![X31]:(ndr1_0=>(c0_1(X31)|c2_1(X31)|~c1_1(X31)))|![X32]:(ndr1_0=>(c1_1(X32)|~c2_1(X32)|~c3_1(X32)))|hskp8)&(![X33]:(ndr1_0=>(c0_1(X33)|c2_1(X33)|~c3_1(X33)))|![X34]:(ndr1_0=>(c0_1(X34)|~c2_1(X34)|~c3_1(X34)))|hskp9)&(![X35]:(ndr1_0=>(c0_1(X35)|c2_1(X35)|~c3_1(X35)))|![X36]:(ndr1_0=>(~c0_1(X36)|~c1_1(X36)|~c2_1(X36)))|hskp10)&(![X37]:(ndr1_0=>(c0_1(X37)|c3_1(X37)|~c1_1(X37)))|![X38]:(ndr1_0=>(~c0_1(X38)|~c2_1(X38)|~c3_1(X38)))|hskp11)&(![X39]:(ndr1_0=>(c0_1(X39)|c3_1(X39)|~c2_1(X39)))|hskp0|hskp12)&(![X40]:(ndr1_0=>(c0_1(X40)|~c1_1(X40)|~c2_1(X40)))|![X41]:(ndr1_0=>(c1_1(X41)|c2_1(X41)|~c0_1(X41)))|hskp9)&(![X42]:(ndr1_0=>(c0_1(X42)|~c1_1(X42)|~c2_1(X42)))|![X43]:(ndr1_0=>(c1_1(X43)|c3_1(X43)|~c0_1(X43)))|hskp9)&(![X44]:(ndr1_0=>(c0_1(X44)|~c1_1(X44)|~c2_1(X44)))|![X45]:(ndr1_0=>(c1_1(X45)|c3_1(X45)|~c0_1(X45)))|hskp13)&(![X46]:(ndr1_0=>(c0_1(X46)|~c1_1(X46)|~c2_1(X46)))|hskp27|hskp10)&(![X47]:(ndr1_0=>(c0_1(X47)|~c1_1(X47)|~c3_1(X47)))|![X48]:(ndr1_0=>(c3_1(X48)|~c0_1(X48)|~c2_1(X48)))|hskp8)&(![X49]:(ndr1_0=>(c0_1(X49)|~c1_1(X49)|~c3_1(X49)))|![X50]:(ndr1_0=>(~c0_1(X50)|~c1_1(X50)|~c2_1(X50)))|hskp7)&(![X51]:(ndr1_0=>(c0_1(X51)|~c1_1(X51)|~c3_1(X51)))|![X52]:(ndr1_0=>(~c0_1(X52)|~c2_1(X52)|~c3_1(X52)))|hskp14)&(![X53]:(ndr1_0=>(c0_1(X53)|~c2_1(X53)|~c3_1(X53)))|![X54]:(ndr1_0=>(c1_1(X54)|c2_1(X54)|c3_1(X54)))|![X55]:(ndr1_0=>(~c0_1(X55)|~c1_1(X55)|~c3_1(X55))))&(![X56]:(ndr1_0=>(c0_1(X56)|~c2_1(X56)|~c3_1(X56)))|![X57]:(ndr1_0=>(c1_1(X57)|c3_1(X57)|~c2_1(X57)))|![X58]:(ndr1_0=>(c2_1(X58)|~c0_1(X58)|~c1_1(X58))))&(![X59]:(ndr1_0=>(c0_1(X59)|~c2_1(X59)|~c3_1(X59)))|![X60]:(ndr1_0=>(~c0_1(X60)|~c1_1(X60)|~c2_1(X60)))|hskp10)&(![X61]:(ndr1_0=>(c1_1(X61)|c2_1(X61)|c3_1(X61)))|![X62]:(ndr1_0=>(c2_1(X62)|~c0_1(X62)|~c3_1(X62)))|hskp28)&(![X63]:(ndr1_0=>(c1_1(X63)|c2_1(X63)|c3_1(X63)))|hskp3|hskp15)&(![X64]:(ndr1_0=>(c1_1(X64)|c2_1(X64)|~c0_1(X64)))|hskp16|hskp17)&(![X65]:(ndr1_0=>(c1_1(X65)|c2_1(X65)|~c3_1(X65)))|hskp7|hskp12)&(![X66]:(ndr1_0=>(c1_1(X66)|c3_1(X66)|~c0_1(X66)))|![X67]:(ndr1_0=>(c2_1(X67)|c3_1(X67)|~c0_1(X67)))|hskp12)&(![X68]:(ndr1_0=>(c1_1(X68)|c3_1(X68)|~c0_1(X68)))|hskp27|hskp16)&(![X69]:(ndr1_0=>(c1_1(X69)|c3_1(X69)|~c0_1(X69)))|hskp18|hskp2)&(![X70]:(ndr1_0=>(c1_1(X70)|c3_1(X70)|~c2_1(X70)))|hskp19|hskp20)&(![X71]:(ndr1_0=>(c1_1(X71)|c3_1(X71)|~c2_1(X71)))|hskp12|hskp14)&(![X72]:(ndr1_0=>(c1_1(X72)|~c0_1(X72)|~c2_1(X72)))|![X73]:(ndr1_0=>(c1_1(X73)|~c0_1(X73)|~c3_1(X73)))|hskp9)&(![X74]:(ndr1_0=>(c1_1(X74)|~c0_1(X74)|~c2_1(X74)))|![X75]:(ndr1_0=>(~c0_1(X75)|~c2_1(X75)|~c3_1(X75)))|hskp17)&(![X76]:(ndr1_0=>(c1_1(X76)|~c0_1(X76)|~c3_1(X76)))|hskp3|hskp12)&(![X77]:(ndr1_0=>(c2_1(X77)|c3_1(X77)|~c0_1(X77)))|![X78]:(ndr1_0=>(~c0_1(X78)|~c1_1(X78)|~c2_1(X78)))|hskp1)&(![X79]:(ndr1_0=>(c2_1(X79)|c3_1(X79)|~c0_1(X79)))|![X80]:(ndr1_0=>(~c0_1(X80)|~c1_1(X80)|~c3_1(X80)))|hskp3)&(![X81]:(ndr1_0=>(c2_1(X81)|c3_1(X81)|~c1_1(X81)))|![X82]:(ndr1_0=>(c2_1(X82)|~c0_1(X82)|~c3_1(X82)))|hskp21)&(![X83]:(ndr1_0=>(c2_1(X83)|c3_1(X83)|~c1_1(X83)))|hskp11|hskp7)&(![X84]:(ndr1_0=>(c2_1(X84)|~c0_1(X84)|~c1_1(X84)))|hskp18|hskp20)&(![X85]:(ndr1_0=>(c2_1(X85)|~c0_1(X85)|~c1_1(X85)))|hskp15|hskp2)&(![X86]:(ndr1_0=>(c2_1(X86)|~c1_1(X86)|~c3_1(X86)))|hskp15|hskp12)&(![X87]:(ndr1_0=>(c3_1(X87)|~c0_1(X87)|~c2_1(X87)))|hskp26|hskp10)&(hskp27|hskp22|hskp17)&(hskp8|hskp15|hskp16)&(hskp25|hskp5|hskp14)&(hskp9|hskp23|hskp20)&(hskp21|hskp10|hskp6)&(hskp5|hskp11)&(hskp24|hskp15|hskp16)&(hskp20|hskp6|hskp12)))			
../../TPTP-v7.3.0/Problems/SYN/SYN572-1.p		Unsatisfiable	UNKNOWN		UNKNOWN		cnf					
../../TPTP-v7.3.0/Problems/SYN/SYN486+1.p		Theorem	UNKNOWN		UNKNOWN		fof		(~((~hskp0|(ndr1_0&c1_1(a2174)&c2_1(a2174)&~c0_1(a2174)))&(~hskp1|(ndr1_0&c2_1(a2175)&~c0_1(a2175)&~c3_1(a2175)))&(~hskp2|(ndr1_0&c1_1(a2176)&~c0_1(a2176)&~c3_1(a2176)))&(~hskp3|(ndr1_0&~c0_1(a2177)&~c1_1(a2177)&~c3_1(a2177)))&(~hskp4|(ndr1_0&c0_1(a2179)&c2_1(a2179)&~c3_1(a2179)))&(~hskp5|(ndr1_0&c0_1(a2180)&c3_1(a2180)&~c1_1(a2180)))&(~hskp6|(ndr1_0&c1_1(a2181)&c2_1(a2181)&~c3_1(a2181)))&(~hskp7|(ndr1_0&c2_1(a2182)&c3_1(a2182)&~c0_1(a2182)))&(~hskp8|(ndr1_0&c0_1(a2184)&c1_1(a2184)&~c3_1(a2184)))&(~hskp9|(ndr1_0&c2_1(a2185)&~c0_1(a2185)&~c1_1(a2185)))&(~hskp10|(ndr1_0&c3_1(a2186)&~c0_1(a2186)&~c1_1(a2186)))&(~hskp11|(ndr1_0&c0_1(a2187)&c2_1(a2187)&~c1_1(a2187)))&(~hskp12|(ndr1_0&c1_1(a2189)&~c2_1(a2189)&~c3_1(a2189)))&(~hskp13|(ndr1_0&c0_1(a2191)&~c1_1(a2191)&~c3_1(a2191)))&(~hskp14|(ndr1_0&c3_1(a2193)&~c1_1(a2193)&~c2_1(a2193)))&(~hskp15|(ndr1_0&c0_1(a2194)&c3_1(a2194)&~c2_1(a2194)))&(~hskp16|(ndr1_0&~c1_1(a2195)&~c2_1(a2195)&~c3_1(a2195)))&(~hskp17|(ndr1_0&c2_1(a2197)&c3_1(a2197)&~c1_1(a2197)))&(~hskp18|(ndr1_0&c0_1(a2198)&~c1_1(a2198)&~c2_1(a2198)))&(~hskp19|(ndr1_0&~c0_1(a2211)&~c2_1(a2211)&~c3_1(a2211)))&(~hskp20|(ndr1_0&c0_1(a2213)&c1_1(a2213)&~c2_1(a2213)))&(~hskp21|(ndr1_0&c0_1(a2216)&~c2_1(a2216)&~c3_1(a2216)))&(~hskp22|(ndr1_0&c2_1(a2219)&~c1_1(a2219)&~c3_1(a2219)))&(~hskp23|(ndr1_0&~c0_1(a2248)&~c1_1(a2248)&~c2_1(a2248)))&(~hskp24|(ndr1_0&c1_1(a2262)&c3_1(a2262)&~c0_1(a2262)))&(~hskp25|(ndr1_0&c1_1(a2265)&c3_1(a2265)&~c2_1(a2265)))&(~hskp26|(ndr1_0&c1_1(a2268)&~c0_1(a2268)&~c2_1(a2268)))&(~hskp27|(ndr1_0&c0_1(a2178)&c2_1(a2178)&c3_1(a2178)))&(~hskp28|(ndr1_0&c0_1(a2188)&c1_1(a2188)&c2_1(a2188)))&(~hskp29|(ndr1_0&c1_1(a2196)&c2_1(a2196)&c3_1(a2196)))&(~hskp30|(ndr1_0&c0_1(a2208)&c1_1(a2208)&c3_1(a2208)))&(![U]:(ndr1_0=>(c0_1(U)|c1_1(U)|c2_1(U)))|![V]:(ndr1_0=>(c0_1(V)|c3_1(V)|~c2_1(V)))|![W]:(ndr1_0=>(c0_1(W)|~c2_1(W)|~c3_1(W))))&(![X]:(ndr1_0=>(c0_1(X)|c1_1(X)|c2_1(X)))|![Y]:(ndr1_0=>(c1_1(Y)|~c0_1(Y)|~c3_1(Y)))|![Z]:(ndr1_0=>(c2_1(Z)|c3_1(Z)|~c1_1(Z))))&(![X1]:(ndr1_0=>(c0_1(X1)|c1_1(X1)|c2_1(X1)))|![X2]:(ndr1_0=>(c1_1(X2)|~c2_1(X2)|~c3_1(X2)))|hskp0)&(![X3]:(ndr1_0=>(c0_1(X3)|c1_1(X3)|c3_1(X3)))|![X4]:(ndr1_0=>(c0_1(X4)|c3_1(X4)|~c2_1(X4)))|![X5]:(ndr1_0=>(c0_1(X5)|~c1_1(X5)|~c3_1(X5))))&(![X6]:(ndr1_0=>(c0_1(X6)|c1_1(X6)|c3_1(X6)))|![X7]:(ndr1_0=>(c1_1(X7)|c2_1(X7)|c3_1(X7)))|![X8]:(ndr1_0=>(c1_1(X8)|~c0_1(X8)|~c2_1(X8))))&(![X9]:(ndr1_0=>(c0_1(X9)|c1_1(X9)|c3_1(X9)))|![X10]:(ndr1_0=>(c1_1(X10)|~c2_1(X10)|~c3_1(X10)))|hskp1)&(![X11]:(ndr1_0=>(c0_1(X11)|c1_1(X11)|c3_1(X11)))|![X12]:(ndr1_0=>(~c0_1(X12)|~c2_1(X12)|~c3_1(X12)))|hskp2)&(![X13]:(ndr1_0=>(c0_1(X13)|c1_1(X13)|~c2_1(X13)))|![X14]:(ndr1_0=>(c0_1(X14)|c2_1(X14)|~c1_1(X14)))|hskp3)&(![X15]:(ndr1_0=>(c0_1(X15)|c1_1(X15)|~c2_1(X15)))|![X16]:(ndr1_0=>(c0_1(X16)|~c1_1(X16)|~c2_1(X16)))|![X17]:(ndr1_0=>(~c0_1(X17)|~c1_1(X17)|~c3_1(X17))))&(![X18]:(ndr1_0=>(c0_1(X18)|c1_1(X18)|~c2_1(X18)))|![X19]:(ndr1_0=>(c0_1(X19)|~c1_1(X19)|~c2_1(X19)))|hskp27)&(![X20]:(ndr1_0=>(c0_1(X20)|c1_1(X20)|~c2_1(X20)))|![X21]:(ndr1_0=>(~c1_1(X21)|~c2_1(X21)|~c3_1(X21)))|hskp4)&(![X22]:(ndr1_0=>(c0_1(X22)|c1_1(X22)|~c2_1(X22)))|hskp5|hskp6)&(![X23]:(ndr1_0=>(c0_1(X23)|c1_1(X23)|~c3_1(X23)))|![X24]:(ndr1_0=>(c0_1(X24)|c3_1(X24)|~c1_1(X24)))|![X25]:(ndr1_0=>(c2_1(X25)|c3_1(X25)|~c1_1(X25))))&(![X26]:(ndr1_0=>(c0_1(X26)|c1_1(X26)|~c3_1(X26)))|![X27]:(ndr1_0=>(c0_1(X27)|c3_1(X27)|~c2_1(X27)))|hskp7)&(![X28]:(ndr1_0=>(c0_1(X28)|c1_1(X28)|~c3_1(X28)))|![X29]:(ndr1_0=>(c0_1(X29)|~c1_1(X29)|~c2_1(X29)))|![X30]:(ndr1_0=>(c1_1(X30)|c2_1(X30)|c3_1(X30))))&(![X31]:(ndr1_0=>(c0_1(X31)|c1_1(X31)|~c3_1(X31)))|![X32]:(ndr1_0=>(c2_1(X32)|~c1_1(X32)|~c3_1(X32)))|hskp0)&(![X33]:(ndr1_0=>(c0_1(X33)|c1_1(X33)|~c3_1(X33)))|![X34]:(ndr1_0=>(c3_1(X34)|~c0_1(X34)|~c1_1(X34)))|hskp8)&(![X35]:(ndr1_0=>(c0_1(X35)|c1_1(X35)|~c3_1(X35)))|hskp9|hskp10)&(![X36]:(ndr1_0=>(c0_1(X36)|c2_1(X36)|c3_1(X36)))|![X37]:(ndr1_0=>(c1_1(X37)|~c0_1(X37)|~c3_1(X37)))|hskp11)&(![X38]:(ndr1_0=>(c0_1(X38)|c2_1(X38)|c3_1(X38)))|![X39]:(ndr1_0=>(~c0_1(X39)|~c2_1(X39)|~c3_1(X39)))|hskp28)&(![X40]:(ndr1_0=>(c0_1(X40)|c2_1(X40)|~c1_1(X40)))|![X41]:(ndr1_0=>(c1_1(X41)|~c2_1(X41)|~c3_1(X41)))|hskp12)&(![X42]:(ndr1_0=>(c0_1(X42)|c2_1(X42)|~c3_1(X42)))|![X43]:(ndr1_0=>(c1_1(X43)|c3_1(X43)|~c2_1(X43)))|hskp10)&(![X44]:(ndr1_0=>(c0_1(X44)|c2_1(X44)|~c3_1(X44)))|![X45]:(ndr1_0=>(c2_1(X45)|c3_1(X45)|~c0_1(X45)))|hskp13)&(![X46]:(ndr1_0=>(c0_1(X46)|c2_1(X46)|~c3_1(X46)))|![X47]:(ndr1_0=>(c2_1(X47)|~c0_1(X47)|~c1_1(X47)))|hskp11)&(![X48]:(ndr1_0=>(c0_1(X48)|c2_1(X48)|~c3_1(X48)))|![X49]:(ndr1_0=>(c2_1(X49)|~c0_1(X49)|~c3_1(X49)))|![X50]:(ndr1_0=>(~c1_1(X50)|~c2_1(X50)|~c3_1(X50))))&(![X51]:(ndr1_0=>(c0_1(X51)|c3_1(X51)|~c1_1(X51)))|![X52]:(ndr1_0=>(c0_1(X52)|~c1_1(X52)|~c2_1(X52)))|![X53]:(ndr1_0=>(c1_1(X53)|~c0_1(X53)|~c3_1(X53))))&(![X54]:(ndr1_0=>(c0_1(X54)|c3_1(X54)|~c1_1(X54)))|![X55]:(ndr1_0=>(c2_1(X55)|c3_1(X55)|~c1_1(X55)))|hskp14)&(![X56]:(ndr1_0=>(c0_1(X56)|c3_1(X56)|~c1_1(X56)))|hskp15|hskp16)&(![X57]:(ndr1_0=>(c0_1(X57)|c3_1(X57)|~c1_1(X57)))|hskp29|hskp17)&(![X58]:(ndr1_0=>(c0_1(X58)|c3_1(X58)|~c2_1(X58)))|![X59]:(ndr1_0=>(c1_1(X59)|~c0_1(X59)|~c2_1(X59)))|![X60]:(ndr1_0=>(c2_1(X60)|~c0_1(X60)|~c3_1(X60))))&(![X61]:(ndr1_0=>(c0_1(X61)|~c1_1(X61)|~c2_1(X61)))|![X62]:(ndr1_0=>(c1_1(X62)|c3_1(X62)|~c0_1(X62)))|hskp18)&(![X63]:(ndr1_0=>(c0_1(X63)|~c1_1(X63)|~c2_1(X63)))|![X64]:(ndr1_0=>(c2_1(X64)|c3_1(X64)|~c1_1(X64)))|hskp2)&(![X65]:(ndr1_0=>(c0_1(X65)|~c1_1(X65)|~c2_1(X65)))|![X66]:(ndr1_0=>(c2_1(X66)|~c1_1(X66)|~c3_1(X66)))|hskp27)&(![X67]:(ndr1_0=>(c0_1(X67)|~c1_1(X67)|~c2_1(X67)))|hskp15|hskp3)&(![X68]:(ndr1_0=>(c0_1(X68)|~c2_1(X68)|~c3_1(X68)))|![X69]:(ndr1_0=>(c1_1(X69)|c2_1(X69)|~c0_1(X69)))|![X70]:(ndr1_0=>(c3_1(X70)|~c0_1(X70)|~c2_1(X70))))&(![X71]:(ndr1_0=>(c0_1(X71)|~c2_1(X71)|~c3_1(X71)))|![X72]:(ndr1_0=>(c1_1(X72)|c2_1(X72)|~c0_1(X72)))|hskp29)&(![X73]:(ndr1_0=>(c0_1(X73)|~c2_1(X73)|~c3_1(X73)))|![X74]:(ndr1_0=>(c1_1(X74)|~c2_1(X74)|~c3_1(X74)))|![X75]:(ndr1_0=>(c2_1(X75)|c3_1(X75)|~c0_1(X75))))&(![X76]:(ndr1_0=>(c0_1(X76)|~c2_1(X76)|~c3_1(X76)))|![X77]:(ndr1_0=>(c3_1(X77)|~c0_1(X77)|~c1_1(X77)))|hskp16)&(![X78]:(ndr1_0=>(c0_1(X78)|~c2_1(X78)|~c3_1(X78)))|![X79]:(ndr1_0=>(~c1_1(X79)|~c2_1(X79)|~c3_1(X79)))|hskp2)&(![X80]:(ndr1_0=>(c1_1(X80)|c2_1(X80)|c3_1(X80)))|![X81]:(ndr1_0=>(c1_1(X81)|c3_1(X81)|~c0_1(X81)))|hskp28)&(![X82]:(ndr1_0=>(c1_1(X82)|c2_1(X82)|c3_1(X82)))|![X83]:(ndr1_0=>(c1_1(X83)|~c0_1(X83)|~c3_1(X83)))|![X84]:(ndr1_0=>(~c0_1(X84)|~c2_1(X84)|~c3_1(X84))))&(![X85]:(ndr1_0=>(c1_1(X85)|c2_1(X85)|~c0_1(X85)))|![X86]:(ndr1_0=>(c1_1(X86)|c3_1(X86)|~c2_1(X86)))|hskp2)&(![X87]:(ndr1_0=>(c1_1(X87)|c2_1(X87)|~c0_1(X87)))|hskp30|hskp1)&(![X88]:(ndr1_0=>(c1_1(X88)|c2_1(X88)|~c0_1(X88)))|hskp16)&(![X89]:(ndr1_0=>(c1_1(X89)|c3_1(X89)|~c0_1(X89)))|![X90]:(ndr1_0=>(c1_1(X90)|~c0_1(X90)|~c2_1(X90)))|hskp19)&(![X91]:(ndr1_0=>(c1_1(X91)|c3_1(X91)|~c0_1(X91)))|hskp28|hskp20)&(![X92]:(ndr1_0=>(c1_1(X92)|c3_1(X92)|~c0_1(X92)))|hskp15|hskp0)&(![X93]:(ndr1_0=>(c1_1(X93)|c3_1(X93)|~c2_1(X93)))|![X94]:(ndr1_0=>(c3_1(X94)|~c0_1(X94)|~c1_1(X94)))|![X95]:(ndr1_0=>(~c0_1(X95)|~c1_1(X95)|~c3_1(X95))))&(![X96]:(ndr1_0=>(c1_1(X96)|~c0_1(X96)|~c2_1(X96)))|![X97]:(ndr1_0=>(c1_1(X97)|~c2_1(X97)|~c3_1(X97)))|hskp21)&(![X98]:(ndr1_0=>(c1_1(X98)|~c0_1(X98)|~c2_1(X98)))|![X99]:(ndr1_0=>(c1_1(X99)|~c2_1(X99)|~c3_1(X99)))|hskp10)&(![X100]:(ndr1_0=>(c1_1(X100)|~c0_1(X100)|~c2_1(X100)))|hskp28|hskp22)&(![X101]:(ndr1_0=>(c1_1(X101)|~c0_1(X101)|~c3_1(X101)))|hskp13|hskp16)&(![X102]:(ndr1_0=>(c1_1(X102)|~c2_1(X102)|~c3_1(X102)))|![X103]:(ndr1_0=>(~c0_1(X103)|~c2_1(X103)|~c3_1(X103)))|hskp27)&(![X104]:(ndr1_0=>(c2_1(X104)|c3_1(X104)|~c1_1(X104)))|hskp20|hskp16)&(![X105]:(ndr1_0=>(c2_1(X105)|c3_1(X105)|~c1_1(X105)))|hskp13|hskp16)&(![X106]:(ndr1_0=>(c2_1(X106)|~c0_1(X106)|~c1_1(X106)))|![X107]:(ndr1_0=>(c3_1(X107)|~c0_1(X107)|~c1_1(X107)))|hskp18)&(![X108]:(ndr1_0=>(c2_1(X108)|~c0_1(X108)|~c1_1(X108)))|![X109]:(ndr1_0=>(~c0_1(X109)|~c1_1(X109)|~c2_1(X109)))|hskp12)&(![X110]:(ndr1_0=>(c2_1(X110)|~c0_1(X110)|~c1_1(X110)))|hskp17|hskp10)&(![X111]:(ndr1_0=>(c3_1(X111)|~c0_1(X111)|~c1_1(X111)))|hskp29|hskp9)&(![X112]:(ndr1_0=>(c3_1(X112)|~c0_1(X112)|~c2_1(X112)))|hskp11|hskp10)&(![X113]:(ndr1_0=>(c3_1(X113)|~c1_1(X113)|~c2_1(X113)))|![X114]:(ndr1_0=>(~c0_1(X114)|~c2_1(X114)|~c3_1(X114)))|hskp7)&(![X115]:(ndr1_0=>(c3_1(X115)|~c1_1(X115)|~c2_1(X115)))|hskp0|hskp22)&(![X116]:(ndr1_0=>(~c0_1(X116)|~c1_1(X116)|~c3_1(X116)))|hskp27|hskp22)&(![X117]:(ndr1_0=>(~c0_1(X117)|~c2_1(X117)|~c3_1(X117)))|hskp11|hskp1)&(![X118]:(ndr1_0=>(~c1_1(X118)|~c2_1(X118)|~c3_1(X118)))|hskp27|hskp16)&(![X119]:(ndr1_0=>(~c1_1(X119)|~c2_1(X119)|~c3_1(X119)))|hskp13|hskp19)&(hskp8|hskp4|hskp23)&(hskp5|hskp2|hskp19)&(hskp5|hskp19|hskp16)&(hskp15|hskp3|hskp16)&(hskp13|hskp0|hskp10)&(hskp13|hskp24|hskp14)&(hskp21|hskp25|hskp22)&(hskp24|hskp26|hskp17)&(hskp24|hskp2|hskp9)&(hskp17|hskp3|hskp16)))			
../../TPTP-v7.3.0/Problems/SYN/SYN381+1.p		Theorem	UNKNOWN		UNKNOWN		fof		((![X]:(?[Y]:big_q(X,Y)=>big_p(X))&![V]:?[U]:big_q(U,V)&![W,Z]:(big_q(W,Z)=>(big_q(Z,W)|big_q(Z,Z))))=>![Z]:big_p(Z))			
../../TPTP-v7.3.0/Problems/SYN/SYN706-1.p		Unsatisfiable	UNKNOWN		UNKNOWN		cnf					
../../TPTP-v7.3.0/Problems/SYN/SYN848-1.p		Unsatisfiable	UNKNOWN		UNKNOWN		cnf					
../../TPTP-v7.3.0/Problems/SYN/SYN792-1.p		Satisfiable	UNKNOWN		UNKNOWN		cnf					
../../TPTP-v7.3.0/Problems/SYN/SYN510+1.p		Theorem	UNKNOWN		UNKNOWN		fof		(~((~hskp0|(ndr1_0&c0_1(a536)&c2_1(a536)&~c3_1(a536)))&(~hskp1|(ndr1_0&c2_1(a537)&~c1_1(a537)&~c3_1(a537)))&(~hskp2|(ndr1_0&~c1_1(a538)&~c2_1(a538)&~c3_1(a538)))&(~hskp3|(ndr1_0&c0_1(a539)&~c2_1(a539)&~c3_1(a539)))&(~hskp4|(ndr1_0&c3_1(a540)&~c1_1(a540)&~c2_1(a540)))&(~hskp5|(ndr1_0&c0_1(a544)&c1_1(a544)&~c3_1(a544)))&(~hskp6|(ndr1_0&c3_1(a546)&~c0_1(a546)&~c1_1(a546)))&(~hskp7|(ndr1_0&c2_1(a547)&~c0_1(a547)&~c3_1(a547)))&(~hskp8|(ndr1_0&c1_1(a548)&c2_1(a548)&~c0_1(a548)))&(~hskp9|(ndr1_0&~c0_1(a549)&~c1_1(a549)&~c2_1(a549)))&(~hskp10|(ndr1_0&c1_1(a551)&c3_1(a551)&~c0_1(a551)))&(~hskp11|(ndr1_0&c1_1(a553)&c3_1(a553)&~c2_1(a553)))&(~hskp12|(ndr1_0&c0_1(a564)&c3_1(a564)&~c1_1(a564)))&(~hskp13|(ndr1_0&c0_1(a565)&c3_1(a565)&~c2_1(a565)))&(~hskp14|(ndr1_0&c2_1(a566)&c3_1(a566)&~c0_1(a566)))&(~hskp15|(ndr1_0&c0_1(a567)&c1_1(a567)&~c2_1(a567)))&(~hskp16|(ndr1_0&c1_1(a570)&~c2_1(a570)&~c3_1(a570)))&(~hskp17|(ndr1_0&c0_1(a571)&~c1_1(a571)&~c2_1(a571)))&(~hskp18|(ndr1_0&~c0_1(a573)&~c1_1(a573)&~c3_1(a573)))&(~hskp19|(ndr1_0&c0_1(a576)&~c1_1(a576)&~c3_1(a576)))&(~hskp20|(ndr1_0&c1_1(a580)&~c0_1(a580)&~c3_1(a580)))&(~hskp21|(ndr1_0&c2_1(a582)&c3_1(a582)&~c1_1(a582)))&(~hskp22|(ndr1_0&c3_1(a584)&~c0_1(a584)&~c2_1(a584)))&(~hskp23|(ndr1_0&~c0_1(a587)&~c2_1(a587)&~c3_1(a587)))&(~hskp24|(ndr1_0&c1_1(a590)&~c0_1(a590)&~c2_1(a590)))&(~hskp25|(ndr1_0&c2_1(a594)&~c0_1(a594)&~c1_1(a594)))&(~hskp26|(ndr1_0&c1_1(a604)&c2_1(a604)&~c3_1(a604)))&(~hskp27|(ndr1_0&c0_1(a615)&c2_1(a615)&~c1_1(a615)))&(~hskp28|(ndr1_0&c0_1(a541)&c1_1(a541)&c2_1(a541)))&(~hskp29|(ndr1_0&c0_1(a552)&c2_1(a552)&c3_1(a552)))&(~hskp30|(ndr1_0&c1_1(a562)&c2_1(a562)&c3_1(a562)))&(~hskp31|(ndr1_0&c0_1(a563)&c1_1(a563)&c3_1(a563)))&(![U]:(ndr1_0=>(c0_1(U)|c1_1(U)|c2_1(U)))|![V]:(ndr1_0=>(c0_1(V)|c1_1(V)|~c3_1(V)))|hskp0)&(![W]:(ndr1_0=>(c0_1(W)|c1_1(W)|c2_1(W)))|![X]:(ndr1_0=>(c1_1(X)|~c0_1(X)|~c3_1(X)))|hskp1)&(![Y]:(ndr1_0=>(c0_1(Y)|c1_1(Y)|c2_1(Y)))|![Z]:(ndr1_0=>(~c0_1(Z)|~c1_1(Z)|~c2_1(Z)))|hskp2)&(![X1]:(ndr1_0=>(c0_1(X1)|c1_1(X1)|c3_1(X1)))|![X2]:(ndr1_0=>(c1_1(X2)|c2_1(X2)|~c3_1(X2)))|hskp3)&(![X3]:(ndr1_0=>(c0_1(X3)|c1_1(X3)|c3_1(X3)))|![X4]:(ndr1_0=>(c1_1(X4)|c3_1(X4)|~c0_1(X4)))|![X5]:(ndr1_0=>(c2_1(X5)|~c0_1(X5)|~c1_1(X5))))&(![X6]:(ndr1_0=>(c0_1(X6)|c1_1(X6)|c3_1(X6)))|![X7]:(ndr1_0=>(c2_1(X7)|~c0_1(X7)|~c3_1(X7)))|hskp4)&(![X8]:(ndr1_0=>(c0_1(X8)|c1_1(X8)|c3_1(X8)))|hskp28|hskp2)&(![X9]:(ndr1_0=>(c0_1(X9)|c1_1(X9)|~c2_1(X9)))|![X10]:(ndr1_0=>(c0_1(X10)|c1_1(X10)|~c3_1(X10)))|![X11]:(ndr1_0=>(c0_1(X11)|~c2_1(X11)|~c3_1(X11))))&(![X12]:(ndr1_0=>(c0_1(X12)|c1_1(X12)|~c3_1(X12)))|![X13]:(ndr1_0=>(~c0_1(X13)|~c1_1(X13)|~c2_1(X13)))|hskp1)&(![X14]:(ndr1_0=>(c0_1(X14)|c1_1(X14)|~c3_1(X14)))|hskp5|hskp2)&(![X15]:(ndr1_0=>(c0_1(X15)|c2_1(X15)|c3_1(X15)))|![X16]:(ndr1_0=>(c1_1(X16)|~c0_1(X16)|~c2_1(X16)))|hskp6)&(![X17]:(ndr1_0=>(c0_1(X17)|c2_1(X17)|c3_1(X17)))|![X18]:(ndr1_0=>(c2_1(X18)|~c0_1(X18)|~c1_1(X18)))|![X19]:(ndr1_0=>(~c0_1(X19)|~c1_1(X19)|~c3_1(X19))))&(![X20]:(ndr1_0=>(c0_1(X20)|c2_1(X20)|c3_1(X20)))|![X21]:(ndr1_0=>(c2_1(X21)|~c0_1(X21)|~c3_1(X21)))|hskp7)&(![X22]:(ndr1_0=>(c0_1(X22)|c2_1(X22)|c3_1(X22)))|hskp8|hskp9)&(![X23]:(ndr1_0=>(c0_1(X23)|c2_1(X23)|~c1_1(X23)))|![X24]:(ndr1_0=>(c0_1(X24)|c2_1(X24)|~c3_1(X24)))|![X25]:(ndr1_0=>(c1_1(X25)|c3_1(X25)|~c0_1(X25))))&(![X26]:(ndr1_0=>(c0_1(X26)|c2_1(X26)|~c1_1(X26)))|![X27]:(ndr1_0=>(c0_1(X27)|~c2_1(X27)|~c3_1(X27)))|![X28]:(ndr1_0=>(~c1_1(X28)|~c2_1(X28)|~c3_1(X28))))&(![X29]:(ndr1_0=>(c0_1(X29)|c2_1(X29)|~c1_1(X29)))|hskp8|hskp10)&(![X30]:(ndr1_0=>(c0_1(X30)|c2_1(X30)|~c3_1(X30)))|hskp29|hskp11)&(![X31]:(ndr1_0=>(c0_1(X31)|c3_1(X31)|~c1_1(X31)))|![X32]:(ndr1_0=>(~c0_1(X32)|~c1_1(X32)|~c2_1(X32)))|hskp11)&(![X33]:(ndr1_0=>(c0_1(X33)|c3_1(X33)|~c1_1(X33)))|![X34]:(ndr1_0=>(~c0_1(X34)|~c1_1(X34)|~c3_1(X34)))|![X35]:(ndr1_0=>(~c0_1(X35)|~c2_1(X35)|~c3_1(X35))))&(![X36]:(ndr1_0=>(c0_1(X36)|c3_1(X36)|~c1_1(X36)))|hskp11|hskp9)&(![X37]:(ndr1_0=>(c0_1(X37)|c3_1(X37)|~c2_1(X37)))|![X38]:(ndr1_0=>(~c0_1(X38)|~c2_1(X38)|~c3_1(X38)))|hskp0)&(![X39]:(ndr1_0=>(c0_1(X39)|~c1_1(X39)|~c2_1(X39)))|hskp10|hskp9)&(![X40]:(ndr1_0=>(c0_1(X40)|~c1_1(X40)|~c3_1(X40)))|![X41]:(ndr1_0=>(c2_1(X41)|~c0_1(X41)|~c1_1(X41)))|hskp6)&(![X42]:(ndr1_0=>(c0_1(X42)|~c1_1(X42)|~c3_1(X42)))|hskp0|hskp30)&(![X43]:(ndr1_0=>(c0_1(X43)|~c2_1(X43)|~c3_1(X43)))|![X44]:(ndr1_0=>(c1_1(X44)|c3_1(X44)|~c2_1(X44)))|![X45]:(ndr1_0=>(c2_1(X45)|~c0_1(X45)|~c3_1(X45))))&(![X46]:(ndr1_0=>(c0_1(X46)|~c2_1(X46)|~c3_1(X46)))|![X47]:(ndr1_0=>(c1_1(X47)|~c0_1(X47)|~c2_1(X47)))|hskp31)&(![X48]:(ndr1_0=>(c0_1(X48)|~c2_1(X48)|~c3_1(X48)))|![X49]:(ndr1_0=>(~c0_1(X49)|~c1_1(X49)|~c2_1(X49)))|hskp12)&(![X50]:(ndr1_0=>(c0_1(X50)|~c2_1(X50)|~c3_1(X50)))|hskp13|hskp14)&(![X51]:(ndr1_0=>(c1_1(X51)|c2_1(X51)|c3_1(X51)))|hskp15|hskp2)&(![X52]:(ndr1_0=>(c1_1(X52)|c2_1(X52)|c3_1(X52)))|hskp3|hskp16)&(![X53]:(ndr1_0=>(c1_1(X53)|c2_1(X53)|~c0_1(X53)))|![X54]:(ndr1_0=>(c2_1(X54)|~c0_1(X54)|~c1_1(X54)))|hskp17)&(![X55]:(ndr1_0=>(c1_1(X55)|c2_1(X55)|~c0_1(X55)))|![X56]:(ndr1_0=>(c3_1(X56)|~c0_1(X56)|~c1_1(X56)))|hskp12)&(![X57]:(ndr1_0=>(c1_1(X57)|c2_1(X57)|~c0_1(X57)))|![X58]:(ndr1_0=>(c3_1(X58)|~c1_1(X58)|~c2_1(X58)))|hskp18)&(![X59]:(ndr1_0=>(c1_1(X59)|c2_1(X59)|~c0_1(X59)))|hskp12|hskp11)&(![X60]:(ndr1_0=>(c1_1(X60)|c2_1(X60)|~c3_1(X60)))|hskp19|hskp9)&(![X61]:(ndr1_0=>(c1_1(X61)|c3_1(X61)|~c0_1(X61)))|![X62]:(ndr1_0=>(~c0_1(X62)|~c1_1(X62)|~c2_1(X62)))|hskp13)&(![X63]:(ndr1_0=>(c1_1(X63)|c3_1(X63)|~c0_1(X63)))|hskp13|hskp20)&(![X64]:(ndr1_0=>(c1_1(X64)|c3_1(X64)|~c2_1(X64)))|hskp29|hskp21)&(![X65]:(ndr1_0=>(c1_1(X65)|~c0_1(X65)|~c2_1(X65)))|![X66]:(ndr1_0=>(c1_1(X66)|~c2_1(X66)|~c3_1(X66)))|hskp19)&(![X67]:(ndr1_0=>(c1_1(X67)|~c0_1(X67)|~c2_1(X67)))|![X68]:(ndr1_0=>(c2_1(X68)|c3_1(X68)|~c1_1(X68)))|hskp22)&(![X69]:(ndr1_0=>(c1_1(X69)|~c0_1(X69)|~c2_1(X69)))|![X70]:(ndr1_0=>(c2_1(X70)|~c0_1(X70)|~c1_1(X70)))|hskp7)&(![X71]:(ndr1_0=>(c1_1(X71)|~c0_1(X71)|~c2_1(X71)))|![X72]:(ndr1_0=>(c2_1(X72)|~c1_1(X72)|~c3_1(X72)))|hskp3)&(![X73]:(ndr1_0=>(c1_1(X73)|~c0_1(X73)|~c2_1(X73)))|![X74]:(ndr1_0=>(~c0_1(X74)|~c1_1(X74)|~c2_1(X74)))|hskp23)&(![X75]:(ndr1_0=>(c1_1(X75)|~c0_1(X75)|~c3_1(X75)))|![X76]:(ndr1_0=>(c2_1(X76)|~c0_1(X76)|~c3_1(X76)))|![X77]:(ndr1_0=>(c3_1(X77)|~c0_1(X77)|~c2_1(X77))))&(![X78]:(ndr1_0=>(c2_1(X78)|c3_1(X78)|~c0_1(X78)))|![X79]:(ndr1_0=>(~c0_1(X79)|~c2_1(X79)|~c3_1(X79))))&(![X80]:(ndr1_0=>(c2_1(X80)|c3_1(X80)|~c0_1(X80)))|hskp21|hskp22)&(![X81]:(ndr1_0=>(c2_1(X81)|c3_1(X81)|~c1_1(X81)))|![X82]:(ndr1_0=>(~c0_1(X82)|~c1_1(X82)|~c3_1(X82)))|hskp24)&(![X83]:(ndr1_0=>(c2_1(X83)|c3_1(X83)|~c1_1(X83)))|![X84]:(ndr1_0=>(~c0_1(X84)|~c2_1(X84)|~c3_1(X84)))|hskp14)&(![X85]:(ndr1_0=>(c2_1(X85)|c3_1(X85)|~c1_1(X85)))|hskp3|hskp6)&(![X86]:(ndr1_0=>(c2_1(X86)|c3_1(X86)|~c1_1(X86)))|hskp25|hskp4)&(![X87]:(ndr1_0=>(c2_1(X87)|~c0_1(X87)|~c3_1(X87)))|hskp15|hskp0)&(![X88]:(ndr1_0=>(c2_1(X88)|~c1_1(X88)|~c3_1(X88)))|hskp3|hskp6)&(![X89]:(ndr1_0=>(c3_1(X89)|~c0_1(X89)|~c2_1(X89)))|hskp12|hskp21)&(![X90]:(ndr1_0=>(c3_1(X90)|~c0_1(X90)|~c2_1(X90)))|hskp30|hskp7)&(![X91]:(ndr1_0=>(c3_1(X91)|~c0_1(X91)|~c2_1(X91)))|hskp26|hskp24)&(![X92]:(ndr1_0=>(c3_1(X92)|~c0_1(X92)|~c2_1(X92)))|hskp14|hskp21)&(![X93]:(ndr1_0=>(c3_1(X93)|~c0_1(X93)|~c2_1(X93)))|hskp25|hskp9)&(![X94]:(ndr1_0=>(c3_1(X94)|~c1_1(X94)|~c2_1(X94)))|hskp5|hskp4)&(![X95]:(ndr1_0=>(~c0_1(X95)|~c1_1(X95)|~c2_1(X95)))|hskp26|hskp14)&(![X96]:(ndr1_0=>(~c0_1(X96)|~c1_1(X96)|~c3_1(X96)))|![X97]:(ndr1_0=>(~c0_1(X97)|~c2_1(X97)|~c3_1(X97)))|hskp14)&(![X98]:(ndr1_0=>(~c0_1(X98)|~c1_1(X98)|~c3_1(X98)))|hskp27|hskp26)&(![X99]:(ndr1_0=>(~c0_1(X99)|~c2_1(X99)|~c3_1(X99)))|hskp26|hskp4)&(![X100]:(ndr1_0=>(~c0_1(X100)|~c2_1(X100)|~c3_1(X100)))|hskp10|hskp14)&(![X101]:(ndr1_0=>(~c1_1(X101)|~c2_1(X101)|~c3_1(X101)))|hskp20|hskp14)&(hskp28|hskp15|hskp23)&(hskp31|hskp12|hskp14)&(hskp31|hskp10|hskp16)&(hskp31|hskp20|hskp22)&(hskp5|hskp27|hskp25)&(hskp5|hskp10|hskp14)&(hskp12|hskp7|hskp4)&(hskp13|hskp24|hskp6)&(hskp13|hskp14|hskp6)&(hskp13|hskp25|hskp22)&(hskp3|hskp24|hskp18)&(hskp26|hskp7|hskp22)&(hskp26|hskp6|hskp2)&(hskp24|hskp9|hskp2)&(hskp21|hskp22|hskp23)))			
../../TPTP-v7.3.0/Problems/SYN/SYN291-1.p		Unsatisfiable	UNKNOWN		UNKNOWN		cnf					
../../TPTP-v7.3.0/Problems/SYN/SYN823-1.p		Satisfiable	UNKNOWN		UNKNOWN		cnf					
../../TPTP-v7.3.0/Problems/SYN/SYN884-1.p		Unsatisfiable	UNKNOWN		UNKNOWN		cnf					
../../TPTP-v7.3.0/Problems/SYN/SYN893-1.p		Unsatisfiable	UNKNOWN		UNKNOWN		cnf					
../../TPTP-v7.3.0/Problems/SYN/SYN315+1.p		Theorem	UNKNOWN		UNKNOWN		fof		(?[X]:![Y]:((big_f(X)<=>p)=>(big_f(Y)<=>p)))			
../../TPTP-v7.3.0/Problems/SYN/SYN864-1.p		Satisfiable	UNKNOWN		UNKNOWN		cnf					
../../TPTP-v7.3.0/Problems/SYN/SYN100-1.005.p		Unsatisfiable	UNKNOWN		UNKNOWN		cnf	(p_0(X)|~p_1(X)|~p_2(X)),(p_0(X)|~q_1(X)|~q_2(X)),(p_1(X)|~p_2(X)|~p_3(X)),(p_1(X)|~q_2(X)|~q_3(X)),(p_2(X)|~p_3(X)|~p_4(X)),(p_2(X)|~q_3(X)|~q_4(X)),(p_3(X)|~p_4(X)|~p_5(X)),(p_3(X)|~q_4(X)|~q_5(X)),(p_4(X)|~p_5(X)|~p_6(X)),(p_4(X)|~q_5(X)|~q_6(X)),(p_5(X)|~p_6(X)|~p_7(X)),(p_5(X)|~q_6(X)|~q_7(X)),(p_6(X)|~p_7(X)|~p_8(X)),(p_6(X)|~q_7(X)|~q_8(X)),(p_7(X)|~p_8(X)|~p_9(X)),(p_7(X)|~q_8(X)|~q_9(X)),(q_0(X)|~p_1(X)|~q_2(X)),(q_0(X)|~q_1(X)|~p_2(X)),(q_1(X)|~p_2(X)|~q_3(X)),(q_1(X)|~q_2(X)|~p_3(X)),(q_2(X)|~p_3(X)|~q_4(X)),(q_2(X)|~q_3(X)|~p_4(X)),(q_3(X)|~p_4(X)|~q_5(X)),(q_3(X)|~q_4(X)|~p_5(X)),(q_4(X)|~p_5(X)|~q_6(X)),(q_4(X)|~q_5(X)|~p_6(X)),(q_5(X)|~p_6(X)|~q_7(X)),(q_5(X)|~q_6(X)|~p_7(X)),(q_6(X)|~p_7(X)|~q_8(X)),(q_6(X)|~q_7(X)|~p_8(X)),(q_7(X)|~p_8(X)|~q_9(X)),(q_7(X)|~q_8(X)|~p_9(X)),(p_9(X)|~p_4(X)),(p_10(X)|~p_5(X)),(q_9(X)|~q_4(X)),(q_10(X)|~q_5(X)),(p_8(a)),(p_9(a)),(q_8(a)),(q_9(a)),(sym_p_0(X)|sym_q_0(X)),(~sym_p_0(X)|sym_p_1(X)|sym_p_2(X)),(~sym_p_0(X)|sym_q_1(X)|sym_q_2(X)),(~sym_p_1(X)|sym_p_2(X)|sym_p_3(X)),(~sym_p_1(X)|sym_q_2(X)|sym_q_3(X)),(~sym_p_2(X)|sym_p_3(X)|sym_p_4(X)),(~sym_p_2(X)|sym_q_3(X)|sym_q_4(X)),(~sym_p_3(X)|sym_p_4(X)|sym_p_5(X)),(~sym_p_3(X)|sym_q_4(X)|sym_q_5(X)),(~sym_p_4(X)|sym_p_5(X)|sym_p_6(X)),(~sym_p_4(X)|sym_q_5(X)|sym_q_6(X)),(~sym_p_5(X)|sym_p_6(X)|sym_p_7(X)),(~sym_p_5(X)|sym_q_6(X)|sym_q_7(X)),(~sym_p_6(X)|sym_p_7(X)|sym_p_8(X)),(~sym_p_6(X)|sym_q_7(X)|sym_q_8(X)),(~sym_p_7(X)|sym_p_8(X)|sym_p_9(X)),(~sym_p_7(X)|sym_q_8(X)|sym_q_9(X)),(~sym_q_0(X)|sym_p_1(X)|sym_q_2(X)),(~sym_q_0(X)|sym_q_1(X)|sym_p_2(X)),(~sym_q_1(X)|sym_p_2(X)|sym_q_3(X)),(~sym_q_1(X)|sym_q_2(X)|sym_p_3(X)),(~sym_q_2(X)|sym_p_3(X)|sym_q_4(X)),(~sym_q_2(X)|sym_q_3(X)|sym_p_4(X)),(~sym_q_3(X)|sym_p_4(X)|sym_q_5(X)),(~sym_q_3(X)|sym_q_4(X)|sym_p_5(X)),(~sym_q_4(X)|sym_p_5(X)|sym_q_6(X)),(~sym_q_4(X)|sym_q_5(X)|sym_p_6(X)),(~sym_q_5(X)|sym_p_6(X)|sym_q_7(X)),(~sym_q_5(X)|sym_q_6(X)|sym_p_7(X)),(~sym_q_6(X)|sym_p_7(X)|sym_q_8(X)),(~sym_q_6(X)|sym_q_7(X)|sym_p_8(X)),(~sym_q_7(X)|sym_p_8(X)|sym_q_9(X)),(~sym_q_7(X)|sym_q_8(X)|sym_p_9(X)),(~sym_p_9(X)|sym_p_4(X)),(~sym_p_10(X)|sym_p_5(X)),(~sym_q_9(X)|sym_q_4(X)),(~sym_q_10(X)|sym_q_5(X)),(~sym_p_8(a)),(~sym_p_9(a)),(~sym_q_8(a)),(~sym_q_9(a)),(p_0(X)|~p_1(X)|~p_2(X)),(p_0(X)|~q_1(X)|~q_2(X)),(p_1(X)|~p_2(X)|~p_3(X)),(p_1(X)|~q_2(X)|~q_3(X)),(p_2(X)|~p_3(X)|~p_4(X)),(p_2(X)|~q_3(X)|~q_4(X)),(p_3(X)|~p_4(X)|~p_5(X)),(p_3(X)|~q_4(X)|~q_5(X)),(p_4(X)|~p_5(X)|~p_6(X)),(p_4(X)|~q_5(X)|~q_6(X)),(p_5(X)|~p_6(X)|~p_7(X)),(p_5(X)|~q_6(X)|~q_7(X)),(p_6(X)|~p_7(X)|~p_8(X)),(p_6(X)|~q_7(X)|~q_8(X)),(p_7(X)|~p_8(X)|~p_9(X)),(p_7(X)|~q_8(X)|~q_9(X)),(q_0(X)|~p_1(X)|~q_2(X)),(q_0(X)|~q_1(X)|~p_2(X)),(q_1(X)|~p_2(X)|~q_3(X)),(q_1(X)|~q_2(X)|~p_3(X)),(q_2(X)|~p_3(X)|~q_4(X)),(q_2(X)|~q_3(X)|~p_4(X)),(q_3(X)|~p_4(X)|~q_5(X)),(q_3(X)|~q_4(X)|~p_5(X)),(q_4(X)|~p_5(X)|~q_6(X)),(q_4(X)|~q_5(X)|~p_6(X)),(q_5(X)|~p_6(X)|~q_7(X)),(q_5(X)|~q_6(X)|~p_7(X)),(q_6(X)|~p_7(X)|~q_8(X)),(q_6(X)|~q_7(X)|~p_8(X)),(q_7(X)|~p_8(X)|~q_9(X)),(q_7(X)|~q_8(X)|~p_9(X)),(p_9(X)|~p_4(X)),(p_10(X)|~p_5(X)),(q_9(X)|~q_4(X)),(q_10(X)|~q_5(X)),(p_8(a)),(p_9(a)),(q_8(a)),(q_9(a)),(sym_p_0(X)|sym_q_0(X)),(~sym_p_0(X)|sym_p_1(X)|sym_p_2(X)),(~sym_p_0(X)|sym_q_1(X)|sym_q_2(X)),(~sym_p_1(X)|sym_p_2(X)|sym_p_3(X)),(~sym_p_1(X)|sym_q_2(X)|sym_q_3(X)),(~sym_p_2(X)|sym_p_3(X)|sym_p_4(X)),(~sym_p_2(X)|sym_q_3(X)|sym_q_4(X)),(~sym_p_3(X)|sym_p_4(X)|sym_p_5(X)),(~sym_p_3(X)|sym_q_4(X)|sym_q_5(X)),(~sym_p_4(X)|sym_p_5(X)|sym_p_6(X)),(~sym_p_4(X)|sym_q_5(X)|sym_q_6(X)),(~sym_p_5(X)|sym_p_6(X)|sym_p_7(X)),(~sym_p_5(X)|sym_q_6(X)|sym_q_7(X)),(~sym_p_6(X)|sym_p_7(X)|sym_p_8(X)),(~sym_p_6(X)|sym_q_7(X)|sym_q_8(X)),(~sym_p_7(X)|sym_p_8(X)|sym_p_9(X)),(~sym_p_7(X)|sym_q_8(X)|sym_q_9(X)),(~sym_q_0(X)|sym_p_1(X)|sym_q_2(X)),(~sym_q_0(X)|sym_q_1(X)|sym_p_2(X)),(~sym_q_1(X)|sym_p_2(X)|sym_q_3(X)),(~sym_q_1(X)|sym_q_2(X)|sym_p_3(X)),(~sym_q_2(X)|sym_p_3(X)|sym_q_4(X)),(~sym_q_2(X)|sym_q_3(X)|sym_p_4(X)),(~sym_q_3(X)|sym_p_4(X)|sym_q_5(X)),(~sym_q_3(X)|sym_q_4(X)|sym_p_5(X)),(~sym_q_4(X)|sym_p_5(X)|sym_q_6(X)),(~sym_q_4(X)|sym_q_5(X)|sym_p_6(X)),(~sym_q_5(X)|sym_p_6(X)|sym_q_7(X)),(~sym_q_5(X)|sym_q_6(X)|sym_p_7(X)),(~sym_q_6(X)|sym_p_7(X)|sym_q_8(X)),(~sym_q_6(X)|sym_q_7(X)|sym_p_8(X)),(~sym_q_7(X)|sym_p_8(X)|sym_q_9(X)),(~sym_q_7(X)|sym_q_8(X)|sym_p_9(X)),(~sym_p_9(X)|sym_p_4(X)),(~sym_p_10(X)|sym_p_5(X)),(~sym_q_9(X)|sym_q_4(X)),(~sym_q_10(X)|sym_q_5(X)),(~sym_p_8(a)),(~sym_p_9(a)),(~sym_q_8(a)),(~sym_q_9(a))				
../../TPTP-v7.3.0/Problems/SYN/SYN338+1.p		Theorem	UNKNOWN		UNKNOWN		fof		(?[X]:![Y]:?[Z]:(big_f(X,Y)=>(big_f(Z,X)=>big_f(Y,Y))))			
../../TPTP-v7.3.0/Problems/SYN/SYN495+1.p		CounterSatisfiable	UNKNOWN		UNKNOWN		fof		(~((~hskp0|(ndr1_0&c3_1(a61)&c1_1(a61)&~c2_1(a61)))&(~hskp1|(ndr1_0&c0_1(a66)&c1_1(a66)&~c3_1(a66)))&(~hskp2|(ndr1_0&~c0_1(a69)&c3_1(a69)&~c2_1(a69)))&(~hskp3|(ndr1_0&c0_1(a71)&c3_1(a71)&~c1_1(a71)))&(~hskp4|(ndr1_0&c1_1(a73)&c0_1(a73)&~c2_1(a73)))&(~hskp5|(ndr1_0&~c0_1(a75)&c2_1(a75)&~c1_1(a75)))&(~hskp6|(ndr1_0&c0_1(a76)&c1_1(a76)&~c2_1(a76)))&(~hskp7|(ndr1_0&~c2_1(a77)&c3_1(a77)&~c0_1(a77)))&(~hskp8|(ndr1_0&~c1_1(a62)&c3_1(a62)&c0_1(a62)))&(~hskp9|(ndr1_0&c2_1(a63)&~c1_1(a63)&c3_1(a63)))&(~hskp10|(ndr1_0&~c3_1(a64)&~c2_1(a64)&c0_1(a64)))&(~hskp11|(ndr1_0&~c1_1(a65)&~c0_1(a65)&c2_1(a65)))&(~hskp12|(ndr1_0&~c3_1(a67)&~c2_1(a67)&c1_1(a67)))&(~hskp13|(ndr1_0&~c1_1(a68)&c2_1(a68)&c0_1(a68)))&(~hskp14|(ndr1_0&~c0_1(a70)&c3_1(a70)&c1_1(a70)))&(~hskp15|(ndr1_0&c1_1(a72)&c3_1(a72)&c0_1(a72)))&(~hskp16|(ndr1_0&~c1_1(a74)&c2_1(a74)&c3_1(a74)))&(hskp0|![U]:(ndr1_0=>(c2_1(U)|c1_1(U)|c3_1(U)))|hskp8)&(hskp9|![V]:(ndr1_0=>(c3_1(V)|~c0_1(V)|~c1_1(V)))|hskp10)&(hskp11|hskp1|hskp12)&(hskp13|hskp2|hskp14)&(hskp3|![W]:(ndr1_0=>(c0_1(W)|~c1_1(W)|~c3_1(W)))|hskp15)&(hskp4|![X]:(ndr1_0=>(c1_1(X)|c0_1(X)|~c3_1(X)))|![Y]:(ndr1_0=>(c1_1(Y)|~c0_1(Y)|~c2_1(Y))))&(hskp16|hskp5|hskp6)&(hskp7|![Z]:(ndr1_0=>(c0_1(Z)|~c3_1(Z)|c1_1(Z)))|hskp12)))			
../../TPTP-v7.3.0/Problems/SYN/SYN527+1.p		CounterSatisfiable	UNKNOWN		UNKNOWN		fof		(~((c2_0|(ndr1_0&![U]:(ndr1_1(a251)=>(c2_2(a251,U)|c4_2(a251,U)))&c5_1(a251))|(ndr1_0&ndr1_1(a252)&c4_2(a252,a253)&c1_2(a252,a253)&c5_2(a252,a253)))&(c3_0|![V]:(ndr1_0=>(~c2_1(V)|(ndr1_1(V)&c5_2(V,a254)&~c2_2(V,a254))|(ndr1_1(V)&~c1_2(V,a255)&~c5_2(V,a255)&c4_2(V,a255))))|c2_0)&(~c3_0|~c5_0|~c2_0)&(c4_0|(ndr1_0&~c4_1(a256)&![W]:(ndr1_1(a256)=>(c1_2(a256,W)|c4_2(a256,W)|c3_2(a256,W)))&ndr1_1(a256)&c1_2(a256,a257)&~c4_2(a256,a257)&~c3_2(a256,a257))|c2_0)&(c1_0|![X]:(ndr1_0=>(~c1_1(X)|~c4_1(X)|![Y]:(ndr1_1(X)=>(~c4_2(X,Y)|~c5_2(X,Y)|~c2_2(X,Y)))))|c4_0)&(~c1_0|c2_0)&((ndr1_0&ndr1_1(a258)&c3_2(a258,a259)&c5_2(a258,a259)&![Z]:(ndr1_1(a258)=>(c1_2(a258,Z)|c3_2(a258,Z)))&~c2_1(a258))|~c2_0)&((ndr1_0&c1_1(a260)&~c2_1(a260))|c1_0|~c2_0)&(~c2_0|~c1_0|~c4_0)&(![X1]:(ndr1_0=>((ndr1_1(X1)&c4_2(X1,a261)&c1_2(X1,a261)&c3_2(X1,a261))|c1_1(X1)))|c2_0)&((ndr1_0&c4_1(a262)&ndr1_1(a262)&c2_2(a262,a263)&~c5_2(a262,a263)&~c3_2(a262,a263)&~c5_1(a262))|~c1_0)&((ndr1_0&~c2_1(a264)&~c5_1(a264)&c4_1(a264))|c5_0|c3_0)&(~c3_0|~c4_0|(ndr1_0&ndr1_1(a265)&c1_2(a265,a266)&c5_2(a265,a266)&![X2]:(ndr1_1(a265)=>(c4_2(a265,X2)|~c2_2(a265,X2)|c3_2(a265,X2)))))&(~c5_0|~c1_0|(ndr1_0&c5_1(a267)&ndr1_1(a267)&c1_2(a267,a268)&~c4_2(a267,a268)&c3_2(a267,a268)))&(c3_0|![X3]:(ndr1_0=>(c2_1(X3)|~c4_1(X3))))&(![X4]:(ndr1_0=>(~c1_1(X4)|(ndr1_1(X4)&c5_2(X4,a269)&~c3_2(X4,a269))|c4_1(X4)))|(ndr1_0&c4_1(a270)&~c5_1(a270)&ndr1_1(a270)&c3_2(a270,a271)&c5_2(a270,a271)&~c2_2(a270,a271))|![X5]:(ndr1_0=>(~c5_1(X5)|c2_1(X5)|~c3_1(X5))))&(~c3_0|![X6]:(ndr1_0=>(![X7]:(ndr1_1(X6)=>(c1_2(X6,X7)|~c3_2(X6,X7)|~c2_2(X6,X7)))|(ndr1_1(X6)&~c1_2(X6,a272)&~c2_2(X6,a272))|(ndr1_1(X6)&c2_2(X6,a273)&~c5_2(X6,a273)))))&(c4_0|c5_0|c2_0)&((ndr1_0&~c5_1(a274)&c1_1(a274)&c4_1(a274))|~c1_0|~c5_0)&(c4_0|(ndr1_0&![X8]:(ndr1_1(a275)=>(c1_2(a275,X8)|c2_2(a275,X8)))&ndr1_1(a275)&c1_2(a275,a276)&c4_2(a275,a276)&~c5_2(a275,a276))|![X9]:(ndr1_0=>(~c2_1(X9)|c4_1(X9)|c3_1(X9))))&(c1_0|![X10]:(ndr1_0=>(c3_1(X10)|c4_1(X10)))|~c3_0)))			
../../TPTP-v7.3.0/Problems/SYN/SYN932+1.p		Theorem	YES	DTS/Alligator/AlexHappy/output/SYN932+1_dts.html	UNKNOWN		fof		(?[X]:c<=>c)			
../../TPTP-v7.3.0/Problems/SYN/SYN986+1.003.p		Theorem	UNKNOWN		UNKNOWN		fof		(?[Z3,Z2,Z1,Z0]:(r(zero,zero,Z3)&r(zero,Z3,Z2)&r(zero,Z2,Z1)&r(zero,Z1,Z0)))			
../../TPTP-v7.3.0/Problems/SYN/SYN261-1.p		Unsatisfiable	UNKNOWN		UNKNOWN		cnf					
../../TPTP-v7.3.0/Problems/SYN/SYN202-1.p		Unsatisfiable	UNKNOWN		UNKNOWN		cnf					
../../TPTP-v7.3.0/Problems/SYN/SYN728+1.p		Theorem	UNKNOWN		UNKNOWN		fof		((![X]:(?[Y]:p(X,Y)=>![Z]:p(Z,Z))&![R]:?[S]:(p(R,S)|(m(R)&q(f(R,S))))&![W]:(q(W)=>~m(g(W))))=>![U]:?[V]:(p(g(U),V)&p(U,U)))			
../../TPTP-v7.3.0/Problems/SYN/SYN802-1.p		Unsatisfiable	UNKNOWN		UNKNOWN		cnf					
../../TPTP-v7.3.0/Problems/SYN/SYN644-1.p		Unsatisfiable	UNKNOWN		UNKNOWN		cnf					
../../TPTP-v7.3.0/Problems/SYN/SYN741-1.p		Satisfiable	UNKNOWN		UNKNOWN		cnf					
../../TPTP-v7.3.0/Problems/SYN/SYN036+1.p		Theorem	UNKNOWN		UNKNOWN		fof		((?[X]:![Y]:(big_p(X)<=>big_p(Y))<=>(?[U]:big_q(U)<=>![W]:big_q(W)))<=>(?[X1]:![Y1]:(big_q(X1)<=>big_q(Y1))<=>(?[U1]:big_p(U1)<=>![W1]:big_p(W1))))			
../../TPTP-v7.3.0/Problems/SYN/SYN493+1.p		CounterSatisfiable	UNKNOWN		UNKNOWN		fof		(~((~hskp0|(ndr1_0&~c0_1(a39)&~c1_1(a39)&~c2_1(a39)))&(~hskp1|(ndr1_0&c3_1(a41)&~c2_1(a41)&~c0_1(a41)))&(~hskp2|(ndr1_0&~c0_1(a43)&c3_1(a43)&~c1_1(a43)))&(~hskp3|(ndr1_0&c3_1(a48)&c0_1(a48)&~c1_1(a48)))&(~hskp4|(ndr1_0&~c0_1(a38)&~c1_1(a38)&c2_1(a38)))&(~hskp5|(ndr1_0&~c0_1(a40)&~c2_1(a40)&c1_1(a40)))&(~hskp6|(ndr1_0&c3_1(a42)&~c0_1(a42)&c2_1(a42)))&(~hskp7|(ndr1_0&c1_1(a44)&c0_1(a44)&c3_1(a44)))&(~hskp8|(ndr1_0&c3_1(a45)&c2_1(a45)&c1_1(a45)))&(~hskp9|(ndr1_0&c0_1(a46)&c1_1(a46)&c3_1(a46)))&(~hskp10|(ndr1_0&c3_1(a47)&~c0_1(a47)&c1_1(a47)))&(hskp4|hskp0|![U]:(ndr1_0=>(c1_1(U)|~c2_1(U)|c0_1(U))))&(hskp5|hskp1|![V]:(ndr1_0=>(c0_1(V)|c2_1(V)|c3_1(V))))&(hskp6|hskp2|hskp7)&(![W]:(ndr1_0=>(~c0_1(W)|~c1_1(W)|~c3_1(W)))|![X]:(ndr1_0=>(c0_1(X)|c2_1(X)|c1_1(X)))|hskp8)&(![Y]:(ndr1_0=>(c1_1(Y)|c2_1(Y)|~c3_1(Y)))|![Z]:(ndr1_0=>(~c3_1(Z)|c0_1(Z)|c1_1(Z)))|![X1]:(ndr1_0=>(~c2_1(X1)|~c0_1(X1)|~c1_1(X1))))&(![X2]:(ndr1_0=>(c0_1(X2)|~c1_1(X2)|c3_1(X2)))|hskp9|![X3]:(ndr1_0=>(~c2_1(X3)|~c1_1(X3)|~c0_1(X3))))&(hskp10|![X4]:(ndr1_0=>(~c2_1(X4)|~c3_1(X4)|c0_1(X4)))|![X5]:(ndr1_0=>(~c3_1(X5)|~c1_1(X5)|c2_1(X5))))&(![X6]:(ndr1_0=>(~c2_1(X6)|~c1_1(X6)|c0_1(X6)))|hskp3|![X7]:(ndr1_0=>(~c2_1(X7)|~c1_1(X7)|~c0_1(X7))))))			
../../TPTP-v7.3.0/Problems/SYN/SYN825-1.p		Satisfiable	UNKNOWN		UNKNOWN		cnf					
../../TPTP-v7.3.0/Problems/SYN/SYN811-1.p		Satisfiable	UNKNOWN		UNKNOWN		cnf					
../../TPTP-v7.3.0/Problems/SYN/SYN886-1.p		Unsatisfiable	UNKNOWN		UNKNOWN		cnf					
../../TPTP-v7.3.0/Problems/SYN/SYN813-1.p		Unsatisfiable	UNKNOWN		UNKNOWN		cnf					
../../TPTP-v7.3.0/Problems/SYN/SYN951+1.p		Theorem	YES	DTS/Alligator/AlexHappy/output/SYN951+1_dts.html	UNKNOWN		fof		(?[X]:p(X)=>(?[X]:p(X)&(a=>((b|~b)&(q=>q)))))			
../../TPTP-v7.3.0/Problems/SYN/SYN408+1.p		Theorem	YES	DTS/Alligator/AlexHappy/output/SYN408+1_dts.html	UNKNOWN		fof		(~(?[X]:f(X))=>![Y]:(f(Y)=>g(Y)))			
../../TPTP-v7.3.0/Problems/SYN/SYN854-1.p		Satisfiable	UNKNOWN		UNKNOWN		cnf					
../../TPTP-v7.3.0/Problems/SYN/SYN226-1.p		Unsatisfiable	UNKNOWN		UNKNOWN		cnf					
../../TPTP-v7.3.0/Problems/SYN/SYN908-1.p		Satisfiable	UNKNOWN		UNKNOWN		cnf					
../../TPTP-v7.3.0/Problems/SYN/SYN902-1.p		Satisfiable	UNKNOWN		UNKNOWN		cnf					
../../TPTP-v7.3.0/Problems/SYN/SYN244-1.p		Unsatisfiable	UNKNOWN		UNKNOWN		cnf					
../../TPTP-v7.3.0/Problems/SYN/SYN158-1.p		Unsatisfiable	UNKNOWN		UNKNOWN		cnf					
../../TPTP-v7.3.0/Problems/SYN/SYN122-1.p		Unsatisfiable	UNKNOWN		UNKNOWN		cnf					
../../TPTP-v7.3.0/Problems/SYN/SYN544+1.p		CounterSatisfiable	UNKNOWN		UNKNOWN		fof		(~((![U]:(ndr1_0=>(~c7_1(U)|~c5_1(U)|c2_1(U)))|![V]:(ndr1_0=>((ndr1_1(V)&~c4_2(V,a1)&~c1_2(V,a1))|(ndr1_1(V)&~c1_2(V,a2)&c7_2(V,a2)&c4_2(V,a2))|(ndr1_1(V)&~c7_2(V,a3)&c6_2(V,a3))))|~c5_0)&(![W]:(ndr1_0=>(~c1_1(W)|(ndr1_1(W)&~c4_2(W,a4)&~c3_2(W,a4)&~c7_2(W,a4))|(ndr1_1(W)&~c4_2(W,a5)&c3_2(W,a5)&~c5_2(W,a5))))|![X]:(ndr1_0=>(![Y]:(ndr1_1(X)=>(~c2_2(X,Y)|~c4_2(X,Y)|~c5_2(X,Y)))|~c1_1(X)|c2_1(X)))|~c8_0)&(c5_0|![Z]:(ndr1_0=>((ndr1_1(Z)&c2_2(Z,a6)&~c7_2(Z,a6)&c8_2(Z,a6))|~c2_1(Z)|~c3_1(Z)))|![X1]:(ndr1_0=>((ndr1_1(X1)&c1_2(X1,a7)&c6_2(X1,a7)&c3_2(X1,a7))|~c8_1(X1)|![X2]:(ndr1_1(X1)=>(~c2_2(X1,X2)|c4_2(X1,X2)|c3_2(X1,X2))))))&(~c2_0|![X3]:(ndr1_0=>(~c5_1(X3)|(ndr1_1(X3)&~c4_2(X3,a8)&c2_2(X3,a8))))|(ndr1_0&c4_1(a9)&![X4]:(ndr1_1(a9)=>(~c1_2(a9,X4)|~c5_2(a9,X4)|~c4_2(a9,X4)))&c3_1(a9)))&(![X5]:(ndr1_0=>(![X6]:(ndr1_1(X5)=>(~c8_2(X5,X6)|c7_2(X5,X6)))|c7_1(X5)|![X7]:(ndr1_1(X5)=>(~c8_2(X5,X7)|~c2_2(X5,X7)|~c4_2(X5,X7)))))|c1_0|c2_0)&(![X8]:(ndr1_0=>(~c4_1(X8)|![X9]:(ndr1_1(X8)=>(c6_2(X8,X9)|~c2_2(X8,X9)))|~c5_1(X8)))|~c8_0|~c4_0)&(![X10]:(ndr1_0=>((ndr1_1(X10)&~c5_2(X10,a10)&c7_2(X10,a10)&~c6_2(X10,a10))|![X11]:(ndr1_1(X10)=>(c3_2(X10,X11)|c2_2(X10,X11)|~c1_2(X10,X11)))|~c1_1(X10)))|(ndr1_0&~c8_1(a11)&ndr1_1(a11)&~c3_2(a11,a12)&c5_2(a11,a12)&~c6_2(a11,a12))|c7_0)&(![X12]:(ndr1_0=>(![X13]:(ndr1_1(X12)=>(c5_2(X12,X13)|c1_2(X12,X13)))|~c1_1(X12)|(ndr1_1(X12)&~c2_2(X12,a13)&~c8_2(X12,a13)&c6_2(X12,a13))))|(ndr1_0&~c2_1(a14)&ndr1_1(a14)&c6_2(a14,a15)&c3_2(a14,a15)&~c7_2(a14,a15)&~c7_1(a14))|~c3_0)&(c2_0|~c8_0|(ndr1_0&~c2_1(a16)&~c8_1(a16)&c1_1(a16)))&(c7_0|c2_0|![X14]:(ndr1_0=>((ndr1_1(X14)&~c6_2(X14,a17)&c5_2(X14,a17)&c3_2(X14,a17))|c8_1(X14)|~c5_1(X14))))&(~c5_0|![X15]:(ndr1_0=>(c1_1(X15)|![X16]:(ndr1_1(X15)=>(c7_2(X15,X16)|~c2_2(X15,X16)))|![X17]:(ndr1_1(X15)=>(c5_2(X15,X17)|~c2_2(X15,X17)|c8_2(X15,X17)))))|c2_0)&(~c6_0|![X18]:(ndr1_0=>(![X19]:(ndr1_1(X18)=>(~c1_2(X18,X19)|~c7_2(X18,X19)|c2_2(X18,X19)))|c2_1(X18)|c3_1(X18)))|(ndr1_0&c6_1(a18)&c1_1(a18)))&(~c1_0|(ndr1_0&![X20]:(ndr1_1(a19)=>(c6_2(a19,X20)|c8_2(a19,X20)|c3_2(a19,X20)))&ndr1_1(a19)&c4_2(a19,a20)&~c7_2(a19,a20)&~c3_2(a19,a20)&ndr1_1(a19)&~c5_2(a19,a21)&c3_2(a19,a21)&c7_2(a19,a21))|~c2_0)&(![X21]:(ndr1_0=>((ndr1_1(X21)&~c7_2(X21,a22)&~c6_2(X21,a22))|(ndr1_1(X21)&~c6_2(X21,a23)&~c3_2(X21,a23)&~c2_2(X21,a23))|![X22]:(ndr1_1(X21)=>(~c8_2(X21,X22)|c1_2(X21,X22)|~c5_2(X21,X22)))))|c5_0|c8_0)&((ndr1_0&ndr1_1(a24)&~c6_2(a24,a25)&c3_2(a24,a25)&c1_2(a24,a25)&~c2_1(a24)&ndr1_1(a24)&~c7_2(a24,a26)&c2_2(a24,a26)&~c6_2(a24,a26))|(ndr1_0&c8_1(a27)&![X23]:(ndr1_1(a27)=>(c5_2(a27,X23)|c8_2(a27,X23)|~c7_2(a27,X23)))&ndr1_1(a27)&~c6_2(a27,a28)&c2_2(a27,a28)&~c4_2(a27,a28))|(ndr1_0&ndr1_1(a29)&c7_2(a29,a30)&c2_2(a29,a30)&c1_2(a29,a30)&ndr1_1(a29)&c5_2(a29,a31)&c6_2(a29,a31)&![X24]:(ndr1_1(a29)=>(c1_2(a29,X24)|~c6_2(a29,X24)|c5_2(a29,X24)))))&((ndr1_0&![X25]:(ndr1_1(a32)=>(c4_2(a32,X25)|c1_2(a32,X25)))&![X26]:(ndr1_1(a32)=>(c6_2(a32,X26)|c1_2(a32,X26)|~c3_2(a32,X26)))&c2_1(a32))|![X27]:(ndr1_0=>(c1_1(X27)|(ndr1_1(X27)&c4_2(X27,a33)&c1_2(X27,a33)&c3_2(X27,a33))|~c4_1(X27)))|~c1_0)&((ndr1_0&![X28]:(ndr1_1(a34)=>~c7_2(a34,X28))&![X29]:(ndr1_1(a34)=>(~c1_2(a34,X29)|c2_2(a34,X29)|c7_2(a34,X29)))&![X30]:(ndr1_1(a34)=>(c1_2(a34,X30)|~c8_2(a34,X30)|c4_2(a34,X30))))|c2_0|c3_0)&((ndr1_0&![X31]:(ndr1_1(a35)=>(c8_2(a35,X31)|~c1_2(a35,X31)|~c2_2(a35,X31)))&ndr1_1(a35)&~c2_2(a35,a36)&~c3_2(a35,a36)&~c4_2(a35,a36)&~c4_1(a35))|(ndr1_0&~c6_1(a37)&ndr1_1(a37)&c5_2(a37,a38)&c4_2(a37,a38)&c3_2(a37,a38)&~c1_1(a37))|(ndr1_0&ndr1_1(a39)&c5_2(a39,a40)&c3_2(a39,a40)&~c4_2(a39,a40)&![X32]:(ndr1_1(a39)=>(~c8_2(a39,X32)|c7_2(a39,X32)))&ndr1_1(a39)&~c5_2(a39,a41)&c6_2(a39,a41)&~c2_2(a39,a41)))&(c2_0|c7_0|~c4_0)&(~c8_0|![X33]:(ndr1_0=>(![X34]:(ndr1_1(X33)=>(~c2_2(X33,X34)|c3_2(X33,X34)|~c6_2(X33,X34)))|~c8_1(X33)|c7_1(X33)))|(ndr1_0&ndr1_1(a42)&~c7_2(a42,a43)&c8_2(a42,a43)&~c3_2(a42,a43)&~c7_1(a42)&![X35]:(ndr1_1(a42)=>(c1_2(a42,X35)|~c7_2(a42,X35)|c4_2(a42,X35)))))&((ndr1_0&~c2_1(a44)&ndr1_1(a44)&c5_2(a44,a45)&~c8_2(a44,a45)&![X36]:(ndr1_1(a44)=>(~c4_2(a44,X36)|~c5_2(a44,X36))))|![X37]:(ndr1_0=>(![X38]:(ndr1_1(X37)=>(c4_2(X37,X38)|~c6_2(X37,X38)|c5_2(X37,X38)))|(ndr1_1(X37)&~c8_2(X37,a46)&~c3_2(X37,a46))|~c7_1(X37)))|![X39]:(ndr1_0=>(c3_1(X39)|![X40]:(ndr1_1(X39)=>(c3_2(X39,X40)|c6_2(X39,X40)|c4_2(X39,X40)))|![X41]:(ndr1_1(X39)=>(c5_2(X39,X41)|c1_2(X39,X41)|c8_2(X39,X41))))))&(c8_0|(ndr1_0&ndr1_1(a47)&~c2_2(a47,a48)&c8_2(a47,a48)&~c1_2(a47,a48)&~c6_1(a47)&ndr1_1(a47)&~c2_2(a47,a49)&~c1_2(a47,a49)&c7_2(a47,a49)))&((ndr1_0&~c4_1(a50)&c1_1(a50))|c7_0|c4_0)&(~c8_0|![X42]:(ndr1_0=>(~c5_1(X42)|c6_1(X42)|c2_1(X42)))|~c4_0)&(c2_0|c3_0|(ndr1_0&c5_1(a51)&~c7_1(a51)&![X43]:(ndr1_1(a51)=>(c3_2(a51,X43)|~c5_2(a51,X43)|c4_2(a51,X43)))))&(![X44]:(ndr1_0=>(~c3_1(X44)|c2_1(X44)|~c7_1(X44)))|![X45]:(ndr1_0=>(c1_1(X45)|![X46]:(ndr1_1(X45)=>(c4_2(X45,X46)|~c6_2(X45,X46)|~c3_2(X45,X46)))|~c6_1(X45))))&(~c7_0|~c6_0|~c3_0)&((ndr1_0&c5_1(a52)&![X47]:(ndr1_1(a52)=>(~c5_2(a52,X47)|~c8_2(a52,X47)|~c7_2(a52,X47)))&c8_1(a52))|(ndr1_0&ndr1_1(a53)&c4_2(a53,a54)&~c8_2(a53,a54)&~c7_2(a53,a54)&c1_1(a53)&ndr1_1(a53)&c2_2(a53,a55)&c6_2(a53,a55))|~c5_0)&(c8_0|![X48]:(ndr1_0=>(c5_1(X48)|![X49]:(ndr1_1(X48)=>(~c4_2(X48,X49)|~c1_2(X48,X49)|~c6_2(X48,X49)))|(ndr1_1(X48)&c3_2(X48,a56)&~c2_2(X48,a56)&c7_2(X48,a56))))|![X50]:(ndr1_0=>((ndr1_1(X50)&~c7_2(X50,a57)&c2_2(X50,a57)&c5_2(X50,a57))|~c3_1(X50)|(ndr1_1(X50)&~c3_2(X50,a58)&~c5_2(X50,a58)&c6_2(X50,a58)))))&(c3_0|c2_0|(ndr1_0&![X51]:(ndr1_1(a59)=>(c7_2(a59,X51)|c5_2(a59,X51)))&~c4_1(a59)&c3_1(a59)))&(~c4_0|~c2_0|c3_0)&(![X52]:(ndr1_0=>(c1_1(X52)|~c4_1(X52)))|(ndr1_0&ndr1_1(a60)&~c2_2(a60,a61)&c8_2(a60,a61)&c5_2(a60,a61)&![X53]:(ndr1_1(a60)=>(~c7_2(a60,X53)|c5_2(a60,X53)|~c2_2(a60,X53)))&ndr1_1(a60)&~c4_2(a60,a62)&c2_2(a60,a62)&c3_2(a60,a62))|![X54]:(ndr1_0=>(~c2_1(X54)|~c3_1(X54)|![X55]:(ndr1_1(X54)=>(~c3_2(X54,X55)|c5_2(X54,X55)|c6_2(X54,X55))))))&(![X56]:(ndr1_0=>(~c7_1(X56)|c6_1(X56)|(ndr1_1(X56)&~c2_2(X56,a63)&c4_2(X56,a63)&~c5_2(X56,a63))))|(ndr1_0&![X57]:(ndr1_1(a64)=>(c4_2(a64,X57)|~c2_2(a64,X57)|c8_2(a64,X57)))&~c1_1(a64)&![X58]:(ndr1_1(a64)=>(c1_2(a64,X58)|c4_2(a64,X58)|c6_2(a64,X58))))|c2_0)&(![X59]:(ndr1_0=>(c7_1(X59)|![X60]:(ndr1_1(X59)=>(~c7_2(X59,X60)|c5_2(X59,X60)|c8_2(X59,X60)))|~c8_1(X59)))|c5_0|~c3_0)&((ndr1_0&c5_1(a65)&![X61]:(ndr1_1(a65)=>(c1_2(a65,X61)|c4_2(a65,X61)|c5_2(a65,X61)))&c6_1(a65))|(ndr1_0&![X62]:(ndr1_1(a66)=>(c3_2(a66,X62)|~c8_2(a66,X62)|c5_2(a66,X62)))&![X63]:(ndr1_1(a66)=>(c2_2(a66,X63)|~c8_2(a66,X63)|c3_2(a66,X63)))&~c3_1(a66))|~c1_0)&(![X64]:(ndr1_0=>(~c2_1(X64)|c3_1(X64)|c5_1(X64)))|~c2_0)&(~c7_0|![X65]:(ndr1_0=>((ndr1_1(X65)&~c4_2(X65,a67)&~c7_2(X65,a67))|c6_1(X65)|c2_1(X65)))|(ndr1_0&c2_1(a68)&![X66]:(ndr1_1(a68)=>(c7_2(a68,X66)|c6_2(a68,X66)))&c5_1(a68)))&(~c7_0|~c8_0|![X67]:(ndr1_0=>(~c3_1(X67)|(ndr1_1(X67)&~c1_2(X67,a69)&~c6_2(X67,a69)&c5_2(X67,a69))|(ndr1_1(X67)&~c6_2(X67,a70)&c7_2(X67,a70)&c4_2(X67,a70)))))&(![X68]:(ndr1_0=>((ndr1_1(X68)&~c1_2(X68,a71)&~c3_2(X68,a71)&c5_2(X68,a71))|(ndr1_1(X68)&~c1_2(X68,a72)&c8_2(X68,a72)&c7_2(X68,a72))|c4_1(X68)))|~c8_0|c5_0)&(~c3_0|(ndr1_0&![X69]:(ndr1_1(a73)=>(~c1_2(a73,X69)|~c2_2(a73,X69)|~c4_2(a73,X69)))&ndr1_1(a73)&c5_2(a73,a74)&c4_2(a73,a74)&c1_1(a73))|~c7_0)&(c8_0|(ndr1_0&![X70]:(ndr1_1(a75)=>(c6_2(a75,X70)|~c2_2(a75,X70)|~c4_2(a75,X70)))&![X71]:(ndr1_1(a75)=>(~c4_2(a75,X71)|~c6_2(a75,X71)|c3_2(a75,X71)))&![X72]:(ndr1_1(a75)=>(c8_2(a75,X72)|~c1_2(a75,X72))))|c7_0)&(c2_0|c5_0|![X73]:(ndr1_0=>(c3_1(X73)|~c2_1(X73)|c7_1(X73))))&(c7_0|![X74]:(ndr1_0=>(c1_1(X74)|(ndr1_1(X74)&~c6_2(X74,a76)&c7_2(X74,a76)&c4_2(X74,a76))|![X75]:(ndr1_1(X74)=>(c8_2(X74,X75)|c7_2(X74,X75)|~c3_2(X74,X75)))))|~c2_0)&(c8_0|![X76]:(ndr1_0=>(~c3_1(X76)|c7_1(X76)|![X77]:(ndr1_1(X76)=>(~c3_2(X76,X77)|c7_2(X76,X77)|c1_2(X76,X77))))))&((ndr1_0&c7_1(a77)&![X78]:(ndr1_1(a77)=>(c1_2(a77,X78)|c7_2(a77,X78)|c8_2(a77,X78))))|~c1_0|~c2_0)&(![X79]:(ndr1_0=>(c7_1(X79)|~c8_1(X79)))|c3_0)&(~c3_0|(ndr1_0&![X80]:(ndr1_1(a78)=>(c3_2(a78,X80)|~c7_2(a78,X80)|c5_2(a78,X80)))&ndr1_1(a78)&~c5_2(a78,a79)&c6_2(a78,a79)&~c1_1(a78)))&(c7_0|c6_0|(ndr1_0&~c4_1(a80)&~c2_1(a80)))&((ndr1_0&ndr1_1(a81)&c4_2(a81,a82)&c8_2(a81,a82)&c3_2(a81,a82)&~c6_1(a81)&c7_1(a81))|~c1_0)&(c1_0|(ndr1_0&~c3_1(a83)&ndr1_1(a83)&c5_2(a83,a84)&~c2_2(a83,a84)&c3_2(a83,a84)&~c7_1(a83))|(ndr1_0&~c4_1(a85)&ndr1_1(a85)&~c8_2(a85,a86)&~c1_2(a85,a86)&c7_2(a85,a86)&c7_1(a85)))&(![X81]:(ndr1_0=>(~c7_1(X81)|![X82]:(ndr1_1(X81)=>(~c4_2(X81,X82)|c8_2(X81,X82)|c7_2(X81,X82)))|~c5_1(X81)))|![X83]:(ndr1_0=>((ndr1_1(X83)&c8_2(X83,a87)&c5_2(X83,a87)&c1_2(X83,a87))|~c7_1(X83)|(ndr1_1(X83)&~c7_2(X83,a88)&c1_2(X83,a88))))|![X84]:(ndr1_0=>(~c2_1(X84)|c3_1(X84)|![X85]:(ndr1_1(X84)=>(c4_2(X84,X85)|c1_2(X84,X85)|~c6_2(X84,X85))))))&c6_0&c4_0&(![X86]:(ndr1_0=>(c5_1(X86)|(ndr1_1(X86)&c2_2(X86,a89)&~c7_2(X86,a89)&c1_2(X86,a89))))|(ndr1_0&![X87]:(ndr1_1(a90)=>(~c1_2(a90,X87)|~c2_2(a90,X87)|~c6_2(a90,X87)))&ndr1_1(a90)&c1_2(a90,a91)&c3_2(a90,a91)&ndr1_1(a90)&~c3_2(a90,a92)&~c4_2(a90,a92)&c7_2(a90,a92))|(ndr1_0&![X88]:(ndr1_1(a93)=>(c5_2(a93,X88)|~c6_2(a93,X88)|c8_2(a93,X88)))&![X89]:(ndr1_1(a93)=>(~c4_2(a93,X89)|c6_2(a93,X89)))&![X90]:(ndr1_1(a93)=>(~c6_2(a93,X90)|~c7_2(a93,X90)))))&(c5_0|![X91]:(ndr1_0=>(~c5_1(X91)|c4_1(X91)|c1_1(X91)))|![X92]:(ndr1_0=>(~c2_1(X92)|(ndr1_1(X92)&~c5_2(X92,a94)&c6_2(X92,a94)&c2_2(X92,a94))|(ndr1_1(X92)&c5_2(X92,a95)&c1_2(X92,a95)&c6_2(X92,a95)))))&(![X93]:(ndr1_0=>(![X94]:(ndr1_1(X93)=>(c4_2(X93,X94)|~c1_2(X93,X94)|c2_2(X93,X94)))|c6_1(X93)|c1_1(X93)))|c3_0|(ndr1_0&c2_1(a96)&c3_1(a96)&ndr1_1(a96)&c7_2(a96,a97)&~c6_2(a96,a97)&~c1_2(a96,a97)))&((ndr1_0&~c7_1(a98)&~c5_1(a98)&![X95]:(ndr1_1(a98)=>(c5_2(a98,X95)|c4_2(a98,X95)|c8_2(a98,X95))))|~c3_0|~c8_0)&(![X96]:(ndr1_0=>(![X97]:(ndr1_1(X96)=>(~c2_2(X96,X97)|~c1_2(X96,X97)|c6_2(X96,X97)))|(ndr1_1(X96)&~c6_2(X96,a99)&~c5_2(X96,a99)&c4_2(X96,a99))))|![X98]:(ndr1_0=>(c7_1(X98)|~c2_1(X98)|![X99]:(ndr1_1(X98)=>(~c1_2(X98,X99)|c3_2(X98,X99)|~c5_2(X98,X99)))))|~c8_0)&(~c1_0|![X100]:(ndr1_0=>(![X101]:(ndr1_1(X100)=>(c6_2(X100,X101)|~c3_2(X100,X101)|c2_2(X100,X101)))|![X102]:(ndr1_1(X100)=>(c7_2(X100,X102)|~c5_2(X100,X102)|~c8_2(X100,X102)))|c7_1(X100)))|![X103]:(ndr1_0=>(c3_1(X103)|~c1_1(X103)|c4_1(X103))))&(![X104]:(ndr1_0=>((ndr1_1(X104)&c4_2(X104,a100)&c5_2(X104,a100)&c2_2(X104,a100))|c8_1(X104)|![X105]:(ndr1_1(X104)=>(c7_2(X104,X105)|~c2_2(X104,X105)|c4_2(X104,X105)))))|~c5_0|![X106]:(ndr1_0=>(![X107]:(ndr1_1(X106)=>(c2_2(X106,X107)|c4_2(X106,X107)))|(ndr1_1(X106)&c7_2(X106,a101)&~c2_2(X106,a101)&c4_2(X106,a101))|(ndr1_1(X106)&c7_2(X106,a102)&~c1_2(X106,a102)&~c4_2(X106,a102)))))&(~c1_0|~c2_0)&((ndr1_0&![X108]:(ndr1_1(a103)=>(c5_2(a103,X108)|c4_2(a103,X108)|c1_2(a103,X108)))&c3_1(a103)&![X109]:(ndr1_1(a103)=>(~c4_2(a103,X109)|c8_2(a103,X109)|~c5_2(a103,X109))))|c5_0|~c8_0)&(~c7_0|c8_0|![X110]:(ndr1_0=>(~c8_1(X110)|c6_1(X110)|c4_1(X110))))&(![X111]:(ndr1_0=>(![X112]:(ndr1_1(X111)=>(c6_2(X111,X112)|c5_2(X111,X112)|~c2_2(X111,X112)))|~c2_1(X111)|~c6_1(X111)))|c5_0|(ndr1_0&~c5_1(a104)&![X113]:(ndr1_1(a104)=>(~c1_2(a104,X113)|c8_2(a104,X113)))))&(~c2_0|(ndr1_0&ndr1_1(a105)&c1_2(a105,a106)&c7_2(a105,a106)&~c6_2(a105,a106)&ndr1_1(a105)&~c3_2(a105,a107)&c4_2(a105,a107)&~c8_2(a105,a107)&c3_1(a105)))&(![X114]:(ndr1_0=>(c7_1(X114)|![X115]:(ndr1_1(X114)=>(~c5_2(X114,X115)|~c8_2(X114,X115)))|(ndr1_1(X114)&c6_2(X114,a108)&~c5_2(X114,a108)&~c7_2(X114,a108))))|c2_0)&(![X116]:(ndr1_0=>(c7_1(X116)|(ndr1_1(X116)&c7_2(X116,a109)&c1_2(X116,a109)&~c4_2(X116,a109))|c6_1(X116)))|~c2_0|(ndr1_0&ndr1_1(a110)&c4_2(a110,a111)&~c5_2(a110,a111)&c1_1(a110)&ndr1_1(a110)&~c7_2(a110,a112)&c5_2(a110,a112)&~c4_2(a110,a112)))&((ndr1_0&~c8_1(a113)&~c4_1(a113)&![X117]:(ndr1_1(a113)=>(~c4_2(a113,X117)|c8_2(a113,X117)|c7_2(a113,X117))))|![X118]:(ndr1_0=>((ndr1_1(X118)&c5_2(X118,a114)&c1_2(X118,a114)&c8_2(X118,a114))|c3_1(X118)|~c7_1(X118)))|~c1_0)&(~c2_0|![X119]:(ndr1_0=>(![X120]:(ndr1_1(X119)=>(c7_2(X119,X120)|c2_2(X119,X120)|~c1_2(X119,X120)))|c6_1(X119)|~c4_1(X119)))|![X121]:(ndr1_0=>(c1_1(X121)|![X122]:(ndr1_1(X121)=>(c5_2(X121,X122)|~c6_2(X121,X122)|~c7_2(X121,X122))))))&(~c7_0|![X123]:(ndr1_0=>((ndr1_1(X123)&~c3_2(X123,a115)&~c7_2(X123,a115)&~c8_2(X123,a115))|~c8_1(X123)))|c2_0)&(![X124]:(ndr1_0=>(c4_1(X124)|c8_1(X124)|(ndr1_1(X124)&c2_2(X124,a116)&c1_2(X124,a116)&~c5_2(X124,a116))))|![X125]:(ndr1_0=>(c7_1(X125)|c4_1(X125)|![X126]:(ndr1_1(X125)=>(~c4_2(X125,X126)|c6_2(X125,X126)|c1_2(X125,X126))))))&(~c1_0|![X127]:(ndr1_0=>(~c8_1(X127)|~c7_1(X127)))|c7_0)&((ndr1_0&~c2_1(a117)&c8_1(a117))|c3_0)&((ndr1_0&![X128]:(ndr1_1(a118)=>(c8_2(a118,X128)|c1_2(a118,X128)|~c6_2(a118,X128)))&ndr1_1(a118)&~c8_2(a118,a119)&c2_2(a118,a119)&c7_2(a118,a119)&![X129]:(ndr1_1(a118)=>(c2_2(a118,X129)|c5_2(a118,X129)|~c4_2(a118,X129))))|~c2_0|~c7_0)&((ndr1_0&![X130]:(ndr1_1(a120)=>(~c8_2(a120,X130)|c1_2(a120,X130)|~c6_2(a120,X130)))&~c5_1(a120)&![X131]:(ndr1_1(a120)=>(~c5_2(a120,X131)|~c1_2(a120,X131)|~c7_2(a120,X131))))|(ndr1_0&![X132]:(ndr1_1(a121)=>(c8_2(a121,X132)|~c7_2(a121,X132)|c5_2(a121,X132)))&c5_1(a121)&c3_1(a121)))&((ndr1_0&ndr1_1(a122)&c5_2(a122,a123)&~c1_2(a122,a123)&~c3_2(a122,a123)&c8_1(a122)&~c1_1(a122))|c2_0)&((ndr1_0&c4_1(a124)&ndr1_1(a124)&~c5_2(a124,a125)&~c8_2(a124,a125)&c6_2(a124,a125)&ndr1_1(a124)&c8_2(a124,a126)&c6_2(a124,a126))|~c3_0|![X133]:(ndr1_0=>(c7_1(X133)|~c6_1(X133)|![X134]:(ndr1_1(X133)=>(c6_2(X133,X134)|c8_2(X133,X134)|~c2_2(X133,X134))))))&(![X135]:(ndr1_0=>(![X136]:(ndr1_1(X135)=>(c4_2(X135,X136)|~c8_2(X135,X136)|c3_2(X135,X136)))|~c4_1(X135)|![X137]:(ndr1_1(X135)=>(~c7_2(X135,X137)|c8_2(X135,X137)|c6_2(X135,X137)))))|(ndr1_0&c8_1(a127)&c3_1(a127)&~c5_1(a127))|~c7_0)&(~c1_0|![X138]:(ndr1_0=>((ndr1_1(X138)&~c7_2(X138,a128)&~c8_2(X138,a128)&~c4_2(X138,a128))|~c1_1(X138)))|(ndr1_0&ndr1_1(a129)&~c6_2(a129,a130)&~c8_2(a129,a130)&c3_2(a129,a130)&ndr1_1(a129)&c1_2(a129,a131)&~c7_2(a129,a131)&c8_2(a129,a131)&~c6_1(a129)))&(![X139]:(ndr1_0=>(c8_1(X139)|c2_1(X139)|~c7_1(X139)))|![X140]:(ndr1_0=>(~c1_1(X140)|~c8_1(X140)|![X141]:(ndr1_1(X140)=>(c7_2(X140,X141)|~c2_2(X140,X141)|c3_2(X140,X141)))))|![X142]:(ndr1_0=>(~c4_1(X142)|~c6_1(X142)|~c5_1(X142))))&(![X143]:(ndr1_0=>((ndr1_1(X143)&~c3_2(X143,a132)&~c8_2(X143,a132)&~c6_2(X143,a132))|~c1_1(X143)|![X144]:(ndr1_1(X143)=>(~c4_2(X143,X144)|c7_2(X143,X144)|~c8_2(X143,X144)))))|~c8_0)&(![X145]:(ndr1_0=>(~c6_1(X145)|~c2_1(X145)|(ndr1_1(X145)&~c1_2(X145,a133)&~c5_2(X145,a133)&c3_2(X145,a133))))|~c2_0)&((ndr1_0&~c1_1(a134)&ndr1_1(a134)&~c4_2(a134,a135)&c8_2(a134,a135)&c3_2(a134,a135)&![X146]:(ndr1_1(a134)=>(c1_2(a134,X146)|c8_2(a134,X146))))|![X147]:(ndr1_0=>(c8_1(X147)|~c2_1(X147))))&ndr1_0&c5_1(a136)&![X148]:(ndr1_1(a136)=>(c8_2(a136,X148)|c3_2(a136,X148)|c7_2(a136,X148)))&ndr1_1(a136)&c1_2(a136,a137)&c3_2(a136,a137)&c5_2(a136,a137)&(~c3_0|(ndr1_0&![X149]:(ndr1_1(a138)=>(c3_2(a138,X149)|~c4_2(a138,X149)|~c6_2(a138,X149)))&ndr1_1(a138)&c6_2(a138,a139)&~c5_2(a138,a139)&~c1_2(a138,a139)&ndr1_1(a138)&c5_2(a138,a140)&~c4_2(a138,a140))|c7_0)&((ndr1_0&~c4_1(a141)&c8_1(a141)&ndr1_1(a141)&~c3_2(a141,a142)&c8_2(a141,a142))|(ndr1_0&c5_1(a143)&ndr1_1(a143)&~c1_2(a143,a144)&~c5_2(a143,a144)&c2_2(a143,a144))|~c2_0)&(c7_0|![X150]:(ndr1_0=>(ndr1_1(X150)&~c4_2(X150,a145)&c6_2(X150,a145)&c5_2(X150,a145))))&(~c2_0|~c1_0|![X151]:(ndr1_0=>((ndr1_1(X151)&~c2_2(X151,a146))|c2_1(X151)|![X152]:(ndr1_1(X151)=>(c5_2(X151,X152)|~c1_2(X151,X152)|c8_2(X151,X152))))))&~c2_0&(c7_0|![X153]:(ndr1_0=>(~c3_1(X153)|c1_1(X153)|![X154]:(ndr1_1(X153)=>(c2_2(X153,X154)|~c8_2(X153,X154)|c6_2(X153,X154))))))&~c3_0))			
../../TPTP-v7.3.0/Problems/SYN/SYN816-1.p		Satisfiable	UNKNOWN		UNKNOWN		cnf					
../../TPTP-v7.3.0/Problems/SYN/SYN576-1.p		Unsatisfiable	UNKNOWN		UNKNOWN		cnf					
../../TPTP-v7.3.0/Problems/SYN/SYN273-1.p		Unsatisfiable	UNKNOWN		UNKNOWN		cnf					
../../TPTP-v7.3.0/Problems/SYN/SYN484-1.p		Unsatisfiable	UNKNOWN		UNKNOWN		cnf					
../../TPTP-v7.3.0/Problems/SYN/SYN901-1.p		Unsatisfiable	UNKNOWN		UNKNOWN		cnf					
../../TPTP-v7.3.0/Problems/SYN/SYN178-1.p		Unsatisfiable	UNKNOWN		UNKNOWN		cnf					
../../TPTP-v7.3.0/Problems/SYN/SYN768-1.p		Satisfiable	UNKNOWN		UNKNOWN		cnf					
../../TPTP-v7.3.0/Problems/SYN/SYN129-1.p		Unsatisfiable	UNKNOWN		UNKNOWN		cnf					
../../TPTP-v7.3.0/Problems/SYN/SYN302-1.003.p		Satisfiable	UNKNOWN		UNKNOWN		cnf					
../../TPTP-v7.3.0/Problems/SYN/SYN393+1.003.p		Theorem	UNKNOWN		UNKNOWN		fof		(((p1<=>p2)<=>p3)<=>(p1<=>(p2<=>p3)))			
../../TPTP-v7.3.0/Problems/SYN/SYN890-1.p		Unsatisfiable	UNKNOWN		UNKNOWN		cnf					
../../TPTP-v7.3.0/Problems/SYN/SYN179-1.p		Unsatisfiable	UNKNOWN		UNKNOWN		cnf					
../../TPTP-v7.3.0/Problems/SYN/SYN418+1.p		CounterSatisfiable	UNKNOWN		UNKNOWN		fof		(~(((ndr1_0&ndr1_1(a1)&~c3_2(a1,a2)&~c5_2(a1,a2)&c6_2(a1,a2)&c9_1(a1)&c6_1(a1))|(ndr1_0&ndr1_1(a3)&~c3_2(a3,a4)&c1_2(a3,a4)&c5_2(a3,a4)&~c1_1(a3)&ndr1_1(a3)&~c1_2(a3,a5)&c7_2(a3,a5)&~c3_2(a3,a5))|![U]:(ndr1_0=>(c6_1(U)|~c7_1(U))))&((ndr1_0&c10_1(a6)&~c6_1(a6)&~c4_1(a6))|(ndr1_0&ndr1_1(a7)&~c1_2(a7,a8)&~c9_2(a7,a8)&c2_2(a7,a8)&c10_1(a7)&c8_1(a7)))&(~c7_0|![V]:(ndr1_0=>(~c3_1(V)|c6_1(V)|![W]:(ndr1_1(V)=>(~c6_2(V,W)|c1_2(V,W)|~c8_2(V,W)))))|~c10_0)&(![X]:(ndr1_0=>(c10_1(X)|~c7_1(X)|![Y]:(ndr1_1(X)=>(c3_2(X,Y)|~c10_2(X,Y)|~c1_2(X,Y)))))|(ndr1_0&~c8_1(a9)&![Z]:(ndr1_1(a9)=>(c4_2(a9,Z)|c5_2(a9,Z)))&ndr1_1(a9)&~c3_2(a9,a10)&~c6_2(a9,a10)&c2_2(a9,a10))|![X1]:(ndr1_0=>((ndr1_1(X1)&c1_2(X1,a11)&~c9_2(X1,a11)&c2_2(X1,a11))|~c3_1(X1)|![X2]:(ndr1_1(X1)=>(c4_2(X1,X2)|~c8_2(X1,X2)|~c1_2(X1,X2))))))&((ndr1_0&~c3_1(a12)&ndr1_1(a12)&c6_2(a12,a13)&c4_2(a12,a13)&~c9_2(a12,a13))|c8_0|![X3]:(ndr1_0=>(![X4]:(ndr1_1(X3)=>(~c2_2(X3,X4)|c1_2(X3,X4)|~c7_2(X3,X4)))|~c6_1(X3)|(ndr1_1(X3)&c2_2(X3,a14)&c10_2(X3,a14)&~c7_2(X3,a14)))))&(~c3_0|c1_0|~c2_0)&(~c2_0|~c3_0|c4_0)&(c8_0|![X5]:(ndr1_0=>(c3_1(X5)|![X6]:(ndr1_1(X5)=>(c7_2(X5,X6)|~c10_2(X5,X6)|c6_2(X5,X6)))|~c10_1(X5)))|(ndr1_0&![X7]:(ndr1_1(a15)=>(~c2_2(a15,X7)|c5_2(a15,X7)|~c4_2(a15,X7)))&c3_1(a15)&![X8]:(ndr1_1(a15)=>(~c9_2(a15,X8)|~c4_2(a15,X8)|~c6_2(a15,X8)))))&(~c1_0|(ndr1_0&ndr1_1(a16)&~c8_2(a16,a17)&~c2_2(a16,a17)&c9_2(a16,a17)&![X9]:(ndr1_1(a16)=>(~c4_2(a16,X9)|~c7_2(a16,X9)|~c10_2(a16,X9)))&~c3_1(a16))|(ndr1_0&c6_1(a18)&![X10]:(ndr1_1(a18)=>(c8_2(a18,X10)|c4_2(a18,X10)|c7_2(a18,X10)))&c3_1(a18)))&(![X11]:(ndr1_0=>~c6_1(X11))|(ndr1_0&ndr1_1(a19)&c2_2(a19,a20)&c9_2(a19,a20)&~c4_2(a19,a20)&ndr1_1(a19)&c2_2(a19,a21)&~c8_2(a19,a21)&c7_1(a19))|(ndr1_0&ndr1_1(a22)&c2_2(a22,a23)&c7_2(a22,a23)&c10_2(a22,a23)&ndr1_1(a22)&~c6_2(a22,a24)&~c1_2(a22,a24)&~c2_2(a22,a24)&c8_1(a22)))&(~c4_0|![X12]:(ndr1_0=>((ndr1_1(X12)&c8_2(X12,a25)&c5_2(X12,a25)&c3_2(X12,a25))|~c3_1(X12))))&(c10_0|~c9_0|(ndr1_0&c8_1(a26)&ndr1_1(a26)&c9_2(a26,a27)&c6_2(a26,a27)&~c5_2(a26,a27)&![X13]:(ndr1_1(a26)=>(~c7_2(a26,X13)|c8_2(a26,X13)|~c4_2(a26,X13)))))&(c10_0|![X14]:(ndr1_0=>(![X15]:(ndr1_1(X14)=>(~c1_2(X14,X15)|c10_2(X14,X15)|~c9_2(X14,X15)))|![X16]:(ndr1_1(X14)=>(c9_2(X14,X16)|c3_2(X14,X16)|c1_2(X14,X16)))|![X17]:(ndr1_1(X14)=>(c9_2(X14,X17)|~c1_2(X14,X17)|~c10_2(X14,X17)))))|c6_0)&(~c4_0|(ndr1_0&![X18]:(ndr1_1(a28)=>(c7_2(a28,X18)|c3_2(a28,X18)|~c6_2(a28,X18)))&~c10_1(a28)&![X19]:(ndr1_1(a28)=>(~c1_2(a28,X19)|~c8_2(a28,X19)|c5_2(a28,X19))))|~c8_0)&(c10_0|~c7_0|c8_0)&(~c6_0|c7_0|~c2_0)&(c10_0|c8_0|![X20]:(ndr1_0=>(c8_1(X20)|~c6_1(X20)|![X21]:(ndr1_1(X20)=>(~c4_2(X20,X21)|~c7_2(X20,X21))))))&(~c10_0|~c5_0|(ndr1_0&~c7_1(a29)&c9_1(a29)&ndr1_1(a29)&c8_2(a29,a30)&~c5_2(a29,a30)&~c4_2(a29,a30)))&(c5_0|c10_0)&((ndr1_0&ndr1_1(a31)&~c7_2(a31,a32)&c3_2(a31,a32)&c8_2(a31,a32)&~c5_1(a31)&![X22]:(ndr1_1(a31)=>(~c2_2(a31,X22)|c1_2(a31,X22)|c6_2(a31,X22))))|(ndr1_0&c3_1(a33)&ndr1_1(a33)&~c6_2(a33,a34)&c10_2(a33,a34)&~c5_2(a33,a34)&c6_1(a33))|(ndr1_0&~c8_1(a35)&c2_1(a35)&ndr1_1(a35)&~c4_2(a35,a36)&c7_2(a35,a36)&c8_2(a35,a36)))&((ndr1_0&ndr1_1(a37)&c4_2(a37,a38)&c6_2(a37,a38)&~c3_2(a37,a38)&![X23]:(ndr1_1(a37)=>(~c7_2(a37,X23)|c10_2(a37,X23)))&~c5_1(a37))|![X24]:(ndr1_0=>(![X25]:(ndr1_1(X24)=>(~c2_2(X24,X25)|c10_2(X24,X25)|~c5_2(X24,X25)))|(ndr1_1(X24)&c2_2(X24,a39)&~c9_2(X24,a39)&~c3_2(X24,a39))|![X26]:(ndr1_1(X24)=>(~c4_2(X24,X26)|c5_2(X24,X26)|c3_2(X24,X26)))))|![X27]:(ndr1_0=>((ndr1_1(X27)&~c3_2(X27,a40)&~c4_2(X27,a40)&c9_2(X27,a40))|![X28]:(ndr1_1(X27)=>(~c8_2(X27,X28)|~c6_2(X27,X28)|~c3_2(X27,X28)))|![X29]:(ndr1_1(X27)=>(~c9_2(X27,X29)|~c2_2(X27,X29)|c7_2(X27,X29))))))&(c9_0|(ndr1_0&![X30]:(ndr1_1(a41)=>(c8_2(a41,X30)|c3_2(a41,X30)|c6_2(a41,X30)))&~c10_1(a41))|![X31]:(ndr1_0=>((ndr1_1(X31)&c5_2(X31,a42)&c4_2(X31,a42)&~c10_2(X31,a42))|![X32]:(ndr1_1(X31)=>(c2_2(X31,X32)|~c7_2(X31,X32)|c3_2(X31,X32)))|![X33]:(ndr1_1(X31)=>(~c9_2(X31,X33)|~c8_2(X31,X33))))))&(~c5_0|![X34]:(ndr1_0=>((ndr1_1(X34)&c1_2(X34,a43)&~c8_2(X34,a43)&c10_2(X34,a43))|![X35]:(ndr1_1(X34)=>(~c3_2(X34,X35)|c4_2(X34,X35)|c2_2(X34,X35)))|![X36]:(ndr1_1(X34)=>(~c4_2(X34,X36)|~c9_2(X34,X36)|~c3_2(X34,X36)))))|c3_0)&(~c10_0|(ndr1_0&![X37]:(ndr1_1(a44)=>(~c5_2(a44,X37)|c4_2(a44,X37)|c3_2(a44,X37)))&c4_1(a44)&c3_1(a44))|~c1_0)&(![X38]:(ndr1_0=>(~c8_1(X38)|c1_1(X38)))|(ndr1_0&ndr1_1(a45)&~c10_2(a45,a46)&~c8_2(a45,a46)&~c4_2(a45,a46)&ndr1_1(a45)&c3_2(a45,a47)&~c4_2(a45,a47)&~c1_2(a45,a47)&ndr1_1(a45)&c7_2(a45,a48)&~c2_2(a45,a48)&c9_2(a45,a48))|![X39]:(ndr1_0=>(c1_1(X39)|(ndr1_1(X39)&c5_2(X39,a49)&~c3_2(X39,a49)&c7_2(X39,a49))|(ndr1_1(X39)&c1_2(X39,a50)&c8_2(X39,a50)&c10_2(X39,a50)))))&(![X40]:(ndr1_0=>(c10_1(X40)|~c4_1(X40)))|![X41]:(ndr1_0=>(c3_1(X41)|~c8_1(X41)|~c2_1(X41)))|c2_0)&(![X42]:(ndr1_0=>(![X43]:(ndr1_1(X42)=>(c6_2(X42,X43)|~c7_2(X42,X43)|c1_2(X42,X43)))|c10_1(X42)))|c8_0)&(~c7_0|~c9_0|c4_0)&(~c6_0|(ndr1_0&![X44]:(ndr1_1(a51)=>(~c9_2(a51,X44)|~c1_2(a51,X44)|~c4_2(a51,X44)))&c6_1(a51)&c2_1(a51))|c4_0)&(~c10_0|c3_0|![X45]:(ndr1_0=>(![X46]:(ndr1_1(X45)=>(c10_2(X45,X46)|~c7_2(X45,X46)))|c10_1(X45)|(ndr1_1(X45)&c8_2(X45,a52)&~c9_2(X45,a52)&c3_2(X45,a52)))))&(~c1_0|~c5_0|(ndr1_0&![X47]:(ndr1_1(a53)=>(c1_2(a53,X47)|~c3_2(a53,X47)|c6_2(a53,X47)))&ndr1_1(a53)&~c3_2(a53,a54)&c9_2(a53,a54)&![X48]:(ndr1_1(a53)=>(c4_2(a53,X48)|~c10_2(a53,X48)|c7_2(a53,X48)))))&((ndr1_0&~c6_1(a55)&~c10_1(a55))|(ndr1_0&~c1_1(a56)&~c8_1(a56))|![X49]:(ndr1_0=>(c6_1(X49)|![X50]:(ndr1_1(X49)=>(c2_2(X49,X50)|c6_2(X49,X50)|c4_2(X49,X50)))|c1_1(X49))))&(~c6_0|~c5_0|![X51]:(ndr1_0=>(c10_1(X51)|c4_1(X51))))&(c4_0|c6_0|c2_0)&(~c2_0|![X52]:(ndr1_0=>(c9_1(X52)|(ndr1_1(X52)&~c5_2(X52,a57)&c7_2(X52,a57)&~c4_2(X52,a57))|(ndr1_1(X52)&c3_2(X52,a58)&~c4_2(X52,a58)&c2_2(X52,a58))))|(ndr1_0&![X53]:(ndr1_1(a59)=>(~c7_2(a59,X53)|c8_2(a59,X53)|c9_2(a59,X53)))&~c9_1(a59)))&(![X54]:(ndr1_0=>(~c3_1(X54)|c8_1(X54)))|![X55]:(ndr1_0=>(![X56]:(ndr1_1(X55)=>(c7_2(X55,X56)|c5_2(X55,X56)|~c1_2(X55,X56)))|(ndr1_1(X55)&c7_2(X55,a60)&~c9_2(X55,a60)&c5_2(X55,a60))|(ndr1_1(X55)&c9_2(X55,a61)&~c5_2(X55,a61))))|![X57]:(ndr1_0=>((ndr1_1(X57)&~c9_2(X57,a62)&c3_2(X57,a62)&c5_2(X57,a62))|(ndr1_1(X57)&~c7_2(X57,a63)&~c8_2(X57,a63)&c3_2(X57,a63))|~c5_1(X57))))&(![X58]:(ndr1_0=>((ndr1_1(X58)&~c6_2(X58,a64)&~c9_2(X58,a64))|(ndr1_1(X58)&c4_2(X58,a65)&c5_2(X58,a65)&~c6_2(X58,a65))|~c4_1(X58)))|~c3_0|~c10_0)&((ndr1_0&![X59]:(ndr1_1(a66)=>(c3_2(a66,X59)|c1_2(a66,X59)))&~c9_1(a66)&c4_1(a66))|![X60]:(ndr1_0=>(~c10_1(X60)|~c8_1(X60)|(ndr1_1(X60)&c4_2(X60,a67)&~c2_2(X60,a67)&~c1_2(X60,a67))))|c7_0)&(c3_0|(ndr1_0&c2_1(a68)&ndr1_1(a68)&~c3_2(a68,a69)&~c5_2(a68,a69)&~c7_2(a68,a69)&c4_1(a68))|![X61]:(ndr1_0=>((ndr1_1(X61)&~c5_2(X61,a70)&~c4_2(X61,a70)&~c3_2(X61,a70))|![X62]:(ndr1_1(X61)=>(~c5_2(X61,X62)|c3_2(X61,X62)|c2_2(X61,X62)))|~c1_1(X61))))&(![X63]:(ndr1_0=>(![X64]:(ndr1_1(X63)=>(c2_2(X63,X64)|~c7_2(X63,X64)|~c3_2(X63,X64)))|c5_1(X63)|![X65]:(ndr1_1(X63)=>(c1_2(X63,X65)|~c8_2(X63,X65)|~c5_2(X63,X65)))))|![X66]:(ndr1_0=>(c1_1(X66)|![X67]:(ndr1_1(X66)=>(~c8_2(X66,X67)|c10_2(X66,X67)|~c7_2(X66,X67)))|c10_1(X66)))|(ndr1_0&ndr1_1(a71)&c4_2(a71,a72)&~c10_2(a71,a72)&c7_2(a71,a72)&~c8_1(a71)&~c2_1(a71)))&((ndr1_0&![X68]:(ndr1_1(a73)=>(c5_2(a73,X68)|~c10_2(a73,X68)|~c7_2(a73,X68)))&~c4_1(a73)&~c7_1(a73))|![X69]:(ndr1_0=>(![X70]:(ndr1_1(X69)=>(c9_2(X69,X70)|c2_2(X69,X70)|~c8_2(X69,X70)))|c8_1(X69)|![X71]:(ndr1_1(X69)=>(c7_2(X69,X71)|c6_2(X69,X71)|~c5_2(X69,X71))))))&(c8_0|c7_0|c4_0)&(c8_0|![X72]:(ndr1_0=>(![X73]:(ndr1_1(X72)=>(~c10_2(X72,X73)|c6_2(X72,X73)|~c1_2(X72,X73)))|~c1_1(X72)))|![X74]:(ndr1_0=>(ndr1_1(X74)&~c2_2(X74,a74)&~c8_2(X74,a74)&c3_2(X74,a74))))&(~c10_0|(ndr1_0&![X75]:(ndr1_1(a75)=>(~c5_2(a75,X75)|~c6_2(a75,X75)|c4_2(a75,X75)))&~c9_1(a75)&~c2_1(a75))|![X76]:(ndr1_0=>(~c5_1(X76)|(ndr1_1(X76)&c7_2(X76,a76)&c6_2(X76,a76)&c8_2(X76,a76))|![X77]:(ndr1_1(X76)=>(c7_2(X76,X77)|~c5_2(X76,X77)|~c1_2(X76,X77))))))&(c4_0|c1_0|(ndr1_0&~c2_1(a77)&ndr1_1(a77)&~c1_2(a77,a78)&~c8_2(a77,a78)&c5_2(a77,a78)&c4_1(a77)))&(~c7_0|![X78]:(ndr1_0=>(c7_1(X78)|(ndr1_1(X78)&~c8_2(X78,a79)&c2_2(X78,a79))|(ndr1_1(X78)&c10_2(X78,a80)&~c4_2(X78,a80)&c3_2(X78,a80)))))&(c2_0|c10_0)&(c9_0|![X79]:(ndr1_0=>(![X80]:(ndr1_1(X79)=>(~c5_2(X79,X80)|c8_2(X79,X80)|~c3_2(X79,X80)))|c10_1(X79)|c7_1(X79)))|(ndr1_0&~c1_1(a81)&~c9_1(a81)&ndr1_1(a81)&~c10_2(a81,a82)&c3_2(a81,a82)&~c1_2(a81,a82)))&(![X81]:(ndr1_0=>(![X82]:(ndr1_1(X81)=>(~c2_2(X81,X82)|~c3_2(X81,X82)|~c5_2(X81,X82)))|(ndr1_1(X81)&c6_2(X81,a83))|~c3_1(X81)))|c3_0|c5_0)&(![X83]:(ndr1_0=>((ndr1_1(X83)&c9_2(X83,a84)&c5_2(X83,a84)&~c8_2(X83,a84))|(ndr1_1(X83)&c6_2(X83,a85)&c3_2(X83,a85)&~c9_2(X83,a85))|(ndr1_1(X83)&~c10_2(X83,a86)&~c2_2(X83,a86)&~c8_2(X83,a86))))|c2_0|c3_0)&((ndr1_0&ndr1_1(a87)&~c6_2(a87,a88)&~c9_2(a87,a88)&![X84]:(ndr1_1(a87)=>(~c1_2(a87,X84)|c6_2(a87,X84)|~c5_2(a87,X84)))&~c1_1(a87))|![X85]:(ndr1_0=>((ndr1_1(X85)&~c9_2(X85,a89)&c10_2(X85,a89)&c4_2(X85,a89))|c4_1(X85)|~c6_1(X85)))|c4_0)&(~c8_0|(ndr1_0&ndr1_1(a90)&~c2_2(a90,a91)&c4_2(a90,a91)&c7_2(a90,a91)&~c4_1(a90))|![X86]:(ndr1_0=>(~c8_1(X86)|(ndr1_1(X86)&c8_2(X86,a92)&c9_2(X86,a92)&c10_2(X86,a92))|![X87]:(ndr1_1(X86)=>(~c4_2(X86,X87)|~c6_2(X86,X87)|~c8_2(X86,X87))))))&((ndr1_0&ndr1_1(a93)&c4_2(a93,a94)&~c7_2(a93,a94)&~c2_2(a93,a94)&~c8_1(a93)&~c2_1(a93))|c7_0|c1_0)&(~c4_0|(ndr1_0&ndr1_1(a95)&c8_2(a95,a96)&~c2_2(a95,a96)&~c4_2(a95,a96)&c4_1(a95))|~c3_0)&((ndr1_0&![X88]:(ndr1_1(a97)=>(c9_2(a97,X88)|~c6_2(a97,X88)))&c8_1(a97)&c5_1(a97))|c8_0|(ndr1_0&ndr1_1(a98)&c1_2(a98,a99)&~c6_2(a98,a99)&c9_2(a98,a99)&~c8_1(a98)&c2_1(a98)))&(c4_0|(ndr1_0&![X89]:(ndr1_1(a100)=>(c2_2(a100,X89)|~c3_2(a100,X89)|~c7_2(a100,X89)))&c9_1(a100)&ndr1_1(a100)&~c6_2(a100,a101)&~c5_2(a100,a101)&c9_2(a100,a101))|(ndr1_0&c10_1(a102)&ndr1_1(a102)&~c2_2(a102,a103)&~c4_2(a102,a103)&~c6_2(a102,a103)&c4_1(a102)))&(~c6_0|![X90]:(ndr1_0=>(![X91]:(ndr1_1(X90)=>(c3_2(X90,X91)|c10_2(X90,X91)|~c5_2(X90,X91)))|c9_1(X90)|~c5_1(X90)))|![X92]:(ndr1_0=>(~c6_1(X92)|(ndr1_1(X92)&~c4_2(X92,a104)&~c1_2(X92,a104)&c8_2(X92,a104))|![X93]:(ndr1_1(X92)=>(~c1_2(X92,X93)|c4_2(X92,X93))))))&((ndr1_0&ndr1_1(a105)&~c6_2(a105,a106)&c4_2(a105,a106)&~c2_2(a105,a106)&ndr1_1(a105)&~c9_2(a105,a107)&c6_2(a105,a107)&~c5_2(a105,a107)&c7_1(a105))|c2_0|(ndr1_0&ndr1_1(a108)&~c7_2(a108,a109)&c1_2(a108,a109)&~c2_2(a108,a109)&![X94]:(ndr1_1(a108)=>(~c2_2(a108,X94)|~c7_2(a108,X94)))&ndr1_1(a108)&c3_2(a108,a110)&~c2_2(a108,a110)))&(~c8_0|~c5_0|![X95]:(ndr1_0=>(~c8_1(X95)|c5_1(X95)|c7_1(X95))))&(![X96]:(ndr1_0=>(![X97]:(ndr1_1(X96)=>(c9_2(X96,X97)|c6_2(X96,X97)|~c8_2(X96,X97)))|![X98]:(ndr1_1(X96)=>(~c3_2(X96,X98)|c8_2(X96,X98)|c7_2(X96,X98)))|~c7_1(X96)))|~c4_0)&(![X99]:(ndr1_0=>(~c3_1(X99)|c8_1(X99)|![X100]:(ndr1_1(X99)=>(~c7_2(X99,X100)|~c3_2(X99,X100)|~c6_2(X99,X100)))))|c3_0|c1_0)&(~c1_0|![X101]:(ndr1_0=>((ndr1_1(X101)&c5_2(X101,a111)&c4_2(X101,a111)&~c3_2(X101,a111))|![X102]:(ndr1_1(X101)=>(c10_2(X101,X102)|~c4_2(X101,X102)|c8_2(X101,X102)))))|(ndr1_0&c6_1(a112)&~c3_1(a112)&ndr1_1(a112)&~c4_2(a112,a113)&~c9_2(a112,a113)))&(~c10_0|(ndr1_0&~c1_1(a114)&ndr1_1(a114)&~c5_2(a114,a115)&c2_2(a114,a115)&~c4_2(a114,a115)&![X103]:(ndr1_1(a114)=>(c10_2(a114,X103)|~c8_2(a114,X103)|c1_2(a114,X103))))|c2_0)&(~c9_0|c8_0|(ndr1_0&ndr1_1(a116)&~c10_2(a116,a117)&c3_2(a116,a117)&~c7_1(a116)))&(![X104]:(ndr1_0=>((ndr1_1(X104)&~c2_2(X104,a118)&~c9_2(X104,a118)&c5_2(X104,a118))|~c4_1(X104)|~c2_1(X104)))|(ndr1_0&~c6_1(a119)&c10_1(a119)&ndr1_1(a119)&~c1_2(a119,a120)&c5_2(a119,a120))|c6_0)&((ndr1_0&~c9_1(a121)&~c6_1(a121)&~c10_1(a121))|c3_0|(ndr1_0&c9_1(a122)&c4_1(a122)&![X105]:(ndr1_1(a122)=>(c10_2(a122,X105)|c3_2(a122,X105)|c1_2(a122,X105)))))&(~c4_0|~c10_0|~c2_0)&(![X106]:(ndr1_0=>(![X107]:(ndr1_1(X106)=>(~c2_2(X106,X107)|c4_2(X106,X107)|c10_2(X106,X107)))|c7_1(X106)|c5_1(X106)))|~c8_0|~c1_0)&((ndr1_0&ndr1_1(a123)&c2_2(a123,a124)&~c4_2(a123,a124)&~c9_2(a123,a124)&ndr1_1(a123)&~c9_2(a123,a125)&c3_2(a123,a125)&~c4_2(a123,a125)&~c9_1(a123))|c10_0|(ndr1_0&c4_1(a126)&c6_1(a126)))&(![X108]:(ndr1_0=>(c7_1(X108)|c3_1(X108)|~c1_1(X108)))|c6_0|~c4_0)&((ndr1_0&c4_1(a127)&~c2_1(a127)&![X109]:(ndr1_1(a127)=>(~c7_2(a127,X109)|c10_2(a127,X109)|~c4_2(a127,X109))))|~c1_0|c3_0)&((ndr1_0&![X110]:(ndr1_1(a128)=>(~c1_2(a128,X110)|~c4_2(a128,X110)|c6_2(a128,X110)))&~c1_1(a128)&~c4_1(a128))|c5_0|~c9_0)&(![X111]:(ndr1_0=>(![X112]:(ndr1_1(X111)=>(~c9_2(X111,X112)|c1_2(X111,X112)|c2_2(X111,X112)))|c4_1(X111)|![X113]:(ndr1_1(X111)=>(c8_2(X111,X113)|~c9_2(X111,X113)|c7_2(X111,X113)))))|![X114]:(ndr1_0=>(c1_1(X114)|c5_1(X114)))|![X115]:(ndr1_0=>(![X116]:(ndr1_1(X115)=>(c9_2(X115,X116)|c7_2(X115,X116)|c4_2(X115,X116)))|~c9_1(X115)|(ndr1_1(X115)&~c5_2(X115,a129)&c6_2(X115,a129)&c1_2(X115,a129)))))&(c9_0|![X117]:(ndr1_0=>(c5_1(X117)|(ndr1_1(X117)&~c7_2(X117,a130)&c1_2(X117,a130))|![X118]:(ndr1_1(X117)=>(c8_2(X117,X118)|c10_2(X117,X118)|~c6_2(X117,X118)))))|c2_0)&(![X119]:(ndr1_0=>(![X120]:(ndr1_1(X119)=>(~c7_2(X119,X120)|c9_2(X119,X120)|~c6_2(X119,X120)))|![X121]:(ndr1_1(X119)=>(~c6_2(X119,X121)|c9_2(X119,X121)|c2_2(X119,X121)))|(ndr1_1(X119)&~c10_2(X119,a131)&~c1_2(X119,a131)&c2_2(X119,a131))))|![X122]:(ndr1_0=>(~c3_1(X122)|(ndr1_1(X122)&~c4_2(X122,a132)&~c8_2(X122,a132)&c5_2(X122,a132))))|![X123]:(ndr1_0=>(~c6_1(X123)|(ndr1_1(X123)&~c4_2(X123,a133)&c7_2(X123,a133)&~c8_2(X123,a133))|~c10_1(X123))))&(~c1_0|~c10_0|(ndr1_0&![X124]:(ndr1_1(a134)=>(~c7_2(a134,X124)|~c2_2(a134,X124)|~c5_2(a134,X124)))&c10_1(a134)&ndr1_1(a134)&~c8_2(a134,a135)&~c6_2(a134,a135)&c3_2(a134,a135)))&((ndr1_0&c7_1(a136)&ndr1_1(a136)&c2_2(a136,a137)&~c5_2(a136,a137)&~c10_2(a136,a137)&~c8_1(a136))|~c8_0|~c2_0)&(c10_0|![X125]:(ndr1_0=>(~c4_1(X125)|c5_1(X125)|(ndr1_1(X125)&~c6_2(X125,a138)&c4_2(X125,a138)&~c1_2(X125,a138))))|(ndr1_0&~c2_1(a139)&ndr1_1(a139)&c9_2(a139,a140)&~c3_2(a139,a140)&~c8_2(a139,a140)&ndr1_1(a139)&c1_2(a139,a141)&~c9_2(a139,a141)))&(![X126]:(ndr1_0=>(c3_1(X126)|~c4_1(X126)))|![X127]:(ndr1_0=>(c1_1(X127)|~c3_1(X127)|(ndr1_1(X127)&c7_2(X127,a142)&~c6_2(X127,a142)&~c9_2(X127,a142))))|c8_0)&(c10_0|c4_0|(ndr1_0&ndr1_1(a143)&c9_2(a143,a144)&~c5_2(a143,a144)&~c10_2(a143,a144)&c1_1(a143)))&(c9_0|![X128]:(ndr1_0=>(![X129]:(ndr1_1(X128)=>(c2_2(X128,X129)|~c8_2(X128,X129)|c7_2(X128,X129)))|~c8_1(X128)|~c4_1(X128)))|~c6_0)&(~c2_0|c1_0|c3_0)&(![X130]:(ndr1_0=>(![X131]:(ndr1_1(X130)=>(c7_2(X130,X131)|~c6_2(X130,X131)|c8_2(X130,X131)))|c7_1(X130)))|![X132]:(ndr1_0=>(![X133]:(ndr1_1(X132)=>(c8_2(X132,X133)|c7_2(X132,X133)|~c3_2(X132,X133)))|c2_1(X132)))|c2_0)&(![X134]:(ndr1_0=>(c6_1(X134)|c7_1(X134)))|![X135]:(ndr1_0=>(c9_1(X135)|(ndr1_1(X135)&c3_2(X135,a145)&c1_2(X135,a145)&~c5_2(X135,a145))|~c1_1(X135)))|![X136]:(ndr1_0=>((ndr1_1(X136)&~c9_2(X136,a146)&~c1_2(X136,a146)&c7_2(X136,a146))|~c7_1(X136)|~c10_1(X136))))&(![X137]:(ndr1_0=>(c5_1(X137)|![X138]:(ndr1_1(X137)=>(c8_2(X137,X138)|c6_2(X137,X138)|~c2_2(X137,X138)))|~c1_1(X137)))|![X139]:(ndr1_0=>(![X140]:(ndr1_1(X139)=>(~c1_2(X139,X140)|~c2_2(X139,X140)|~c7_2(X139,X140)))|![X141]:(ndr1_1(X139)=>(~c7_2(X139,X141)|c10_2(X139,X141)|c2_2(X139,X141)))|c3_1(X139)))|c5_0)))			
../../TPTP-v7.3.0/Problems/SYN/SYN468+1.p		Theorem	UNKNOWN		UNKNOWN		fof		(~((~hskp0|(ndr1_0&c1_1(a291)&~c2_1(a291)&~c3_1(a291)))&(~hskp1|(ndr1_0&c2_1(a292)&c3_1(a292)&~c1_1(a292)))&(~hskp2|(ndr1_0&c3_1(a293)&~c1_1(a293)&~c2_1(a293)))&(~hskp3|(ndr1_0&c0_1(a294)&c2_1(a294)&~c1_1(a294)))&(~hskp4|(ndr1_0&c0_1(a295)&~c2_1(a295)&~c3_1(a295)))&(~hskp5|(ndr1_0&c1_1(a297)&c2_1(a297)&~c0_1(a297)))&(~hskp6|(ndr1_0&c2_1(a298)&~c0_1(a298)&~c1_1(a298)))&(~hskp7|(ndr1_0&c0_1(a299)&c3_1(a299)&~c2_1(a299)))&(~hskp8|(ndr1_0&c0_1(a300)&c3_1(a300)&~c1_1(a300)))&(~hskp9|(ndr1_0&c0_1(a304)&c1_1(a304)&~c2_1(a304)))&(~hskp10|(ndr1_0&c1_1(a305)&c2_1(a305)&~c3_1(a305)))&(~hskp11|(ndr1_0&c1_1(a306)&c3_1(a306)&~c0_1(a306)))&(~hskp12|(ndr1_0&c2_1(a307)&~c1_1(a307)&~c3_1(a307)))&(~hskp13|(ndr1_0&c0_1(a308)&~c1_1(a308)&~c2_1(a308)))&(~hskp14|(ndr1_0&c0_1(a309)&c2_1(a309)&~c3_1(a309)))&(~hskp15|(ndr1_0&c0_1(a311)&c1_1(a311)&~c3_1(a311)))&(~hskp16|(ndr1_0&c2_1(a315)&~c0_1(a315)&~c3_1(a315)))&(~hskp17|(ndr1_0&~c0_1(a323)&~c2_1(a323)&~c3_1(a323)))&(~hskp18|(ndr1_0&c0_1(a325)&~c1_1(a325)&~c3_1(a325)))&(~hskp19|(ndr1_0&c2_1(a326)&c3_1(a326)&~c0_1(a326)))&(~hskp20|(ndr1_0&~c0_1(a329)&~c1_1(a329)&~c2_1(a329)))&(~hskp21|(ndr1_0&c3_1(a330)&~c0_1(a330)&~c2_1(a330)))&(~hskp22|(ndr1_0&~c1_1(a331)&~c2_1(a331)&~c3_1(a331)))&(~hskp23|(ndr1_0&c1_1(a337)&c3_1(a337)&~c2_1(a337)))&(~hskp24|(ndr1_0&c1_1(a341)&~c0_1(a341)&~c3_1(a341)))&(~hskp25|(ndr1_0&c3_1(a353)&~c0_1(a353)&~c1_1(a353)))&(~hskp26|(ndr1_0&~c0_1(a359)&~c1_1(a359)&~c3_1(a359)))&(~hskp27|(ndr1_0&c1_1(a368)&~c0_1(a368)&~c2_1(a368)))&(~hskp28|(ndr1_0&c1_1(a296)&c2_1(a296)&c3_1(a296)))&(~hskp29|(ndr1_0&c0_1(a301)&c2_1(a301)&c3_1(a301)))&(~hskp30|(ndr1_0&c0_1(a332)&c1_1(a332)&c3_1(a332)))&(~hskp31|(ndr1_0&c0_1(a367)&c1_1(a367)&c2_1(a367)))&(![U]:(ndr1_0=>(c0_1(U)|c1_1(U)|c2_1(U)))|![V]:(ndr1_0=>(c1_1(V)|c3_1(V)|~c0_1(V)))|hskp0)&(![W]:(ndr1_0=>(c0_1(W)|c1_1(W)|c2_1(W)))|hskp1|hskp2)&(![X]:(ndr1_0=>(c0_1(X)|c1_1(X)|c3_1(X)))|hskp3)&(![Y]:(ndr1_0=>(c0_1(Y)|c1_1(Y)|c3_1(Y)))|hskp4|hskp28)&(![Z]:(ndr1_0=>(c0_1(Z)|c1_1(Z)|~c2_1(Z)))|hskp5|hskp6)&(![X1]:(ndr1_0=>(c0_1(X1)|c1_1(X1)|~c3_1(X1)))|![X2]:(ndr1_0=>(c0_1(X2)|c3_1(X2)|~c1_1(X2)))|hskp7)&(![X3]:(ndr1_0=>(c0_1(X3)|c2_1(X3)|c3_1(X3)))|![X4]:(ndr1_0=>(c0_1(X4)|~c2_1(X4)|~c3_1(X4)))|![X5]:(ndr1_0=>(c2_1(X5)|c3_1(X5)|~c1_1(X5))))&(![X6]:(ndr1_0=>(c0_1(X6)|c2_1(X6)|c3_1(X6)))|![X7]:(ndr1_0=>(c2_1(X7)|~c1_1(X7)|~c3_1(X7)))|hskp8)&(![X8]:(ndr1_0=>(c0_1(X8)|c2_1(X8)|~c1_1(X8)))|![X9]:(ndr1_0=>(c0_1(X9)|~c1_1(X9)|~c2_1(X9)))|hskp29)&(![X10]:(ndr1_0=>(c0_1(X10)|c2_1(X10)|~c1_1(X10)))|![X11]:(ndr1_0=>(c0_1(X11)|~c2_1(X11)|~c3_1(X11)))|![X12]:(ndr1_0=>(c1_1(X12)|~c2_1(X12)|~c3_1(X12))))&(![X13]:(ndr1_0=>(c0_1(X13)|c2_1(X13)|~c1_1(X13)))|hskp4|hskp6)&(![X14]:(ndr1_0=>(c0_1(X14)|c2_1(X14)|~c3_1(X14)))|![X15]:(ndr1_0=>(c1_1(X15)|c3_1(X15)|~c2_1(X15)))|![X16]:(ndr1_0=>(c1_1(X16)|~c2_1(X16)|~c3_1(X16))))&(![X17]:(ndr1_0=>(c0_1(X17)|c2_1(X17)|~c3_1(X17)))|hskp9|hskp10)&(![X18]:(ndr1_0=>(c0_1(X18)|c3_1(X18)|~c1_1(X18)))|![X19]:(ndr1_0=>(c0_1(X19)|c3_1(X19)|~c2_1(X19)))|![X20]:(ndr1_0=>(c0_1(X20)|~c2_1(X20)|~c3_1(X20))))&(![X21]:(ndr1_0=>(c0_1(X21)|c3_1(X21)|~c1_1(X21)))|![X22]:(ndr1_0=>(c1_1(X22)|~c0_1(X22)|~c3_1(X22)))|![X23]:(ndr1_0=>(c1_1(X23)|~c2_1(X23)|~c3_1(X23))))&(![X24]:(ndr1_0=>(c0_1(X24)|c3_1(X24)|~c1_1(X24)))|hskp11|hskp12)&(![X25]:(ndr1_0=>(c0_1(X25)|c3_1(X25)|~c2_1(X25)))|![X26]:(ndr1_0=>(c1_1(X26)|c3_1(X26)|~c0_1(X26)))|hskp13)&(![X27]:(ndr1_0=>(c0_1(X27)|c3_1(X27)|~c2_1(X27)))|![X28]:(ndr1_0=>(c2_1(X28)|c3_1(X28)|~c0_1(X28)))|![X29]:(ndr1_0=>(c2_1(X29)|~c0_1(X29)|~c3_1(X29))))&(![X30]:(ndr1_0=>(c0_1(X30)|c3_1(X30)|~c2_1(X30)))|![X31]:(ndr1_0=>(c3_1(X31)|~c0_1(X31)|~c2_1(X31)))|hskp14)&(![X32]:(ndr1_0=>(c0_1(X32)|c3_1(X32)|~c2_1(X32)))|![X33]:(ndr1_0=>(~c0_1(X33)|~c2_1(X33)|~c3_1(X33)))|hskp5)&(![X34]:(ndr1_0=>(c0_1(X34)|c3_1(X34)|~c2_1(X34)))|hskp15|hskp8)&(![X35]:(ndr1_0=>(c0_1(X35)|~c1_1(X35)|~c2_1(X35)))|![X36]:(ndr1_0=>(c0_1(X36)|~c1_1(X36)|~c3_1(X36)))|hskp7)&(![X37]:(ndr1_0=>(c0_1(X37)|~c1_1(X37)|~c2_1(X37)))|hskp13|hskp16)&(![X38]:(ndr1_0=>(c0_1(X38)|~c1_1(X38)|~c2_1(X38)))|hskp4|hskp11)&(![X39]:(ndr1_0=>(c0_1(X39)|~c1_1(X39)|~c3_1(X39)))|![X40]:(ndr1_0=>(c1_1(X40)|c2_1(X40)|c3_1(X40)))|hskp4)&(![X41]:(ndr1_0=>(c0_1(X41)|~c1_1(X41)|~c3_1(X41)))|![X42]:(ndr1_0=>(c2_1(X42)|~c0_1(X42)|~c1_1(X42)))|hskp15)&(![X43]:(ndr1_0=>(c0_1(X43)|~c1_1(X43)|~c3_1(X43)))|hskp3|hskp2)&(![X44]:(ndr1_0=>(c0_1(X44)|~c1_1(X44)|~c3_1(X44)))|hskp11|hskp17)&(![X45]:(ndr1_0=>(c1_1(X45)|c2_1(X45)|c3_1(X45)))|![X46]:(ndr1_0=>(c1_1(X46)|c3_1(X46)|~c0_1(X46)))|hskp3)&(![X47]:(ndr1_0=>(c1_1(X47)|c2_1(X47)|c3_1(X47)))|hskp18|hskp19)&(![X48]:(ndr1_0=>(c1_1(X48)|c2_1(X48)|~c0_1(X48)))|hskp0|hskp17)&(![X49]:(ndr1_0=>(c1_1(X49)|c2_1(X49)|~c3_1(X49)))|![X50]:(ndr1_0=>(c2_1(X50)|c3_1(X50)|~c0_1(X50)))|hskp20)&(![X51]:(ndr1_0=>(c1_1(X51)|c2_1(X51)|~c3_1(X51)))|![X52]:(ndr1_0=>(c3_1(X52)|~c0_1(X52)|~c2_1(X52)))|hskp21)&(![X53]:(ndr1_0=>(c1_1(X53)|c2_1(X53)|~c3_1(X53)))|![X54]:(ndr1_0=>(c3_1(X54)|~c0_1(X54)|~c2_1(X54)))|hskp22)&(![X55]:(ndr1_0=>(c1_1(X55)|c2_1(X55)|~c3_1(X55)))|![X56]:(ndr1_0=>(c3_1(X56)|~c1_1(X56)|~c2_1(X56)))|![X57]:(ndr1_0=>(~c1_1(X57)|~c2_1(X57)|~c3_1(X57))))&(![X58]:(ndr1_0=>(c1_1(X58)|c2_1(X58)|~c3_1(X58)))|hskp30|hskp2)&(![X59]:(ndr1_0=>(c1_1(X59)|c3_1(X59)|~c0_1(X59)))|hskp15|hskp28)&(![X60]:(ndr1_0=>(c1_1(X60)|c3_1(X60)|~c2_1(X60)))|hskp8|hskp23)&(![X61]:(ndr1_0=>(c1_1(X61)|~c0_1(X61)|~c2_1(X61)))|![X62]:(ndr1_0=>(c1_1(X62)|~c0_1(X62)|~c3_1(X62)))|hskp16)&(![X63]:(ndr1_0=>(c1_1(X63)|~c0_1(X63)|~c2_1(X63)))|![X64]:(ndr1_0=>(c3_1(X64)|~c0_1(X64)|~c1_1(X64)))|hskp7)&(![X65]:(ndr1_0=>(c1_1(X65)|~c0_1(X65)|~c2_1(X65)))|![X66]:(ndr1_0=>(c3_1(X66)|~c1_1(X66)|~c2_1(X66)))|hskp9)&(![X67]:(ndr1_0=>(c1_1(X67)|~c0_1(X67)|~c2_1(X67)))|hskp24|hskp16)&(![X68]:(ndr1_0=>(c1_1(X68)|~c0_1(X68)|~c2_1(X68)))|hskp16|hskp21)&(![X69]:(ndr1_0=>(c1_1(X69)|~c0_1(X69)|~c3_1(X69)))|hskp9|hskp12)&(![X70]:(ndr1_0=>(c1_1(X70)|~c0_1(X70)|~c3_1(X70)))|hskp15|hskp29)&(![X71]:(ndr1_0=>(c1_1(X71)|~c2_1(X71)|~c3_1(X71)))|![X72]:(ndr1_0=>(c3_1(X72)|~c0_1(X72)|~c1_1(X72)))|hskp1)&(![X73]:(ndr1_0=>(c2_1(X73)|~c0_1(X73)|~c1_1(X73)))|![X74]:(ndr1_0=>(~c0_1(X74)|~c2_1(X74)|~c3_1(X74)))|hskp4)&(![X75]:(ndr1_0=>(c2_1(X75)|~c0_1(X75)|~c3_1(X75)))|![X76]:(ndr1_0=>(~c0_1(X76)|~c2_1(X76)|~c3_1(X76)))|hskp21)&(![X77]:(ndr1_0=>(c2_1(X77)|~c0_1(X77)|~c3_1(X77)))|hskp7|hskp25)&(![X78]:(ndr1_0=>(c3_1(X78)|~c0_1(X78)|~c1_1(X78)))|![X79]:(ndr1_0=>(~c0_1(X79)|~c2_1(X79)|~c3_1(X79)))|hskp13)&(![X80]:(ndr1_0=>(c3_1(X80)|~c0_1(X80)|~c2_1(X80)))|hskp25|hskp21)&(![X81]:(ndr1_0=>(c3_1(X81)|~c0_1(X81)|~c2_1(X81)))|hskp20)&(![X82]:(ndr1_0=>(~c0_1(X82)|~c1_1(X82)|~c2_1(X82)))|hskp3|hskp26)&(![X83]:(ndr1_0=>(~c0_1(X83)|~c1_1(X83)|~c2_1(X83)))|hskp23)&(![X84]:(ndr1_0=>(~c0_1(X84)|~c1_1(X84)|~c3_1(X84)))|hskp8|hskp28)&(![X85]:(ndr1_0=>(~c0_1(X85)|~c1_1(X85)|~c3_1(X85)))|hskp18|hskp28)&(![X86]:(ndr1_0=>(~c0_1(X86)|~c2_1(X86)|~c3_1(X86)))|hskp11|hskp25)&(hskp31|hskp27|hskp24)&(hskp9|hskp16|hskp22)&(hskp3|hskp23|hskp0)&(hskp8|hskp13|hskp18)&(hskp7|hskp19|hskp12)&(hskp7|hskp1|hskp16)&(hskp13|hskp2|hskp20)&(hskp5|hskp16|hskp22)&(hskp23|hskp12|hskp2)&(hskp24|hskp19|hskp20)&(hskp21|hskp26|hskp17)))			
../../TPTP-v7.3.0/Problems/SYN/SYN084+1.p		Theorem	UNKNOWN		UNKNOWN		fof		(![X]:((big_p(a)&(big_p(X)=>big_p(f(X))))=>big_p(f(f(X))))<=>![X1]:((~big_p(a)|big_p(X1)|big_p(f(f(X1))))&(~big_p(a)|~big_p(f(X1))|big_p(f(f(X1))))))			
../../TPTP-v7.3.0/Problems/SYN/SYN457-1.p		Unsatisfiable	UNKNOWN		UNKNOWN		cnf					
../../TPTP-v7.3.0/Problems/SYN/SYN524-1.p		Satisfiable	UNKNOWN		UNKNOWN		cnf					
../../TPTP-v7.3.0/Problems/SYN/SYN449+1.p		CounterSatisfiable	UNKNOWN		UNKNOWN		fof		(~((~hskp0|(ndr1_0&c2_1(a547)&~c0_1(a547)&~c1_1(a547)))&(~hskp1|(ndr1_0&c3_1(a548)&~c0_1(a548)&~c2_1(a548)))&(~hskp2|(ndr1_0&c3_1(a549)&~c1_1(a549)&~c2_1(a549)))&(~hskp3|(ndr1_0&c3_1(a550)&~c0_1(a550)&~c1_1(a550)))&(~hskp4|(ndr1_0&c0_1(a551)&c1_1(a551)&~c3_1(a551)))&(~hskp5|(ndr1_0&c0_1(a552)&~c1_1(a552)&~c2_1(a552)))&(~hskp6|(ndr1_0&~c0_1(a554)&~c1_1(a554)&~c2_1(a554)))&(~hskp7|(ndr1_0&~c0_1(a555)&~c2_1(a555)&~c3_1(a555)))&(~hskp8|(ndr1_0&c0_1(a556)&c2_1(a556)&~c3_1(a556)))&(~hskp9|(ndr1_0&c2_1(a557)&c3_1(a557)&~c1_1(a557)))&(~hskp10|(ndr1_0&c1_1(a558)&c3_1(a558)&~c0_1(a558)))&(~hskp11|(ndr1_0&c2_1(a559)&~c0_1(a559)&~c3_1(a559)))&(~hskp12|(ndr1_0&c0_1(a560)&~c1_1(a560)&~c3_1(a560)))&(~hskp13|(ndr1_0&c0_1(a561)&c1_1(a561)&~c2_1(a561)))&(~hskp14|(ndr1_0&~c1_1(a562)&~c2_1(a562)&~c3_1(a562)))&(~hskp15|(ndr1_0&c1_1(a563)&c2_1(a563)&~c0_1(a563)))&(~hskp16|(ndr1_0&c1_1(a564)&c2_1(a564)&~c3_1(a564)))&(~hskp17|(ndr1_0&c0_1(a566)&c2_1(a566)&~c1_1(a566)))&(~hskp18|(ndr1_0&c0_1(a570)&c3_1(a570)&~c2_1(a570)))&(~hskp19|(ndr1_0&c1_1(a572)&~c2_1(a572)&~c3_1(a572)))&(~hskp20|(ndr1_0&c2_1(a576)&~c1_1(a576)&~c3_1(a576)))&(~hskp21|(ndr1_0&c1_1(a577)&~c0_1(a577)&~c3_1(a577)))&(~hskp22|(ndr1_0&c1_1(a584)&~c0_1(a584)&~c2_1(a584)))&(~hskp23|(ndr1_0&c0_1(a587)&~c2_1(a587)&~c3_1(a587)))&(~hskp24|(ndr1_0&c1_1(a599)&c3_1(a599)&~c2_1(a599)))&(~hskp25|(ndr1_0&~c0_1(a601)&~c1_1(a601)&~c3_1(a601)))&(~hskp26|(ndr1_0&c2_1(a607)&c3_1(a607)&~c0_1(a607)))&(~hskp27|(ndr1_0&c0_1(a628)&c3_1(a628)&~c1_1(a628)))&(~hskp28|(ndr1_0&c0_1(a546)&c2_1(a546)&c3_1(a546)))&(~hskp29|(ndr1_0&c0_1(a581)&c1_1(a581)&c3_1(a581)))&(~hskp30|(ndr1_0&c0_1(a608)&c1_1(a608)&c2_1(a608)))&(~hskp31|(ndr1_0&c1_1(a609)&c2_1(a609)&c3_1(a609)))&(![U]:(ndr1_0=>(c0_1(U)|c1_1(U)|c2_1(U)))|hskp28|hskp0)&(![V]:(ndr1_0=>(c0_1(V)|c1_1(V)|c2_1(V)))|hskp1|hskp2)&(![W]:(ndr1_0=>(c0_1(W)|c1_1(W)|c3_1(W)))|![X]:(ndr1_0=>(c0_1(X)|c2_1(X)|~c3_1(X)))|![Y]:(ndr1_0=>(c3_1(Y)|~c0_1(Y)|~c1_1(Y))))&(![Z]:(ndr1_0=>(c0_1(Z)|c1_1(Z)|c3_1(Z)))|![X1]:(ndr1_0=>(c1_1(X1)|~c2_1(X1)|~c3_1(X1)))|hskp3)&(![X2]:(ndr1_0=>(c0_1(X2)|c1_1(X2)|c3_1(X2)))|hskp4|hskp5)&(![X3]:(ndr1_0=>(c0_1(X3)|c1_1(X3)|c3_1(X3)))|hskp2|hskp6)&(![X4]:(ndr1_0=>(c0_1(X4)|c1_1(X4)|~c2_1(X4)))|![X5]:(ndr1_0=>(c0_1(X5)|c2_1(X5)|~c1_1(X5)))|hskp7)&(![X6]:(ndr1_0=>(c0_1(X6)|c1_1(X6)|~c2_1(X6)))|hskp8|hskp9)&(![X7]:(ndr1_0=>(c0_1(X7)|c1_1(X7)|~c2_1(X7)))|hskp10|hskp11)&(![X8]:(ndr1_0=>(c0_1(X8)|c1_1(X8)|~c3_1(X8)))|![X9]:(ndr1_0=>(c1_1(X9)|c2_1(X9)|~c0_1(X9)))|![X10]:(ndr1_0=>(c1_1(X10)|~c0_1(X10)|~c2_1(X10))))&(![X11]:(ndr1_0=>(c0_1(X11)|c1_1(X11)|~c3_1(X11)))|![X12]:(ndr1_0=>(c1_1(X12)|c3_1(X12)|~c2_1(X12)))|hskp12)&(![X13]:(ndr1_0=>(c0_1(X13)|c1_1(X13)|~c3_1(X13)))|hskp13|hskp14)&(![X14]:(ndr1_0=>(c0_1(X14)|c2_1(X14)|c3_1(X14)))|![X15]:(ndr1_0=>(c2_1(X15)|c3_1(X15)|~c0_1(X15)))|hskp15)&(![X16]:(ndr1_0=>(c0_1(X16)|c2_1(X16)|c3_1(X16)))|![X17]:(ndr1_0=>(~c0_1(X17)|~c1_1(X17)|~c2_1(X17)))|hskp16)&(![X18]:(ndr1_0=>(c0_1(X18)|c2_1(X18)|~c1_1(X18)))|![X19]:(ndr1_0=>(c1_1(X19)|c2_1(X19)|~c3_1(X19)))|![X20]:(ndr1_0=>(c3_1(X20)|~c0_1(X20)|~c2_1(X20))))&(![X21]:(ndr1_0=>(c0_1(X21)|c2_1(X21)|~c1_1(X21)))|![X22]:(ndr1_0=>(c1_1(X22)|~c2_1(X22)|~c3_1(X22)))|hskp11)&(![X23]:(ndr1_0=>(c0_1(X23)|c2_1(X23)|~c1_1(X23)))|![X24]:(ndr1_0=>(c3_1(X24)|~c1_1(X24)|~c2_1(X24)))|![X25]:(ndr1_0=>(~c1_1(X25)|~c2_1(X25)|~c3_1(X25))))&(![X26]:(ndr1_0=>(c0_1(X26)|c3_1(X26)|~c2_1(X26)))|![X27]:(ndr1_0=>(c1_1(X27)|~c2_1(X27)|~c3_1(X27)))|hskp17)&(![X28]:(ndr1_0=>(c0_1(X28)|~c1_1(X28)|~c2_1(X28)))|![X29]:(ndr1_0=>(c2_1(X29)|c3_1(X29)|~c0_1(X29)))|![X30]:(ndr1_0=>(c2_1(X30)|~c0_1(X30)|~c3_1(X30))))&(![X31]:(ndr1_0=>(c0_1(X31)|~c1_1(X31)|~c2_1(X31)))|![X32]:(ndr1_0=>(c2_1(X32)|~c0_1(X32)|~c3_1(X32)))|hskp15)&(![X33]:(ndr1_0=>(c0_1(X33)|~c1_1(X33)|~c2_1(X33)))|![X34]:(ndr1_0=>(~c0_1(X34)|~c1_1(X34)|~c3_1(X34)))|![X35]:(ndr1_0=>(~c1_1(X35)|~c2_1(X35)|~c3_1(X35))))&(![X36]:(ndr1_0=>(c0_1(X36)|~c1_1(X36)|~c2_1(X36)))|hskp28|hskp7)&(![X37]:(ndr1_0=>(c0_1(X37)|~c1_1(X37)|~c2_1(X37)))|hskp18|hskp15)&(![X38]:(ndr1_0=>(c0_1(X38)|~c1_1(X38)|~c3_1(X38)))|![X39]:(ndr1_0=>(c3_1(X39)|~c1_1(X39)|~c2_1(X39)))|hskp19)&(![X40]:(ndr1_0=>(c0_1(X40)|~c1_1(X40)|~c3_1(X40)))|hskp13|hskp6)&(![X41]:(ndr1_0=>(c0_1(X41)|~c2_1(X41)|~c3_1(X41)))|hskp13|hskp20)&(![X42]:(ndr1_0=>(c1_1(X42)|c2_1(X42)|c3_1(X42)))|![X43]:(ndr1_0=>(c2_1(X43)|c3_1(X43)|~c1_1(X43)))|![X44]:(ndr1_0=>(c2_1(X44)|~c0_1(X44)|~c3_1(X44))))&(![X45]:(ndr1_0=>(c1_1(X45)|c2_1(X45)|~c0_1(X45)))|![X46]:(ndr1_0=>(c3_1(X46)|~c1_1(X46)|~c2_1(X46)))|hskp21)&(![X47]:(ndr1_0=>(c1_1(X47)|c2_1(X47)|~c0_1(X47)))|hskp16|hskp0)&(![X48]:(ndr1_0=>(c1_1(X48)|c2_1(X48)|~c3_1(X48)))|![X49]:(ndr1_0=>(c3_1(X49)|~c1_1(X49)|~c2_1(X49)))|hskp19)&(![X50]:(ndr1_0=>(c1_1(X50)|c2_1(X50)|~c3_1(X50)))|![X51]:(ndr1_0=>(~c0_1(X51)|~c2_1(X51)|~c3_1(X51)))|hskp29)&(![X52]:(ndr1_0=>(c1_1(X52)|c2_1(X52)|~c3_1(X52)))|hskp11|hskp6)&(![X53]:(ndr1_0=>(c1_1(X53)|c3_1(X53)|~c0_1(X53)))|![X54]:(ndr1_0=>(c3_1(X54)|~c1_1(X54)|~c2_1(X54)))|hskp22)&(![X55]:(ndr1_0=>(c1_1(X55)|~c0_1(X55)|~c2_1(X55)))|![X56]:(ndr1_0=>(c3_1(X56)|~c0_1(X56)|~c1_1(X56)))|hskp0)&(![X57]:(ndr1_0=>(c1_1(X57)|~c0_1(X57)|~c2_1(X57)))|hskp8|hskp23)&(![X58]:(ndr1_0=>(c1_1(X58)|~c0_1(X58)|~c2_1(X58)))|hskp10|hskp9)&(![X59]:(ndr1_0=>(c1_1(X59)|~c0_1(X59)|~c3_1(X59)))|![X60]:(ndr1_0=>(c2_1(X60)|c3_1(X60)|~c0_1(X60)))|hskp19)&(![X61]:(ndr1_0=>(c1_1(X61)|~c2_1(X61)|~c3_1(X61)))|hskp4|hskp19)&(![X62]:(ndr1_0=>(c2_1(X62)|c3_1(X62)|~c0_1(X62)))|![X63]:(ndr1_0=>(c3_1(X63)|~c0_1(X63)|~c1_1(X63)))|hskp9)&(![X64]:(ndr1_0=>(c2_1(X64)|c3_1(X64)|~c0_1(X64)))|hskp29|hskp5)&(![X65]:(ndr1_0=>(c2_1(X65)|c3_1(X65)|~c0_1(X65)))|hskp13|hskp10)&(![X66]:(ndr1_0=>(c2_1(X66)|c3_1(X66)|~c0_1(X66)))|hskp13|hskp24)&(![X67]:(ndr1_0=>(c2_1(X67)|c3_1(X67)|~c0_1(X67)))|hskp16|hskp25)&(![X68]:(ndr1_0=>(c2_1(X68)|~c0_1(X68)|~c3_1(X68)))|hskp28|hskp24)&(![X69]:(ndr1_0=>(c2_1(X69)|~c0_1(X69)|~c3_1(X69)))|hskp23|hskp11)&(![X70]:(ndr1_0=>(c2_1(X70)|~c0_1(X70)|~c3_1(X70)))|hskp16|hskp26)&(![X71]:(ndr1_0=>(c3_1(X71)|~c0_1(X71)|~c1_1(X71)))|hskp30|hskp31)&(![X72]:(ndr1_0=>(c3_1(X72)|~c0_1(X72)|~c2_1(X72)))|hskp16|hskp24)&(![X73]:(ndr1_0=>(c3_1(X73)|~c1_1(X73)|~c2_1(X73)))|![X74]:(ndr1_0=>(~c0_1(X74)|~c2_1(X74)|~c3_1(X74)))|hskp24)&(![X75]:(ndr1_0=>(c3_1(X75)|~c1_1(X75)|~c2_1(X75)))|![X76]:(ndr1_0=>(~c1_1(X76)|~c2_1(X76)|~c3_1(X76)))|hskp16)&(![X77]:(ndr1_0=>(~c0_1(X77)|~c1_1(X77)|~c3_1(X77)))|hskp31|hskp21)&(![X78]:(ndr1_0=>(~c0_1(X78)|~c1_1(X78)|~c3_1(X78)))|hskp31|hskp6)&(![X79]:(ndr1_0=>(~c0_1(X79)|~c1_1(X79)|~c3_1(X79)))|hskp3|hskp25)&(![X80]:(ndr1_0=>(~c0_1(X80)|~c2_1(X80)|~c3_1(X80)))|hskp24|hskp19)&(hskp29|hskp2|hskp25)&(hskp8|hskp3|hskp7)&(hskp27|hskp18|hskp20)&(hskp27|hskp0|hskp3)&(hskp18|hskp15|hskp2)&(hskp23|hskp26|hskp25)))			
../../TPTP-v7.3.0/Problems/SYN/SYN051-1.p		Unsatisfiable	UNKNOWN		UNKNOWN		cnf	(~p|big_f(a)),(~big_f(b)|p),(~p|big_f(a)),(~big_f(b)|p)				
../../TPTP-v7.3.0/Problems/SYN/SYN046+1.p		Theorem	YES	DTS/Alligator/AlexHappy/output/SYN046+1_dts.html	UNKNOWN		fof		((p=>q)<=>(~p|q))			
../../TPTP-v7.3.0/Problems/SYN/SYN336-1.p		Unsatisfiable	UNKNOWN		UNKNOWN		cnf					
../../TPTP-v7.3.0/Problems/SYN/SYN873-1.p		Unsatisfiable	UNKNOWN		UNKNOWN		cnf					
../../TPTP-v7.3.0/Problems/SYN/SYN713-1.p		Unsatisfiable	UNKNOWN		UNKNOWN		cnf					
../../TPTP-v7.3.0/Problems/SYN/SYN096-1.008.p		Unsatisfiable	UNKNOWN		UNKNOWN		cnf	(p_0(X)|~p_1(X)|~p_2(X)),(p_0(X)|~q_1(X)|~q_2(X)),(p_1(X)|~p_2(X)|~p_3(X)),(p_1(X)|~q_2(X)|~q_3(X)),(p_2(X)|~p_3(X)|~p_4(X)),(p_2(X)|~q_3(X)|~q_4(X)),(p_3(X)|~p_4(X)|~p_5(X)),(p_3(X)|~q_4(X)|~q_5(X)),(p_4(X)|~p_5(X)|~p_6(X)),(p_4(X)|~q_5(X)|~q_6(X)),(p_5(X)|~p_6(X)|~p_7(X)),(p_5(X)|~q_6(X)|~q_7(X)),(p_6(X)|~p_7(X)|~p_8(X)),(p_6(X)|~q_7(X)|~q_8(X)),(p_7(X)|~p_8(X)|~p_9(X)),(p_7(X)|~q_8(X)|~q_9(X)),(p_8(X)|~p_9(X)|~p_10(X)),(p_8(X)|~q_9(X)|~q_10(X)),(p_9(X)|~p_10(X)|~p_11(X)),(p_9(X)|~q_10(X)|~q_11(X)),(p_10(X)|~p_11(X)|~p_12(X)),(p_10(X)|~q_11(X)|~q_12(X)),(p_11(X)|~p_12(X)|~p_13(X)),(p_11(X)|~q_12(X)|~q_13(X)),(p_12(X)|~p_13(X)|~p_14(X)),(p_12(X)|~q_13(X)|~q_14(X)),(p_13(X)|~p_14(X)|~p_15(X)),(p_13(X)|~q_14(X)|~q_15(X)),(q_0(X)|~p_1(X)|~q_2(X)),(q_0(X)|~q_1(X)|~p_2(X)),(q_1(X)|~p_2(X)|~q_3(X)),(q_1(X)|~q_2(X)|~p_3(X)),(q_2(X)|~p_3(X)|~q_4(X)),(q_2(X)|~q_3(X)|~p_4(X)),(q_3(X)|~p_4(X)|~q_5(X)),(q_3(X)|~q_4(X)|~p_5(X)),(q_4(X)|~p_5(X)|~q_6(X)),(q_4(X)|~q_5(X)|~p_6(X)),(q_5(X)|~p_6(X)|~q_7(X)),(q_5(X)|~q_6(X)|~p_7(X)),(q_6(X)|~p_7(X)|~q_8(X)),(q_6(X)|~q_7(X)|~p_8(X)),(q_7(X)|~p_8(X)|~q_9(X)),(q_7(X)|~q_8(X)|~p_9(X)),(q_8(X)|~p_9(X)|~q_10(X)),(q_8(X)|~q_9(X)|~p_10(X)),(q_9(X)|~p_10(X)|~q_11(X)),(q_9(X)|~q_10(X)|~p_11(X)),(q_10(X)|~p_11(X)|~q_12(X)),(q_10(X)|~q_11(X)|~p_12(X)),(q_11(X)|~p_12(X)|~q_13(X)),(q_11(X)|~q_12(X)|~p_13(X)),(q_12(X)|~p_13(X)|~q_14(X)),(q_12(X)|~q_13(X)|~p_14(X)),(q_13(X)|~p_14(X)|~q_15(X)),(q_13(X)|~q_14(X)|~p_15(X)),(p_15(X)|~p_7(X)),(p_16(X)|~p_8(X)),(q_15(X)|~q_7(X)),(q_16(X)|~q_8(X)),(p_14(a)),(p_15(a)),(q_14(a)),(q_15(a)),(p_0(X)|~p_1(X)|~p_2(X)),(p_0(X)|~q_1(X)|~q_2(X)),(p_1(X)|~p_2(X)|~p_3(X)),(p_1(X)|~q_2(X)|~q_3(X)),(p_2(X)|~p_3(X)|~p_4(X)),(p_2(X)|~q_3(X)|~q_4(X)),(p_3(X)|~p_4(X)|~p_5(X)),(p_3(X)|~q_4(X)|~q_5(X)),(p_4(X)|~p_5(X)|~p_6(X)),(p_4(X)|~q_5(X)|~q_6(X)),(p_5(X)|~p_6(X)|~p_7(X)),(p_5(X)|~q_6(X)|~q_7(X)),(p_6(X)|~p_7(X)|~p_8(X)),(p_6(X)|~q_7(X)|~q_8(X)),(p_7(X)|~p_8(X)|~p_9(X)),(p_7(X)|~q_8(X)|~q_9(X)),(p_8(X)|~p_9(X)|~p_10(X)),(p_8(X)|~q_9(X)|~q_10(X)),(p_9(X)|~p_10(X)|~p_11(X)),(p_9(X)|~q_10(X)|~q_11(X)),(p_10(X)|~p_11(X)|~p_12(X)),(p_10(X)|~q_11(X)|~q_12(X)),(p_11(X)|~p_12(X)|~p_13(X)),(p_11(X)|~q_12(X)|~q_13(X)),(p_12(X)|~p_13(X)|~p_14(X)),(p_12(X)|~q_13(X)|~q_14(X)),(p_13(X)|~p_14(X)|~p_15(X)),(p_13(X)|~q_14(X)|~q_15(X)),(q_0(X)|~p_1(X)|~q_2(X)),(q_0(X)|~q_1(X)|~p_2(X)),(q_1(X)|~p_2(X)|~q_3(X)),(q_1(X)|~q_2(X)|~p_3(X)),(q_2(X)|~p_3(X)|~q_4(X)),(q_2(X)|~q_3(X)|~p_4(X)),(q_3(X)|~p_4(X)|~q_5(X)),(q_3(X)|~q_4(X)|~p_5(X)),(q_4(X)|~p_5(X)|~q_6(X)),(q_4(X)|~q_5(X)|~p_6(X)),(q_5(X)|~p_6(X)|~q_7(X)),(q_5(X)|~q_6(X)|~p_7(X)),(q_6(X)|~p_7(X)|~q_8(X)),(q_6(X)|~q_7(X)|~p_8(X)),(q_7(X)|~p_8(X)|~q_9(X)),(q_7(X)|~q_8(X)|~p_9(X)),(q_8(X)|~p_9(X)|~q_10(X)),(q_8(X)|~q_9(X)|~p_10(X)),(q_9(X)|~p_10(X)|~q_11(X)),(q_9(X)|~q_10(X)|~p_11(X)),(q_10(X)|~p_11(X)|~q_12(X)),(q_10(X)|~q_11(X)|~p_12(X)),(q_11(X)|~p_12(X)|~q_13(X)),(q_11(X)|~q_12(X)|~p_13(X)),(q_12(X)|~p_13(X)|~q_14(X)),(q_12(X)|~q_13(X)|~p_14(X)),(q_13(X)|~p_14(X)|~q_15(X)),(q_13(X)|~q_14(X)|~p_15(X)),(p_15(X)|~p_7(X)),(p_16(X)|~p_8(X)),(q_15(X)|~q_7(X)),(q_16(X)|~q_8(X)),(p_14(a)),(p_15(a)),(q_14(a)),(q_15(a))				
../../TPTP-v7.3.0/Problems/SYN/SYN056-1.p		Satisfiable	UNKNOWN		UNKNOWN		cnf	(~big_p(X)|big_q(a)),(~big_q(X)|big_p(b)),(~big_p(X)|~big_q(Y)|~big_r(X)|big_s(Y)),(~big_p(X)|~big_q(Y)|~big_s(Y)|big_r(X)),(~big_p(X)|~big_q(X)|big_r(X)|big_s(X)),(~big_p(X)|big_q(a)),(~big_q(X)|big_p(b)),(~big_p(X)|~big_q(Y)|~big_r(X)|big_s(Y)),(~big_p(X)|~big_q(Y)|~big_s(Y)|big_r(X)),(~big_p(X)|~big_q(X)|big_r(X)|big_s(X))				
../../TPTP-v7.3.0/Problems/SYN/SYN534-1.p		Satisfiable	UNKNOWN		UNKNOWN		cnf					
../../TPTP-v7.3.0/Problems/SYN/SYN386+1.p		Theorem	UNKNOWN		UNKNOWN		fof		((![X]:?[Y]:big_f(X,Y)&?[X]:![E]:?[N]:![W]:(big_s(N,W)=>big_d(W,X,E))&![E]:?[D]:![A,B]:(big_d(A,B,D)=>![Y,Z]:((big_f(A,Y)&big_f(B,Z))=>big_d(Y,Z,E))))=>?[Y]:![E]:?[M]:![W]:(big_s(M,W)=>![Z]:(big_f(W,Z)=>big_d(Z,Y,E))))			
../../TPTP-v7.3.0/Problems/SYN/SYN668-1.p		Unsatisfiable	UNKNOWN		UNKNOWN		cnf					
../../TPTP-v7.3.0/Problems/SYN/SYN681-1.p		Unsatisfiable	UNKNOWN		UNKNOWN		cnf					
../../TPTP-v7.3.0/Problems/SYN/SYN491+1.p		CounterSatisfiable	UNKNOWN		UNKNOWN		fof		(~((~hskp0|(ndr1_0&c2_1(a21)&c0_1(a21)&~c1_1(a21)))&(~hskp1|(ndr1_0&~c2_1(a22)&c1_1(a22)&~c3_1(a22)))&(~hskp2|(ndr1_0&~c1_1(a23)&~c2_1(a23)&~c0_1(a23)))&(~hskp3|(ndr1_0&~c3_1(a16)&~c1_1(a16)&c0_1(a16)))&(~hskp4|(ndr1_0&c2_1(a17)&c0_1(a17)&c1_1(a17)))&(~hskp5|(ndr1_0&c1_1(a18)&~c2_1(a18)&c0_1(a18)))&(~hskp6|(ndr1_0&c1_1(a19)&c2_1(a19)&c0_1(a19)))&(~hskp7|(ndr1_0&~c0_1(a20)&c2_1(a20)&c1_1(a20)))&(~hskp8|(ndr1_0&c1_1(a24)&c3_1(a24)&c0_1(a24)))&(![U]:(ndr1_0=>(c1_1(U)|~c0_1(U)|c3_1(U)))|![V]:(ndr1_0=>(~c2_1(V)|c0_1(V)|~c3_1(V)))|![W]:(ndr1_0=>(~c3_1(W)|c0_1(W)|c1_1(W))))&(![X]:(ndr1_0=>(~c1_1(X)|c2_1(X)|~c3_1(X)))|hskp3|![Y]:(ndr1_0=>(c0_1(Y)|c2_1(Y)|c3_1(Y))))&(![Z]:(ndr1_0=>(c1_1(Z)|c3_1(Z)|c0_1(Z)))|![X1]:(ndr1_0=>(c2_1(X1)|c1_1(X1)|c3_1(X1)))|hskp4)&(hskp5|hskp6|hskp7)&(![X2]:(ndr1_0=>(c1_1(X2)|c0_1(X2)|c2_1(X2)))|![X3]:(ndr1_0=>(~c2_1(X3)|c1_1(X3)|~c3_1(X3)))|![X4]:(ndr1_0=>(c2_1(X4)|c1_1(X4)|c0_1(X4))))&(![X5]:(ndr1_0=>(c1_1(X5)|c2_1(X5)|c0_1(X5)))|![X6]:(ndr1_0=>(c1_1(X6)|c0_1(X6)|c2_1(X6)))|![X7]:(ndr1_0=>(~c2_1(X7)|~c3_1(X7)|~c1_1(X7))))&(![X8]:(ndr1_0=>(c0_1(X8)|~c1_1(X8)|~c2_1(X8)))|![X9]:(ndr1_0=>(c3_1(X9)|~c2_1(X9)|~c0_1(X9)))|hskp0)&(hskp1|hskp2|hskp8)))			
../../TPTP-v7.3.0/Problems/SYN/SYN269-1.p		Unsatisfiable	UNKNOWN		UNKNOWN		cnf					
../../TPTP-v7.3.0/Problems/SYN/SYN493-1.p		Satisfiable	UNKNOWN		UNKNOWN		cnf					
../../TPTP-v7.3.0/Problems/SYN/SYN068+1.p		Theorem	UNKNOWN		UNKNOWN		fof	(![X]:(big_f(X)=>(?[Y]:(big_g(Y)&big_h(X,Y))&?[Y1]:(big_g(Y1)&~big_h(X,Y1))))),(?[X]:(big_j(X)&![Y]:(big_g(Y)=>big_h(X,Y)))),(![X]:(big_f(X)=>(?[Y]:(big_g(Y)&big_h(X,Y))&?[Y1]:(big_g(Y1)&~big_h(X,Y1))))),(?[X]:(big_j(X)&![Y]:(big_g(Y)=>big_h(X,Y))))	(?[X]:(big_j(X)&~big_f(X)))			
../../TPTP-v7.3.0/Problems/SYN/SYN057+1.p		Theorem	UNKNOWN		UNKNOWN		fof	(?[X]:(big_f(X)&~big_g(X))),(![X]:(big_f(X)=>big_h(X))),(![X]:((big_j(X)&big_i(X))=>big_f(X))),(?[X]:(big_h(X)&~big_g(X))=>![X1]:(big_i(X1)=>~big_h(X1))),(?[X]:(big_f(X)&~big_g(X))),(![X]:(big_f(X)=>big_h(X))),(![X]:((big_j(X)&big_i(X))=>big_f(X))),(?[X]:(big_h(X)&~big_g(X))=>![X1]:(big_i(X1)=>~big_h(X1)))	(![X]:(big_j(X)=>~big_i(X)))			
../../TPTP-v7.3.0/Problems/SYN/SYN904-1.p		Satisfiable	UNKNOWN		UNKNOWN		cnf					
../../TPTP-v7.3.0/Problems/SYN/SYN319+1.p		Theorem	UNKNOWN		UNKNOWN		fof		(?[X,Y]:![Z1,Z2]:(((big_f(Y)=>big_g(Z1))=>(big_g(X)&~big_f(Z1)))=>(((big_f(X)|big_g(X))=>big_h(X))=>(big_h(Z2)&(big_h(Y)=>((big_f(Z2)|big_g(Z2))=>big_h(Z2)))))))			
../../TPTP-v7.3.0/Problems/SYN/SYN641-1.p		Unsatisfiable	UNKNOWN		UNKNOWN		cnf					
../../TPTP-v7.3.0/Problems/SYN/SYN716-1.p		Unsatisfiable	UNKNOWN		UNKNOWN		cnf					
../../TPTP-v7.3.0/Problems/SYN/SYN650-1.p		Unsatisfiable	UNKNOWN		UNKNOWN		cnf					
../../TPTP-v7.3.0/Problems/SYN/SYN073+1.p		Theorem	UNKNOWN		UNKNOWN		fof		(![X]:(big_f(a,X)|![Y]:big_f(X,Y))=>?[X1]:![Y1]:big_f(X1,Y1))			
../../TPTP-v7.3.0/Problems/SYN/SYN521+1.p		CounterSatisfiable	UNKNOWN		UNKNOWN		fof		(~(((ndr1_0&ndr1_1(a70)&c4_2(a70,a71)&~c2_2(a70,a71)&c1_2(a70,a71)&ndr1_1(a70)&~c5_2(a70,a72)&~c2_2(a70,a72)&~c3_2(a70,a72)&ndr1_1(a70)&~c5_2(a70,a73)&~c4_2(a70,a73))|~c4_0)&(~c5_0|~c2_0)&(c3_0|(ndr1_0&ndr1_1(a74)&~c2_2(a74,a75)&c5_2(a74,a75)&~c1_2(a74,a75)&~c2_1(a74)))&((ndr1_0&c1_1(a76)&c3_1(a76))|~c4_0|c1_0)&(![U]:(ndr1_0=>(c4_1(U)|c2_1(U)|![V]:(ndr1_1(U)=>(~c1_2(U,V)|~c3_2(U,V)|~c5_2(U,V)))))|c5_0)&(![W]:(ndr1_0=>(![X]:(ndr1_1(W)=>(c4_2(W,X)|c1_2(W,X)))|~c1_1(W)))|(ndr1_0&~c3_1(a77)&ndr1_1(a77)&~c5_2(a77,a78)&~c3_2(a77,a78)&ndr1_1(a77)&~c5_2(a77,a79)&~c2_2(a77,a79)&c3_2(a77,a79))|c3_0)&((ndr1_0&~c2_1(a80)&c4_1(a80)&~c3_1(a80))|![Y]:(ndr1_0=>(![Z]:(ndr1_1(Y)=>(c4_2(Y,Z)|c2_2(Y,Z)))|c1_1(Y)|(ndr1_1(Y)&c4_2(Y,a81)&c1_2(Y,a81)&~c5_2(Y,a81))))|~c1_0)&(~c3_0|(ndr1_0&ndr1_1(a82)&c4_2(a82,a83)&~c5_2(a82,a83)&ndr1_1(a82)&~c2_2(a82,a84)&~c4_2(a82,a84)&~c5_2(a82,a84)&c1_1(a82)))&(![X1]:(ndr1_0=>(![X2]:(ndr1_1(X1)=>(~c3_2(X1,X2)|~c5_2(X1,X2)|c1_2(X1,X2)))|~c1_1(X1)|c4_1(X1)))|c2_0|~c4_0)&(c4_0|~c2_0|(ndr1_0&ndr1_1(a85)&~c3_2(a85,a86)&~c1_2(a85,a86)&ndr1_1(a85)&~c3_2(a85,a87)&c4_2(a85,a87)&c5_2(a85,a87)&c5_1(a85)))&((ndr1_0&c1_1(a88)&![X3]:(ndr1_1(a88)=>(c5_2(a88,X3)|c2_2(a88,X3)))&ndr1_1(a88)&~c2_2(a88,a89)&~c5_2(a88,a89)&c4_2(a88,a89))|(ndr1_0&~c4_1(a90)&~c3_1(a90)&~c2_1(a90))|![X4]:(ndr1_0=>(![X5]:(ndr1_1(X4)=>(~c3_2(X4,X5)|c5_2(X4,X5)|~c1_2(X4,X5)))|(ndr1_1(X4)&~c2_2(X4,a91)&~c4_2(X4,a91)&~c1_2(X4,a91))|(ndr1_1(X4)&c1_2(X4,a92)&c5_2(X4,a92)))))&(c4_0|(ndr1_0&ndr1_1(a93)&~c1_2(a93,a94)&c2_2(a93,a94)&~c4_2(a93,a94)&c4_1(a93)&c3_1(a93))|(ndr1_0&ndr1_1(a95)&~c4_2(a95,a96)&c1_2(a95,a96)&c5_2(a95,a96)&![X6]:(ndr1_1(a95)=>(c5_2(a95,X6)|~c1_2(a95,X6)|~c3_2(a95,X6)))))&(~c5_0|(ndr1_0&ndr1_1(a97)&c5_2(a97,a98)&~c2_2(a97,a98)&ndr1_1(a97)&~c2_2(a97,a99)&~c1_2(a97,a99)&c5_2(a97,a99)&![X7]:(ndr1_1(a97)=>(c3_2(a97,X7)|c2_2(a97,X7)|c1_2(a97,X7))))|(ndr1_0&![X8]:(ndr1_1(a100)=>(~c4_2(a100,X8)|~c3_2(a100,X8)|~c2_2(a100,X8)))&c4_1(a100)&c2_1(a100)))&((ndr1_0&![X9]:(ndr1_1(a101)=>(~c2_2(a101,X9)|~c5_2(a101,X9)))&![X10]:(ndr1_1(a101)=>(~c1_2(a101,X10)|c3_2(a101,X10)|~c5_2(a101,X10))))|c3_0|(ndr1_0&c2_1(a102)&ndr1_1(a102)&c1_2(a102,a103)&~c5_2(a102,a103)&![X11]:(ndr1_1(a102)=>(~c1_2(a102,X11)|~c5_2(a102,X11)|~c3_2(a102,X11)))))&(~c1_0|![X12]:(ndr1_0=>(![X13]:(ndr1_1(X12)=>(c4_2(X12,X13)|c3_2(X12,X13)|~c5_2(X12,X13)))|~c4_1(X12)))|c3_0)))			
../../TPTP-v7.3.0/Problems/SYN/SYN344-1.p		Satisfiable	UNKNOWN		UNKNOWN		cnf					
../../TPTP-v7.3.0/Problems/SYN/SYN358+1.p		Theorem	UNKNOWN		UNKNOWN		fof		(?[X]:(p&big_q(X))<=>(p&?[X]:big_q(X)))			
../../TPTP-v7.3.0/Problems/SYN/SYN472-1.p		Unsatisfiable	UNKNOWN		UNKNOWN		cnf					
../../TPTP-v7.3.0/Problems/SYN/SYN334+1.p		Theorem	UNKNOWN		UNKNOWN		fof		(?[X,Y]:![Z]:((big_f(X,Y)=>(big_f(X,Z)<=>big_g(Y,Z)))=>((big_f(X,Y)<=>(big_f(Z,Z)=>big_g(Z,Z)))=>(big_g(X,Y)<=>big_g(Z,Z)))))			
../../TPTP-v7.3.0/Problems/SYN/SYN232-1.p		Unsatisfiable	UNKNOWN		UNKNOWN		cnf					
../../TPTP-v7.3.0/Problems/SYN/SYN153-1.p		Unsatisfiable	UNKNOWN		UNKNOWN		cnf					
../../TPTP-v7.3.0/Problems/SYN/SYN504-1.p		Unsatisfiable	UNKNOWN		UNKNOWN		cnf					
../../TPTP-v7.3.0/Problems/SYN/SYN270-1.p		Unsatisfiable	UNKNOWN		UNKNOWN		cnf					
../../TPTP-v7.3.0/Problems/SYN/SYN978+1.p		Theorem	YES	DTS/Alligator/AlexHappy/output/SYN978+1_dts.html	UNKNOWN		fof		((a&b)=>(a<=>b))			
../../TPTP-v7.3.0/Problems/SYN/SYN494+1.p		CounterSatisfiable	UNKNOWN		UNKNOWN		fof		(~((~hskp0|(ndr1_0&c3_1(a49)&c2_1(a49)&~c1_1(a49)))&(~hskp1|(ndr1_0&~c3_1(a53)&c1_1(a53)&~c0_1(a53)))&(~hskp2|(ndr1_0&c1_1(a58)&c3_1(a58)&~c0_1(a58)))&(~hskp3|(ndr1_0&c1_1(a50)&~c2_1(a50)&c0_1(a50)))&(~hskp4|(ndr1_0&c0_1(a51)&~c2_1(a51)&c1_1(a51)))&(~hskp5|(ndr1_0&~c3_1(a52)&c2_1(a52)&c1_1(a52)))&(~hskp6|(ndr1_0&~c3_1(a54)&~c2_1(a54)&c1_1(a54)))&(~hskp7|(ndr1_0&~c1_1(a55)&c3_1(a55)&c2_1(a55)))&(~hskp8|(ndr1_0&c3_1(a56)&~c0_1(a56)&c2_1(a56)))&(~hskp9|(ndr1_0&~c2_1(a57)&~c1_1(a57)&c3_1(a57)))&(~hskp10|(ndr1_0&c2_1(a59)&~c1_1(a59)&c3_1(a59)))&(~hskp11|(ndr1_0&c2_1(a60)&c0_1(a60)&c3_1(a60)))&(![U]:(ndr1_0=>(~c2_1(U)|c3_1(U)|~c1_1(U)))|![V]:(ndr1_0=>(c3_1(V)|c0_1(V)|~c1_1(V)))|hskp0)&(hskp3|![W]:(ndr1_0=>(c3_1(W)|~c2_1(W)|c1_1(W)))|![X]:(ndr1_0=>(c2_1(X)|~c1_1(X)|~c3_1(X))))&(![Y]:(ndr1_0=>(~c3_1(Y)|c0_1(Y)|~c2_1(Y)))|![Z]:(ndr1_0=>(c0_1(Z)|c1_1(Z)|c2_1(Z)))|hskp4)&(hskp5|hskp1|![X1]:(ndr1_0=>(c3_1(X1)|~c2_1(X1)|c0_1(X1))))&(![X2]:(ndr1_0=>(c3_1(X2)|c2_1(X2)|c0_1(X2)))|![X3]:(ndr1_0=>(c0_1(X3)|~c1_1(X3)|c2_1(X3)))|![X4]:(ndr1_0=>(~c0_1(X4)|~c3_1(X4)|~c2_1(X4))))&(hskp6|hskp7|![X5]:(ndr1_0=>(~c3_1(X5)|c0_1(X5)|~c1_1(X5))))&(hskp8|hskp9|hskp2)&(hskp10|![X6]:(ndr1_0=>(~c1_1(X6)|c2_1(X6)|c0_1(X6)))|hskp11)))			
../../TPTP-v7.3.0/Problems/SYN/SYN449-1.p		Satisfiable	UNKNOWN		UNKNOWN		cnf					
../../TPTP-v7.3.0/Problems/SYN/SYN879-1.p		Unsatisfiable	UNKNOWN		UNKNOWN		cnf					
../../TPTP-v7.3.0/Problems/SYN/SYN559-1.p		Unsatisfiable	UNKNOWN		UNKNOWN		cnf					
../../TPTP-v7.3.0/Problems/SYN/SYN732+1.p		Theorem	UNKNOWN		UNKNOWN		fof		(![Y]:(![X]:p(X,Y)=>![U]:q(U,Y))=>?[Z]:(?[V]:p(V,Z)=>?[W]:(p(Z,W)|q(W,Z))))			
../../TPTP-v7.3.0/Problems/SYN/SYN173-1.p		Unsatisfiable	UNKNOWN		UNKNOWN		cnf					
../../TPTP-v7.3.0/Problems/SYN/SYN395+1.p		Theorem	UNKNOWN		UNKNOWN		fof		(![X]:(f(X)=>g(X))=>(?[Y]:f(Y)=>?[Z]:g(Z)))			
../../TPTP-v7.3.0/Problems/SYN/SYN441+1.p		CounterSatisfiable	UNKNOWN		UNKNOWN		fof		(~((~hskp0|(ndr1_0&~c1_1(a1818)&~c2_1(a1818)&~c3_1(a1818)))&(~hskp1|(ndr1_0&~c0_1(a1824)&~c3_1(a1824)&~c1_1(a1824)))&(~hskp2|(ndr1_0&c3_1(a1826)&c0_1(a1826)&~c1_1(a1826)))&(~hskp3|(ndr1_0&c3_1(a1828)&~c1_1(a1828)&~c0_1(a1828)))&(~hskp4|(ndr1_0&~c3_1(a1829)&~c1_1(a1829)&~c2_1(a1829)))&(~hskp5|(ndr1_0&c1_1(a1831)&~c0_1(a1831)&~c2_1(a1831)))&(~hskp6|(ndr1_0&~c3_1(a1832)&~c1_1(a1832)&~c0_1(a1832)))&(~hskp7|(ndr1_0&c3_1(a1833)&~c2_1(a1833)&~c1_1(a1833)))&(~hskp8|(ndr1_0&c1_1(a1837)&c0_1(a1837)&~c3_1(a1837)))&(~hskp9|(ndr1_0&c2_1(a1840)&c0_1(a1840)&~c3_1(a1840)))&(~hskp10|(ndr1_0&~c0_1(a1841)&c2_1(a1841)&~c1_1(a1841)))&(~hskp11|(ndr1_0&c3_1(a1843)&~c2_1(a1843)&~c0_1(a1843)))&(~hskp12|(ndr1_0&~c3_1(a1844)&~c0_1(a1844)&~c2_1(a1844)))&(~hskp13|(ndr1_0&c1_1(a1846)&c3_1(a1846)&~c2_1(a1846)))&(~hskp14|(ndr1_0&~c2_1(a1847)&c3_1(a1847)&~c0_1(a1847)))&(~hskp15|(ndr1_0&~c1_1(a1850)&c3_1(a1850)&~c0_1(a1850)))&(~hskp16|(ndr1_0&c1_1(a1851)&~c2_1(a1851)&~c3_1(a1851)))&(~hskp17|(ndr1_0&c0_1(a1853)&c2_1(a1853)&~c1_1(a1853)))&(~hskp18|(ndr1_0&~c1_1(a1854)&c0_1(a1854)&~c3_1(a1854)))&(~hskp19|(ndr1_0&~c0_1(a1855)&c1_1(a1855)&~c2_1(a1855)))&(~hskp20|(ndr1_0&~c0_1(a1856)&~c1_1(a1856)&~c2_1(a1856)))&(~hskp21|(ndr1_0&c3_1(a1857)&c2_1(a1857)&~c0_1(a1857)))&(~hskp22|(ndr1_0&~c2_1(a1858)&c0_1(a1858)&~c3_1(a1858)))&(~hskp23|(ndr1_0&~c2_1(a1859)&~c3_1(a1859)&~c1_1(a1859)))&(~hskp24|(ndr1_0&c3_1(a1862)&c0_1(a1862)&~c2_1(a1862)))&(~hskp25|(ndr1_0&c2_1(a1864)&~c0_1(a1864)&~c3_1(a1864)))&(~hskp26|(ndr1_0&~c0_1(a1866)&~c2_1(a1866)&~c1_1(a1866)))&(~hskp27|(ndr1_0&c0_1(a1869)&c3_1(a1869)&~c2_1(a1869)))&(~hskp28|(ndr1_0&~c1_1(a1870)&~c2_1(a1870)&~c0_1(a1870)))&(~hskp29|(ndr1_0&c0_1(a1872)&~c3_1(a1872)&~c1_1(a1872)))&(~hskp30|(ndr1_0&c2_1(a1873)&c1_1(a1873)&~c0_1(a1873)))&(~hskp31|(ndr1_0&c3_1(a1875)&c2_1(a1875)&~c1_1(a1875)))&(~hskp32|(ndr1_0&~c1_1(a1876)&c2_1(a1876)&~c3_1(a1876)))&(~hskp33|(ndr1_0&~c1_1(a1881)&~c0_1(a1881)&~c3_1(a1881)))&(~hskp34|(ndr1_0&c3_1(a1882)&c1_1(a1882)&~c0_1(a1882)))&(~hskp35|(ndr1_0&~c3_1(a1890)&c1_1(a1890)&~c0_1(a1890)))&(~hskp36|(ndr1_0&c3_1(a1891)&c1_1(a1891)&~c2_1(a1891)))&(~hskp37|(ndr1_0&c0_1(a1892)&~c1_1(a1892)&~c3_1(a1892)))&(~hskp38|(ndr1_0&c1_1(a1895)&~c2_1(a1895)&~c0_1(a1895)))&(~hskp39|(ndr1_0&~c0_1(a1896)&~c1_1(a1896)&~c3_1(a1896)))&(~hskp40|(ndr1_0&c1_1(a1900)&~c3_1(a1900)&~c0_1(a1900)))&(~hskp41|(ndr1_0&~c1_1(a1901)&~c3_1(a1901)&~c2_1(a1901)))&(~hskp42|(ndr1_0&c2_1(a1819)&c0_1(a1819)&c3_1(a1819)))&(~hskp43|(ndr1_0&~c1_1(a1820)&~c0_1(a1820)&c2_1(a1820)))&(~hskp44|(ndr1_0&c3_1(a1821)&~c2_1(a1821)&c0_1(a1821)))&(~hskp45|(ndr1_0&c0_1(a1822)&c2_1(a1822)&c3_1(a1822)))&(~hskp46|(ndr1_0&~c0_1(a1823)&c2_1(a1823)&c3_1(a1823)))&(~hskp47|(ndr1_0&c2_1(a1825)&~c0_1(a1825)&c3_1(a1825)))&(~hskp48|(ndr1_0&~c3_1(a1827)&~c1_1(a1827)&c2_1(a1827)))&(~hskp49|(ndr1_0&c3_1(a1830)&c0_1(a1830)&c2_1(a1830)))&(~hskp50|(ndr1_0&c0_1(a1834)&~c1_1(a1834)&c2_1(a1834)))&(~hskp51|(ndr1_0&c0_1(a1835)&c3_1(a1835)&c2_1(a1835)))&(~hskp52|(ndr1_0&c0_1(a1836)&~c3_1(a1836)&c2_1(a1836)))&(~hskp53|(ndr1_0&~c2_1(a1838)&~c1_1(a1838)&c0_1(a1838)))&(~hskp54|(ndr1_0&~c2_1(a1839)&~c0_1(a1839)&c1_1(a1839)))&(~hskp55|(ndr1_0&~c2_1(a1842)&c0_1(a1842)&c3_1(a1842)))&(~hskp56|(ndr1_0&~c2_1(a1845)&~c3_1(a1845)&c0_1(a1845)))&(~hskp57|(ndr1_0&~c0_1(a1848)&~c1_1(a1848)&c3_1(a1848)))&(~hskp58|(ndr1_0&c2_1(a1849)&c3_1(a1849)&c1_1(a1849)))&(~hskp59|(ndr1_0&c1_1(a1852)&c0_1(a1852)&c2_1(a1852)))&(~hskp60|(ndr1_0&c1_1(a1860)&c0_1(a1860)&c3_1(a1860)))&(~hskp61|(ndr1_0&~c3_1(a1863)&~c0_1(a1863)&c1_1(a1863)))&(~hskp62|(ndr1_0&c2_1(a1867)&c3_1(a1867)&c0_1(a1867)))&(~hskp63|(ndr1_0&c1_1(a1868)&~c0_1(a1868)&c3_1(a1868)))&(~hskp64|(ndr1_0&c3_1(a1874)&c1_1(a1874)&c2_1(a1874)))&(~hskp65|(ndr1_0&~c0_1(a1878)&c3_1(a1878)&c1_1(a1878)))&(~hskp66|(ndr1_0&~c0_1(a1879)&~c2_1(a1879)&c1_1(a1879)))&(~hskp67|(ndr1_0&c3_1(a1885)&~c1_1(a1885)&c2_1(a1885)))&(~hskp68|(ndr1_0&c3_1(a1886)&c0_1(a1886)&c1_1(a1886)))&(~hskp69|(ndr1_0&~c3_1(a1887)&c0_1(a1887)&c1_1(a1887)))&(~hskp70|(ndr1_0&c1_1(a1889)&c2_1(a1889)&c3_1(a1889)))&(~hskp71|(ndr1_0&~c1_1(a1894)&c3_1(a1894)&c0_1(a1894)))&(~hskp72|(ndr1_0&~c0_1(a1897)&~c1_1(a1897)&c2_1(a1897)))&(~hskp73|(ndr1_0&c3_1(a1898)&c1_1(a1898)&c0_1(a1898)))&(~hskp74|(ndr1_0&c0_1(a1899)&~c3_1(a1899)&c1_1(a1899)))&(~hskp75|(ndr1_0&~c3_1(a1902)&c2_1(a1902)&c1_1(a1902)))&(![U]:(ndr1_0=>(~c1_1(U)|c0_1(U)|~c2_1(U)))|![V]:(ndr1_0=>(c1_1(V)|c2_1(V)|c0_1(V)))|![W]:(ndr1_0=>(c0_1(W)|c2_1(W)|~c3_1(W))))&(![X]:(ndr1_0=>(~c0_1(X)|~c3_1(X)|~c2_1(X)))|![Y]:(ndr1_0=>(c1_1(Y)|~c2_1(Y)|~c0_1(Y)))|hskp0)&(![Z]:(ndr1_0=>(~c3_1(Z)|c2_1(Z)|~c1_1(Z)))|![X1]:(ndr1_0=>(~c0_1(X1)|~c1_1(X1)|~c3_1(X1)))|hskp42)&(![X2]:(ndr1_0=>(c2_1(X2)|c0_1(X2)|c1_1(X2)))|hskp43|![X3]:(ndr1_0=>(c1_1(X3)|c2_1(X3)|~c3_1(X3))))&(![X4]:(ndr1_0=>(c2_1(X4)|~c3_1(X4)|c1_1(X4)))|![X5]:(ndr1_0=>(c0_1(X5)|c3_1(X5)|c2_1(X5)))|hskp44)&(hskp45|![X6]:(ndr1_0=>(c2_1(X6)|c0_1(X6)|~c3_1(X6)))|hskp46)&(![X7]:(ndr1_0=>(~c2_1(X7)|c0_1(X7)|~c1_1(X7)))|hskp1|hskp47)&(![X8]:(ndr1_0=>(c2_1(X8)|c3_1(X8)|c0_1(X8)))|![X9]:(ndr1_0=>(~c2_1(X9)|~c1_1(X9)|~c0_1(X9)))|![X10]:(ndr1_0=>(~c3_1(X10)|c2_1(X10)|c1_1(X10))))&(![X11]:(ndr1_0=>(c0_1(X11)|~c3_1(X11)|c1_1(X11)))|![X12]:(ndr1_0=>(~c0_1(X12)|~c2_1(X12)|c3_1(X12)))|![X13]:(ndr1_0=>(~c2_1(X13)|~c3_1(X13)|c1_1(X13))))&(![X14]:(ndr1_0=>(c1_1(X14)|c0_1(X14)|c3_1(X14)))|![X15]:(ndr1_0=>(~c3_1(X15)|~c1_1(X15)|~c2_1(X15)))|hskp2)&(![X16]:(ndr1_0=>(~c3_1(X16)|~c1_1(X16)|~c2_1(X16)))|hskp48|hskp3)&(![X17]:(ndr1_0=>(~c1_1(X17)|c0_1(X17)|c2_1(X17)))|![X18]:(ndr1_0=>(c0_1(X18)|c2_1(X18)|c3_1(X18)))|hskp4)&(hskp49|hskp5|![X19]:(ndr1_0=>(~c2_1(X19)|~c0_1(X19)|~c3_1(X19))))&(![X20]:(ndr1_0=>(c3_1(X20)|c1_1(X20)|c2_1(X20)))|hskp6|hskp7)&(hskp50|![X21]:(ndr1_0=>(~c3_1(X21)|c0_1(X21)|~c2_1(X21)))|![X22]:(ndr1_0=>(c0_1(X22)|~c1_1(X22)|c3_1(X22))))&(![X23]:(ndr1_0=>(~c2_1(X23)|c0_1(X23)|c3_1(X23)))|![X24]:(ndr1_0=>(~c2_1(X24)|c3_1(X24)|c0_1(X24)))|![X25]:(ndr1_0=>(c1_1(X25)|c2_1(X25)|c3_1(X25))))&(![X26]:(ndr1_0=>(~c0_1(X26)|~c1_1(X26)|c3_1(X26)))|![X27]:(ndr1_0=>(~c1_1(X27)|~c2_1(X27)|~c3_1(X27)))|![X28]:(ndr1_0=>(c3_1(X28)|c2_1(X28)|~c1_1(X28))))&(![X29]:(ndr1_0=>(~c1_1(X29)|~c3_1(X29)|c0_1(X29)))|hskp51|![X30]:(ndr1_0=>(c2_1(X30)|~c0_1(X30)|~c1_1(X30))))&(![X31]:(ndr1_0=>(~c0_1(X31)|c1_1(X31)|c3_1(X31)))|![X32]:(ndr1_0=>(~c3_1(X32)|~c1_1(X32)|~c0_1(X32)))|hskp52)&(![X33]:(ndr1_0=>(c3_1(X33)|~c1_1(X33)|c2_1(X33)))|hskp8|![X34]:(ndr1_0=>(~c0_1(X34)|~c3_1(X34)|~c2_1(X34))))&(![X35]:(ndr1_0=>(~c2_1(X35)|~c1_1(X35)|~c0_1(X35)))|hskp53|hskp54)&(![X36]:(ndr1_0=>(c2_1(X36)|c3_1(X36)|~c1_1(X36)))|![X37]:(ndr1_0=>(~c3_1(X37)|~c1_1(X37)|c2_1(X37)))|hskp9)&(hskp10|![X38]:(ndr1_0=>(c3_1(X38)|~c2_1(X38)|c1_1(X38)))|![X39]:(ndr1_0=>(c0_1(X39)|~c3_1(X39)|c2_1(X39))))&(![X40]:(ndr1_0=>(~c1_1(X40)|c3_1(X40)|~c2_1(X40)))|![X41]:(ndr1_0=>(c0_1(X41)|~c2_1(X41)|~c1_1(X41)))|![X42]:(ndr1_0=>(~c1_1(X42)|c0_1(X42)|c2_1(X42))))&(![X43]:(ndr1_0=>(c1_1(X43)|c0_1(X43)|~c2_1(X43)))|![X44]:(ndr1_0=>(c1_1(X44)|c0_1(X44)|c2_1(X44)))|hskp55)&(hskp11|hskp12|hskp56)&(![X45]:(ndr1_0=>(c0_1(X45)|~c3_1(X45)|c1_1(X45)))|![X46]:(ndr1_0=>(~c2_1(X46)|c3_1(X46)|~c1_1(X46)))|![X47]:(ndr1_0=>(~c1_1(X47)|c0_1(X47)|c3_1(X47))))&(hskp13|hskp14|hskp57)&(hskp58|![X48]:(ndr1_0=>(c3_1(X48)|c0_1(X48)|~c1_1(X48)))|hskp15)&(hskp16|![X49]:(ndr1_0=>(c0_1(X49)|c3_1(X49)|c1_1(X49)))|![X50]:(ndr1_0=>(~c3_1(X50)|~c2_1(X50)|~c1_1(X50))))&(![X51]:(ndr1_0=>(~c2_1(X51)|~c0_1(X51)|~c3_1(X51)))|hskp59|hskp17)&(hskp18|hskp19|![X52]:(ndr1_0=>(c0_1(X52)|c2_1(X52)|c1_1(X52))))&(hskp20|hskp21|hskp22)&(hskp23|![X53]:(ndr1_0=>(~c3_1(X53)|c0_1(X53)|~c2_1(X53)))|hskp60)&(![X54]:(ndr1_0=>(c2_1(X54)|c0_1(X54)|c3_1(X54)))|hskp49|![X55]:(ndr1_0=>(c0_1(X55)|~c3_1(X55)|~c1_1(X55))))&(hskp24|hskp61|![X56]:(ndr1_0=>(c0_1(X56)|~c1_1(X56)|~c3_1(X56))))&(hskp25|hskp11|hskp26)&(![X57]:(ndr1_0=>(~c2_1(X57)|~c3_1(X57)|c1_1(X57)))|hskp62|hskp63)&(hskp27|hskp28|hskp42)&(hskp29|hskp30|![X58]:(ndr1_0=>(c1_1(X58)|c2_1(X58)|c0_1(X58))))&(![X59]:(ndr1_0=>(c3_1(X59)|~c2_1(X59)|c0_1(X59)))|hskp64|![X60]:(ndr1_0=>(c3_1(X60)|~c0_1(X60)|c2_1(X60))))&(![X61]:(ndr1_0=>(c0_1(X61)|c3_1(X61)|c1_1(X61)))|hskp31|hskp32)&(![X62]:(ndr1_0=>(c0_1(X62)|~c2_1(X62)|~c1_1(X62)))|![X63]:(ndr1_0=>(~c2_1(X63)|~c1_1(X63)|~c3_1(X63)))|![X64]:(ndr1_0=>(c3_1(X64)|c2_1(X64)|c1_1(X64))))&(![X65]:(ndr1_0=>(~c2_1(X65)|c3_1(X65)|c0_1(X65)))|![X66]:(ndr1_0=>(c1_1(X66)|~c0_1(X66)|~c2_1(X66)))|hskp63)&(hskp65|![X67]:(ndr1_0=>(c0_1(X67)|~c3_1(X67)|c2_1(X67)))|hskp66)&(![X68]:(ndr1_0=>(c1_1(X68)|~c2_1(X68)|c3_1(X68)))|hskp32|hskp33)&(![X69]:(ndr1_0=>(c0_1(X69)|c1_1(X69)|c3_1(X69)))|hskp34|![X70]:(ndr1_0=>(~c0_1(X70)|c3_1(X70)|~c1_1(X70))))&(hskp47|![X71]:(ndr1_0=>(~c1_1(X71)|c3_1(X71)|~c2_1(X71)))|hskp22)&(hskp67|hskp68|hskp69)&(![X72]:(ndr1_0=>(~c3_1(X72)|~c0_1(X72)|c1_1(X72)))|![X73]:(ndr1_0=>(~c1_1(X73)|~c2_1(X73)|~c3_1(X73)))|![X74]:(ndr1_0=>(c0_1(X74)|c2_1(X74)|~c3_1(X74))))&(hskp61|hskp70|![X75]:(ndr1_0=>(~c3_1(X75)|~c2_1(X75)|~c0_1(X75))))&(hskp35|![X76]:(ndr1_0=>(~c2_1(X76)|~c0_1(X76)|~c1_1(X76)))|![X77]:(ndr1_0=>(c1_1(X77)|~c0_1(X77)|c3_1(X77))))&(![X78]:(ndr1_0=>(c2_1(X78)|c1_1(X78)|c0_1(X78)))|![X79]:(ndr1_0=>(~c2_1(X79)|c3_1(X79)|~c1_1(X79)))|hskp36)&(hskp37|![X80]:(ndr1_0=>(~c0_1(X80)|~c3_1(X80)|~c1_1(X80)))|hskp28)&(![X81]:(ndr1_0=>(c2_1(X81)|c1_1(X81)|c3_1(X81)))|hskp71|hskp38)&(![X82]:(ndr1_0=>(~c0_1(X82)|~c1_1(X82)|~c3_1(X82)))|hskp39|hskp72)&(![X83]:(ndr1_0=>(c2_1(X83)|c3_1(X83)|c0_1(X83)))|![X84]:(ndr1_0=>(~c1_1(X84)|~c0_1(X84)|c3_1(X84)))|![X85]:(ndr1_0=>(~c3_1(X85)|~c1_1(X85)|~c0_1(X85))))&(hskp73|![X86]:(ndr1_0=>(~c0_1(X86)|c3_1(X86)|~c1_1(X86)))|hskp74)&(![X87]:(ndr1_0=>(c2_1(X87)|c1_1(X87)|~c0_1(X87)))|hskp40|hskp41)&(![X88]:(ndr1_0=>(c0_1(X88)|~c2_1(X88)|c3_1(X88)))|hskp75|![X89]:(ndr1_0=>(~c0_1(X89)|~c2_1(X89)|~c1_1(X89))))))			
../../TPTP-v7.3.0/Problems/SYN/SYN447-1.p		Unsatisfiable	UNKNOWN		UNKNOWN		cnf					
../../TPTP-v7.3.0/Problems/SYN/SYN736-1.p		Satisfiable	UNKNOWN		UNKNOWN		cnf					
../../TPTP-v7.3.0/Problems/SYN/SYN478+1.p		Theorem	UNKNOWN		UNKNOWN		fof		(~((~hskp0|(ndr1_0&~c0_1(a1306)&~c1_1(a1306)&~c2_1(a1306)))&(~hskp1|(ndr1_0&c3_1(a1308)&~c1_1(a1308)&~c2_1(a1308)))&(~hskp2|(ndr1_0&c1_1(a1309)&c3_1(a1309)&~c2_1(a1309)))&(~hskp3|(ndr1_0&c0_1(a1311)&c2_1(a1311)&~c1_1(a1311)))&(~hskp4|(ndr1_0&c0_1(a1312)&~c1_1(a1312)&~c3_1(a1312)))&(~hskp5|(ndr1_0&c1_1(a1314)&~c0_1(a1314)&~c3_1(a1314)))&(~hskp6|(ndr1_0&c3_1(a1315)&~c0_1(a1315)&~c1_1(a1315)))&(~hskp7|(ndr1_0&~c0_1(a1316)&~c2_1(a1316)&~c3_1(a1316)))&(~hskp8|(ndr1_0&c2_1(a1319)&~c0_1(a1319)&~c3_1(a1319)))&(~hskp9|(ndr1_0&c2_1(a1320)&~c0_1(a1320)&~c1_1(a1320)))&(~hskp10|(ndr1_0&c0_1(a1321)&c3_1(a1321)&~c2_1(a1321)))&(~hskp11|(ndr1_0&c0_1(a1324)&c3_1(a1324)&~c1_1(a1324)))&(~hskp12|(ndr1_0&c1_1(a1325)&c3_1(a1325)&~c0_1(a1325)))&(~hskp13|(ndr1_0&~c1_1(a1326)&~c2_1(a1326)&~c3_1(a1326)))&(~hskp14|(ndr1_0&c0_1(a1330)&~c1_1(a1330)&~c2_1(a1330)))&(~hskp15|(ndr1_0&c1_1(a1331)&c2_1(a1331)&~c3_1(a1331)))&(~hskp16|(ndr1_0&c1_1(a1333)&~c2_1(a1333)&~c3_1(a1333)))&(~hskp17|(ndr1_0&c2_1(a1334)&c3_1(a1334)&~c0_1(a1334)))&(~hskp18|(ndr1_0&c1_1(a1339)&~c0_1(a1339)&~c2_1(a1339)))&(~hskp19|(ndr1_0&c0_1(a1344)&c1_1(a1344)&~c2_1(a1344)))&(~hskp20|(ndr1_0&c1_1(a1348)&c2_1(a1348)&~c0_1(a1348)))&(~hskp21|(ndr1_0&c3_1(a1352)&~c0_1(a1352)&~c2_1(a1352)))&(~hskp22|(ndr1_0&c0_1(a1356)&c1_1(a1356)&~c3_1(a1356)))&(~hskp23|(ndr1_0&~c0_1(a1359)&~c1_1(a1359)&~c3_1(a1359)))&(~hskp24|(ndr1_0&c2_1(a1370)&~c1_1(a1370)&~c3_1(a1370)))&(~hskp25|(ndr1_0&c0_1(a1394)&c2_1(a1394)&~c3_1(a1394)))&(~hskp26|(ndr1_0&c0_1(a1411)&~c2_1(a1411)&~c3_1(a1411)))&(~hskp27|(ndr1_0&c0_1(a1307)&c1_1(a1307)&c2_1(a1307)))&(~hskp28|(ndr1_0&c0_1(a1328)&c2_1(a1328)&c3_1(a1328)))&(~hskp29|(ndr1_0&c1_1(a1338)&c2_1(a1338)&c3_1(a1338)))&(~hskp30|(ndr1_0&c0_1(a1372)&c1_1(a1372)&c3_1(a1372)))&(![U]:(ndr1_0=>(c0_1(U)|c1_1(U)|c2_1(U)))|![V]:(ndr1_0=>(c1_1(V)|c3_1(V)|~c2_1(V)))|hskp0)&(![W]:(ndr1_0=>(c0_1(W)|c1_1(W)|c2_1(W)))|![X]:(ndr1_0=>(c2_1(X)|~c1_1(X)|~c3_1(X)))|![Y]:(ndr1_0=>(c3_1(Y)|~c0_1(Y)|~c1_1(Y))))&(![Z]:(ndr1_0=>(c0_1(Z)|c1_1(Z)|c2_1(Z)))|hskp27|hskp1)&(![X1]:(ndr1_0=>(c0_1(X1)|c1_1(X1)|c2_1(X1)))|hskp2|hskp1)&(![X2]:(ndr1_0=>(c0_1(X2)|c1_1(X2)|c3_1(X2)))|![X3]:(ndr1_0=>(c0_1(X3)|c1_1(X3)|~c2_1(X3)))|![X4]:(ndr1_0=>(c1_1(X4)|c3_1(X4)|~c2_1(X4))))&(![X5]:(ndr1_0=>(c0_1(X5)|c1_1(X5)|c3_1(X5)))|![X6]:(ndr1_0=>(c2_1(X6)|~c0_1(X6)|~c3_1(X6)))|hskp3)&(![X7]:(ndr1_0=>(c0_1(X7)|c1_1(X7)|~c2_1(X7)))|hskp4|hskp2)&(![X8]:(ndr1_0=>(c0_1(X8)|c1_1(X8)|~c2_1(X8)))|hskp5|hskp6)&(![X9]:(ndr1_0=>(c0_1(X9)|c1_1(X9)|~c3_1(X9)))|![X10]:(ndr1_0=>(c2_1(X10)|~c1_1(X10)|~c3_1(X10)))|hskp7)&(![X11]:(ndr1_0=>(c0_1(X11)|c2_1(X11)|c3_1(X11)))|![X12]:(ndr1_0=>(c0_1(X12)|c3_1(X12)|~c2_1(X12)))|hskp6)&(![X13]:(ndr1_0=>(c0_1(X13)|c2_1(X13)|c3_1(X13)))|![X14]:(ndr1_0=>(c0_1(X14)|~c1_1(X14)|~c2_1(X14)))|hskp6)&(![X15]:(ndr1_0=>(c0_1(X15)|c2_1(X15)|c3_1(X15)))|![X16]:(ndr1_0=>(c0_1(X16)|~c2_1(X16)|~c3_1(X16)))|hskp8)&(![X17]:(ndr1_0=>(c0_1(X17)|c2_1(X17)|c3_1(X17)))|![X18]:(ndr1_0=>(c2_1(X18)|c3_1(X18)|~c0_1(X18)))|hskp9)&(![X19]:(ndr1_0=>(c0_1(X19)|c2_1(X19)|c3_1(X19)))|hskp10|hskp6)&(![X20]:(ndr1_0=>(c0_1(X20)|c2_1(X20)|~c1_1(X20)))|![X21]:(ndr1_0=>(c0_1(X21)|c2_1(X21)|~c3_1(X21)))|![X22]:(ndr1_0=>(c2_1(X22)|c3_1(X22)|~c1_1(X22))))&(![X23]:(ndr1_0=>(c0_1(X23)|c2_1(X23)|~c1_1(X23)))|![X24]:(ndr1_0=>(c0_1(X24)|c3_1(X24)|~c1_1(X24)))|hskp9)&(![X25]:(ndr1_0=>(c0_1(X25)|c2_1(X25)|~c1_1(X25)))|![X26]:(ndr1_0=>(c1_1(X26)|c2_1(X26)|c3_1(X26)))|hskp11)&(![X27]:(ndr1_0=>(c0_1(X27)|c2_1(X27)|~c1_1(X27)))|![X28]:(ndr1_0=>(~c1_1(X28)|~c2_1(X28)|~c3_1(X28)))|hskp12)&(![X29]:(ndr1_0=>(c0_1(X29)|c2_1(X29)|~c3_1(X29)))|![X30]:(ndr1_0=>(c0_1(X30)|~c1_1(X30)|~c3_1(X30)))|![X31]:(ndr1_0=>(c1_1(X31)|~c0_1(X31)|~c3_1(X31))))&(![X32]:(ndr1_0=>(c0_1(X32)|c2_1(X32)|~c3_1(X32)))|![X33]:(ndr1_0=>(c1_1(X33)|c3_1(X33)|~c0_1(X33)))|hskp13)&(![X34]:(ndr1_0=>(c0_1(X34)|c3_1(X34)|~c1_1(X34)))|![X35]:(ndr1_0=>(c1_1(X35)|c2_1(X35)|c3_1(X35)))|![X36]:(ndr1_0=>(c3_1(X36)|~c0_1(X36)|~c1_1(X36))))&(![X37]:(ndr1_0=>(c0_1(X37)|c3_1(X37)|~c1_1(X37)))|![X38]:(ndr1_0=>(~c0_1(X38)|~c1_1(X38)|~c2_1(X38)))|hskp12)&(![X39]:(ndr1_0=>(c0_1(X39)|c3_1(X39)|~c1_1(X39)))|hskp28)&(![X40]:(ndr1_0=>(c0_1(X40)|c3_1(X40)|~c2_1(X40)))|![X41]:(ndr1_0=>(c0_1(X41)|~c1_1(X41)|~c3_1(X41)))|hskp4)&(![X42]:(ndr1_0=>(c0_1(X42)|c3_1(X42)|~c2_1(X42)))|![X43]:(ndr1_0=>(c0_1(X43)|~c2_1(X43)|~c3_1(X43)))|![X44]:(ndr1_0=>(c1_1(X44)|~c0_1(X44)|~c2_1(X44))))&(![X45]:(ndr1_0=>(c0_1(X45)|c3_1(X45)|~c2_1(X45)))|![X46]:(ndr1_0=>(c0_1(X46)|~c2_1(X46)|~c3_1(X46)))|![X47]:(ndr1_0=>(~c0_1(X47)|~c1_1(X47)|~c3_1(X47))))&(![X48]:(ndr1_0=>(c0_1(X48)|c3_1(X48)|~c2_1(X48)))|hskp14|hskp15)&(![X49]:(ndr1_0=>(c0_1(X49)|~c1_1(X49)|~c2_1(X49)))|![X50]:(ndr1_0=>(c2_1(X50)|~c0_1(X50)|~c3_1(X50)))|hskp28)&(![X51]:(ndr1_0=>(c0_1(X51)|~c1_1(X51)|~c2_1(X51)))|hskp16|hskp17)&(![X52]:(ndr1_0=>(c0_1(X52)|~c2_1(X52)|~c3_1(X52)))|![X53]:(ndr1_0=>(c2_1(X53)|~c0_1(X53)|~c1_1(X53)))|hskp0)&(![X54]:(ndr1_0=>(c1_1(X54)|c2_1(X54)|~c0_1(X54)))|![X55]:(ndr1_0=>(c1_1(X55)|c3_1(X55)|~c0_1(X55)))|hskp15)&(![X56]:(ndr1_0=>(c1_1(X56)|c2_1(X56)|~c0_1(X56)))|![X57]:(ndr1_0=>(c3_1(X57)|~c0_1(X57)|~c2_1(X57)))|hskp14)&(![X58]:(ndr1_0=>(c1_1(X58)|c2_1(X58)|~c0_1(X58)))|hskp29|hskp18)&(![X59]:(ndr1_0=>(c1_1(X59)|c2_1(X59)|~c0_1(X59)))|hskp8|hskp7)&(![X60]:(ndr1_0=>(c1_1(X60)|c2_1(X60)|~c3_1(X60)))|![X61]:(ndr1_0=>(c1_1(X61)|~c0_1(X61)|~c2_1(X61)))|![X62]:(ndr1_0=>(c2_1(X62)|c3_1(X62)|~c0_1(X62))))&(![X63]:(ndr1_0=>(c1_1(X63)|c2_1(X63)|~c3_1(X63)))|![X64]:(ndr1_0=>(c3_1(X64)|~c0_1(X64)|~c1_1(X64)))|![X65]:(ndr1_0=>(c3_1(X65)|~c1_1(X65)|~c2_1(X65))))&(![X66]:(ndr1_0=>(c1_1(X66)|c2_1(X66)|~c3_1(X66)))|hskp2|hskp1)&(![X67]:(ndr1_0=>(c1_1(X67)|c3_1(X67)|~c0_1(X67)))|hskp19|hskp15)&(![X68]:(ndr1_0=>(c1_1(X68)|c3_1(X68)|~c2_1(X68)))|hskp10|hskp1)&(![X69]:(ndr1_0=>(c1_1(X69)|~c0_1(X69)|~c2_1(X69)))|hskp20|hskp2)&(![X70]:(ndr1_0=>(c1_1(X70)|~c0_1(X70)|~c2_1(X70)))|hskp12|hskp0)&(![X71]:(ndr1_0=>(c1_1(X71)|~c0_1(X71)|~c2_1(X71)))|hskp21|hskp0)&(![X72]:(ndr1_0=>(c1_1(X72)|~c0_1(X72)|~c3_1(X72)))|![X73]:(ndr1_0=>(c2_1(X73)|c3_1(X73)|~c1_1(X73)))|hskp20)&(![X74]:(ndr1_0=>(c1_1(X74)|~c2_1(X74)|~c3_1(X74)))|![X75]:(ndr1_0=>(c2_1(X75)|~c0_1(X75)|~c3_1(X75)))|hskp27)&(![X76]:(ndr1_0=>(c1_1(X76)|~c2_1(X76)|~c3_1(X76)))|hskp22|hskp2)&(![X77]:(ndr1_0=>(c1_1(X77)|~c2_1(X77)|~c3_1(X77)))|hskp22|hskp23)&(![X78]:(ndr1_0=>(c2_1(X78)|c3_1(X78)|~c0_1(X78)))|![X79]:(ndr1_0=>(c3_1(X79)|~c0_1(X79)|~c1_1(X79)))|hskp27)&(![X80]:(ndr1_0=>(c2_1(X80)|c3_1(X80)|~c0_1(X80)))|hskp4|hskp17)&(![X81]:(ndr1_0=>(c2_1(X81)|c3_1(X81)|~c1_1(X81)))|hskp14|hskp16)&(![X82]:(ndr1_0=>(c2_1(X82)|c3_1(X82)|~c1_1(X82)))|hskp14|hskp13)&(![X83]:(ndr1_0=>(c3_1(X83)|~c0_1(X83)|~c1_1(X83)))|hskp14|hskp8)&(![X84]:(ndr1_0=>(c3_1(X84)|~c0_1(X84)|~c1_1(X84)))|hskp20|hskp24)&(![X85]:(ndr1_0=>(c3_1(X85)|~c0_1(X85)|~c2_1(X85)))|![X86]:(ndr1_0=>(~c0_1(X86)|~c1_1(X86)|~c3_1(X86)))|hskp11)&(![X87]:(ndr1_0=>(c3_1(X87)|~c0_1(X87)|~c2_1(X87)))|hskp30|hskp18)&(![X88]:(ndr1_0=>(c3_1(X88)|~c0_1(X88)|~c2_1(X88)))|hskp14|hskp12)&(![X89]:(ndr1_0=>(c3_1(X89)|~c0_1(X89)|~c2_1(X89)))|hskp9|hskp6)&(![X90]:(ndr1_0=>(c3_1(X90)|~c1_1(X90)|~c2_1(X90)))|![X91]:(ndr1_0=>(~c0_1(X91)|~c1_1(X91)|~c3_1(X91)))|hskp5)&(![X92]:(ndr1_0=>(~c0_1(X92)|~c1_1(X92)|~c2_1(X92)))|![X93]:(ndr1_0=>(~c1_1(X93)|~c2_1(X93)|~c3_1(X93)))|hskp17)&(![X94]:(ndr1_0=>(~c0_1(X94)|~c1_1(X94)|~c2_1(X94)))|hskp13)&(![X95]:(ndr1_0=>(~c0_1(X95)|~c1_1(X95)|~c3_1(X95)))|![X96]:(ndr1_0=>(~c1_1(X96)|~c2_1(X96)|~c3_1(X96)))|hskp29)&(![X97]:(ndr1_0=>(~c1_1(X97)|~c2_1(X97)|~c3_1(X97)))|hskp22|hskp11)&(hskp27|hskp14|hskp18)&(hskp30|hskp2|hskp9)&(hskp19|hskp14|hskp9)&(hskp28|hskp25|hskp14)&(hskp28|hskp1|hskp7)&(hskp3|hskp4|hskp7)&(hskp3|hskp21|hskp7)&(hskp25|hskp20|hskp6)&(hskp14|hskp4|hskp1)&(hskp26|hskp29|hskp20)&(hskp26|hskp12)&(hskp20|hskp18)&(hskp2|hskp1|hskp23)&(hskp18|hskp5|hskp16)&(hskp6|hskp0|hskp23)))			
../../TPTP-v7.3.0/Problems/SYN/SYN271-1.p		Unsatisfiable	UNKNOWN		UNKNOWN		cnf					
../../TPTP-v7.3.0/Problems/SYN/SYN321-1.p		Unsatisfiable	UNKNOWN		UNKNOWN		cnf					
../../TPTP-v7.3.0/Problems/SYN/SYN117-1.p		Unsatisfiable	UNKNOWN		UNKNOWN		cnf					
../../TPTP-v7.3.0/Problems/SYN/SYN699-1.p		Unsatisfiable	UNKNOWN		UNKNOWN		cnf					
../../TPTP-v7.3.0/Problems/SYN/SYN545+1.p		CounterSatisfiable	UNKNOWN		UNKNOWN		fof		(~((~c3_0|![U]:(ndr1_0=>(![V]:(ndr1_1(U)=>(c3_2(U,V)|c4_2(U,V)))|(ndr1_1(U)&~c7_2(U,a147)&~c3_2(U,a147)&c5_2(U,a147))|![W]:(ndr1_1(U)=>(~c5_2(U,W)|c4_2(U,W)|~c7_2(U,W))))))&(~c8_0|~c1_0|~c2_0)&((ndr1_0&ndr1_1(a148)&~c1_2(a148,a149)&c7_2(a148,a149)&c2_2(a148,a149)&![X]:(ndr1_1(a148)=>(c5_2(a148,X)|~c8_2(a148,X)|~c4_2(a148,X)))&ndr1_1(a148)&~c1_2(a148,a150)&~c8_2(a148,a150))|~c8_0|c7_0)&(![Y]:(ndr1_0=>(~c6_1(Y)|![Z]:(ndr1_1(Y)=>(~c5_2(Y,Z)|c3_2(Y,Z)|c4_2(Y,Z)))|~c8_1(Y)))|c3_0|c8_0)&(~c4_0|![X1]:(ndr1_0=>(c8_1(X1)|c6_1(X1)|c2_1(X1)))|![X2]:(ndr1_0=>(~c3_1(X2)|(ndr1_1(X2)&~c8_2(X2,a151)&~c1_2(X2,a151)&~c5_2(X2,a151))|c5_1(X2))))&(~c7_0|![X3]:(ndr1_0=>(![X4]:(ndr1_1(X3)=>(~c3_2(X3,X4)|c7_2(X3,X4)|~c5_2(X3,X4)))|(ndr1_1(X3)&~c4_2(X3,a152)&~c3_2(X3,a152)&c7_2(X3,a152))|~c5_1(X3))))&(~c4_0|(ndr1_0&~c4_1(a153)&~c1_1(a153)&![X5]:(ndr1_1(a153)=>(c8_2(a153,X5)|~c3_2(a153,X5)|c5_2(a153,X5))))|~c1_0)&((ndr1_0&c4_1(a154)&c6_1(a154)&c2_1(a154))|(ndr1_0&![X6]:(ndr1_1(a155)=>(~c4_2(a155,X6)|~c2_2(a155,X6)|c3_2(a155,X6)))&~c7_1(a155)&ndr1_1(a155)&c2_2(a155,a156)&c7_2(a155,a156)&~c5_2(a155,a156))|(ndr1_0&~c4_1(a157)&c5_1(a157)))&((ndr1_0&![X7]:(ndr1_1(a158)=>(c4_2(a158,X7)|~c1_2(a158,X7)|c8_2(a158,X7)))&~c4_1(a158)&c1_1(a158))|c1_0|c5_0)&(![X8]:(ndr1_0=>(~c3_1(X8)|![X9]:(ndr1_1(X8)=>(~c4_2(X8,X9)|c8_2(X8,X9)|c2_2(X8,X9)))|c2_1(X8)))|(ndr1_0&![X10]:(ndr1_1(a159)=>(c2_2(a159,X10)|~c4_2(a159,X10)|~c8_2(a159,X10)))&~c4_1(a159)&c2_1(a159))|~c2_0)&((ndr1_0&![X11]:(ndr1_1(a160)=>~c6_2(a160,X11))&~c6_1(a160)&ndr1_1(a160)&c8_2(a160,a161)&~c5_2(a160,a161)&c2_2(a160,a161))|![X12]:(ndr1_0=>(c8_1(X12)|~c1_1(X12)))|![X13]:(ndr1_0=>(c4_1(X13)|![X14]:(ndr1_1(X13)=>(~c7_2(X13,X14)|c2_2(X13,X14)))|c5_1(X13))))&((ndr1_0&~c8_1(a162)&![X15]:(ndr1_1(a162)=>(c8_2(a162,X15)|c3_2(a162,X15)|~c7_2(a162,X15)))&ndr1_1(a162)&~c5_2(a162,a163)&~c6_2(a162,a163)&c8_2(a162,a163))|c5_0)&(~c7_0|(ndr1_0&ndr1_1(a164)&~c2_2(a164,a165)&~c5_2(a164,a165)&c3_2(a164,a165)&![X16]:(ndr1_1(a164)=>(~c8_2(a164,X16)|~c2_2(a164,X16)))&c6_1(a164))|(ndr1_0&c1_1(a166)&ndr1_1(a166)&c7_2(a166,a167)&~c8_2(a166,a167)&~c3_2(a166,a167)&c7_1(a166)))&(c3_0|(ndr1_0&~c2_1(a168)&![X17]:(ndr1_1(a168)=>(c2_2(a168,X17)|~c5_2(a168,X17)|~c8_2(a168,X17)))&~c6_1(a168))|~c4_0)&(~c4_0|~c2_0|![X18]:(ndr1_0=>(![X19]:(ndr1_1(X18)=>(~c4_2(X18,X19)|~c1_2(X18,X19)))|~c8_1(X18)|![X20]:(ndr1_1(X18)=>(~c6_2(X18,X20)|~c3_2(X18,X20)|~c1_2(X18,X20))))))&(![X21]:(ndr1_0=>(![X22]:(ndr1_1(X21)=>(c2_2(X21,X22)|c1_2(X21,X22)|~c7_2(X21,X22)))|c4_1(X21)))|![X23]:(ndr1_0=>(![X24]:(ndr1_1(X23)=>(~c5_2(X23,X24)|c3_2(X23,X24)|c2_2(X23,X24)))|c1_1(X23)|~c7_1(X23))))&(~c4_0|~c7_0|(ndr1_0&c2_1(a169)&c8_1(a169)&~c6_1(a169)))&(c8_0|c7_0|~c3_0)&(c7_0|(ndr1_0&~c5_1(a170)&~c7_1(a170)&![X25]:(ndr1_1(a170)=>(c3_2(a170,X25)|~c2_2(a170,X25)|~c4_2(a170,X25))))|c6_0)&(~c1_0|![X26]:(ndr1_0=>(c3_1(X26)|~c4_1(X26)|c5_1(X26)))|(ndr1_0&ndr1_1(a171)&~c1_2(a171,a172)&c5_2(a171,a172)&c2_2(a171,a172)&c4_1(a171)&~c2_1(a171)))&((ndr1_0&![X27]:(ndr1_1(a173)=>(~c8_2(a173,X27)|~c1_2(a173,X27)))&![X28]:(ndr1_1(a173)=>(~c7_2(a173,X28)|c8_2(a173,X28)|c5_2(a173,X28)))&~c6_1(a173))|(ndr1_0&~c3_1(a174)&c5_1(a174)&![X29]:(ndr1_1(a174)=>(~c8_2(a174,X29)|~c5_2(a174,X29)|c6_2(a174,X29))))|![X30]:(ndr1_0=>((ndr1_1(X30)&c5_2(X30,a175)&~c2_2(X30,a175)&c3_2(X30,a175))|![X31]:(ndr1_1(X30)=>(c4_2(X30,X31)|c3_2(X30,X31)|c6_2(X30,X31)))|c3_1(X30))))&((ndr1_0&![X32]:(ndr1_1(a176)=>(~c2_2(a176,X32)|c7_2(a176,X32)|~c3_2(a176,X32)))&ndr1_1(a176)&~c2_2(a176,a177)&~c6_2(a176,a177)&~c3_2(a176,a177)&ndr1_1(a176)&c8_2(a176,a178)&~c4_2(a176,a178)&~c7_2(a176,a178))|c7_0|(ndr1_0&![X33]:(ndr1_1(a179)=>(c2_2(a179,X33)|~c3_2(a179,X33)))&~c2_1(a179)&ndr1_1(a179)&c2_2(a179,a180)&c3_2(a179,a180)&c6_2(a179,a180)))&(![X34]:(ndr1_0=>(![X35]:(ndr1_1(X34)=>(~c8_2(X34,X35)|~c1_2(X34,X35)|~c3_2(X34,X35)))|~c3_1(X34)|![X36]:(ndr1_1(X34)=>(~c5_2(X34,X36)|~c6_2(X34,X36)))))|c5_0|(ndr1_0&![X37]:(ndr1_1(a181)=>(~c2_2(a181,X37)|~c6_2(a181,X37)|~c4_2(a181,X37)))&c2_1(a181)&![X38]:(ndr1_1(a181)=>(~c2_2(a181,X38)|c4_2(a181,X38)|~c3_2(a181,X38)))))&(![X39]:(ndr1_0=>(c8_1(X39)|![X40]:(ndr1_1(X39)=>(c7_2(X39,X40)|~c1_2(X39,X40)|c5_2(X39,X40)))|c1_1(X39)))|c6_0|~c1_0)&(c3_0|c6_0|c8_0)&(c1_0|(ndr1_0&![X41]:(ndr1_1(a182)=>(~c2_2(a182,X41)|c1_2(a182,X41)|~c4_2(a182,X41)))&![X42]:(ndr1_1(a182)=>(~c7_2(a182,X42)|~c6_2(a182,X42)|~c1_2(a182,X42)))&~c1_1(a182)))&(c7_0|~c1_0|(ndr1_0&c1_1(a183)&ndr1_1(a183)&c7_2(a183,a184)&c5_2(a183,a184)&c3_2(a183,a184)&c4_1(a183)))&(c4_0|c2_0|![X43]:(ndr1_0=>(![X44]:(ndr1_1(X43)=>(c5_2(X43,X44)|~c6_2(X43,X44)|~c8_2(X43,X44)))|c6_1(X43)|![X45]:(ndr1_1(X43)=>(~c5_2(X43,X45)|~c7_2(X43,X45))))))&(c1_0|~c3_0|![X46]:(ndr1_0=>(c3_1(X46)|(ndr1_1(X46)&c7_2(X46,a185)&c4_2(X46,a185)&c5_2(X46,a185))|~c5_1(X46))))&(c1_0|![X47]:(ndr1_0=>(~c1_1(X47)|![X48]:(ndr1_1(X47)=>(c7_2(X47,X48)|~c8_2(X47,X48)|c6_2(X47,X48)))|![X49]:(ndr1_1(X47)=>(c4_2(X47,X49)|c5_2(X47,X49)|~c1_2(X47,X49)))))|c5_0)&(c2_0|~c3_0|(ndr1_0&![X50]:(ndr1_1(a186)=>(~c8_2(a186,X50)|c5_2(a186,X50)|~c1_2(a186,X50)))&~c7_1(a186)&c1_1(a186)))&((ndr1_0&c4_1(a187)&ndr1_1(a187)&~c4_2(a187,a188)&~c6_2(a187,a188)&~c3_1(a187))|(ndr1_0&~c6_1(a189)&![X51]:(ndr1_1(a189)=>(~c2_2(a189,X51)|c7_2(a189,X51)|~c8_2(a189,X51)))&![X52]:(ndr1_1(a189)=>(~c8_2(a189,X52)|~c1_2(a189,X52)|c6_2(a189,X52))))|![X53]:(ndr1_0=>(![X54]:(ndr1_1(X53)=>(c2_2(X53,X54)|c4_2(X53,X54)|c1_2(X53,X54)))|![X55]:(ndr1_1(X53)=>(~c3_2(X53,X55)|c6_2(X53,X55)|~c8_2(X53,X55)))|~c7_1(X53))))&(![X56]:(ndr1_0=>(c3_1(X56)|(ndr1_1(X56)&~c3_2(X56,a190)&c1_2(X56,a190)&~c6_2(X56,a190))|c2_1(X56)))|![X57]:(ndr1_0=>(c8_1(X57)|![X58]:(ndr1_1(X57)=>(c6_2(X57,X58)|c7_2(X57,X58)))|![X59]:(ndr1_1(X57)=>(c3_2(X57,X59)|~c2_2(X57,X59)|~c6_2(X57,X59)))))|(ndr1_0&~c5_1(a191)&c1_1(a191)&ndr1_1(a191)&c7_2(a191,a192)&~c8_2(a191,a192)))&(c1_0|![X60]:(ndr1_0=>(![X61]:(ndr1_1(X60)=>(~c6_2(X60,X61)|~c7_2(X60,X61)|c2_2(X60,X61)))|~c3_1(X60)|c5_1(X60)))|(ndr1_0&~c1_1(a193)&~c7_1(a193)&ndr1_1(a193)&~c4_2(a193,a194)&~c6_2(a193,a194)&c7_2(a193,a194)))&(![X62]:(ndr1_0=>(![X63]:(ndr1_1(X62)=>(~c1_2(X62,X63)|~c6_2(X62,X63)|~c3_2(X62,X63)))|~c4_1(X62)|~c2_1(X62)))|(ndr1_0&![X64]:(ndr1_1(a195)=>(c4_2(a195,X64)|~c6_2(a195,X64)|c5_2(a195,X64))))|(ndr1_0&c2_1(a196)&~c4_1(a196)&![X65]:(ndr1_1(a196)=>(~c1_2(a196,X65)|~c4_2(a196,X65)))))&(c5_0|(ndr1_0&~c8_1(a197)&~c6_1(a197)&ndr1_1(a197)&c4_2(a197,a198)&~c6_2(a197,a198)&~c1_2(a197,a198)))&(~c5_0|c7_0|c8_0)&((ndr1_0&c1_1(a199))|(ndr1_0&~c1_1(a200)&c6_1(a200))|![X66]:(ndr1_0=>(![X67]:(ndr1_1(X66)=>(c2_2(X66,X67)|c7_2(X66,X67)))|(ndr1_1(X66)&c1_2(X66,a201)&c8_2(X66,a201)&c7_2(X66,a201))|~c2_1(X66))))&(![X68]:(ndr1_0=>(![X69]:(ndr1_1(X68)=>(c2_2(X68,X69)|c4_2(X68,X69)|~c5_2(X68,X69)))|~c2_1(X68)))|(ndr1_0&c7_1(a202)&![X70]:(ndr1_1(a202)=>(~c6_2(a202,X70)|c3_2(a202,X70)|c8_2(a202,X70)))&![X71]:(ndr1_1(a202)=>(c6_2(a202,X71)|c7_2(a202,X71)|~c3_2(a202,X71))))|(ndr1_0&c4_1(a203)&c8_1(a203)&![X72]:(ndr1_1(a203)=>(~c1_2(a203,X72)|~c5_2(a203,X72)|~c8_2(a203,X72)))))&(c1_0|(ndr1_0&![X73]:(ndr1_1(a204)=>(c8_2(a204,X73)|c2_2(a204,X73)))&c8_1(a204)&ndr1_1(a204)&c7_2(a204,a205)&c3_2(a204,a205)))&(c3_0|![X74]:(ndr1_0=>(![X75]:(ndr1_1(X74)=>(~c5_2(X74,X75)|~c4_2(X74,X75)))|(ndr1_1(X74)&c3_2(X74,a206)&c6_2(X74,a206)&c4_2(X74,a206))|(ndr1_1(X74)&~c3_2(X74,a207)&c8_2(X74,a207)&~c5_2(X74,a207))))|c4_0)&((ndr1_0&c8_1(a208)&ndr1_1(a208)&~c6_2(a208,a209)&~c2_2(a208,a209)&~c3_2(a208,a209)&~c1_1(a208))|![X76]:(ndr1_0=>(![X77]:(ndr1_1(X76)=>(c7_2(X76,X77)|c4_2(X76,X77)|~c6_2(X76,X77)))|![X78]:(ndr1_1(X76)=>(~c1_2(X76,X78)|c4_2(X76,X78)|~c7_2(X76,X78)))|c7_1(X76)))|~c8_0)&(~c6_0|![X79]:(ndr1_0=>(~c4_1(X79)|(ndr1_1(X79)&~c5_2(X79,a210)&c4_2(X79,a210)&c8_2(X79,a210)))))&(~c5_0|~c7_0|c3_0)&(c5_0|~c4_0|~c1_0)&((ndr1_0&c4_1(a211)&~c3_1(a211)&ndr1_1(a211)&~c1_2(a211,a212)&~c8_2(a211,a212))|![X80]:(ndr1_0=>(c5_1(X80)|~c4_1(X80)|(ndr1_1(X80)&c2_2(X80,a213)&~c3_2(X80,a213)&c7_2(X80,a213))))|c7_0)&(~c2_0|![X81]:(ndr1_0=>(~c1_1(X81)|(ndr1_1(X81)&~c2_2(X81,a214)&c7_2(X81,a214)&c4_2(X81,a214))|c2_1(X81)))|c4_0)&(![X82]:(ndr1_0=>(c2_1(X82)|~c5_1(X82)|![X83]:(ndr1_1(X82)=>(~c2_2(X82,X83)|c3_2(X82,X83)|c8_2(X82,X83)))))|c8_0)&((ndr1_0&c7_1(a215)&ndr1_1(a215)&~c1_2(a215,a216)&~c4_2(a215,a216)&c3_2(a215,a216)&~c2_1(a215))|c7_0|c8_0)&((ndr1_0&c8_1(a217)&c7_1(a217)&~c1_1(a217))|~c4_0)&(~c5_0|![X84]:(ndr1_0=>(c5_1(X84)|![X85]:(ndr1_1(X84)=>(c7_2(X84,X85)|~c5_2(X84,X85)|~c6_2(X84,X85)))|~c7_1(X84)))|c4_0)&((ndr1_0&~c5_1(a218)&ndr1_1(a218)&~c5_2(a218,a219)&c4_2(a218,a219)&~c1_1(a218))|![X86]:(ndr1_0=>(![X87]:(ndr1_1(X86)=>(~c1_2(X86,X87)|~c7_2(X86,X87)|c8_2(X86,X87)))|(ndr1_1(X86)&~c3_2(X86,a220)&~c5_2(X86,a220)&c1_2(X86,a220))|![X88]:(ndr1_1(X86)=>(c6_2(X86,X88)|~c8_2(X86,X88)|~c4_2(X86,X88)))))|c4_0)&((ndr1_0&![X89]:(ndr1_1(a221)=>(~c7_2(a221,X89)|c2_2(a221,X89)|c4_2(a221,X89)))&~c1_1(a221)&~c2_1(a221))|~c2_0|(ndr1_0&![X90]:(ndr1_1(a222)=>(c5_2(a222,X90)|c2_2(a222,X90)))&~c1_1(a222)&~c6_1(a222)))&(c1_0|c2_0|c5_0)&(c1_0|(ndr1_0&~c4_1(a223)&![X91]:(ndr1_1(a223)=>(c6_2(a223,X91)|~c4_2(a223,X91)))&![X92]:(ndr1_1(a223)=>(c7_2(a223,X92)|c2_2(a223,X92))))|![X93]:(ndr1_0=>((ndr1_1(X93)&c3_2(X93,a224)&~c5_2(X93,a224))|c1_1(X93)|(ndr1_1(X93)&c8_2(X93,a225)&c2_2(X93,a225)&~c4_2(X93,a225)))))&(~c1_0|(ndr1_0&![X94]:(ndr1_1(a226)=>(~c6_2(a226,X94)|c7_2(a226,X94)|~c5_2(a226,X94)))&![X95]:(ndr1_1(a226)=>(c5_2(a226,X95)|~c8_2(a226,X95)|c6_2(a226,X95)))&~c5_1(a226))|(ndr1_0&![X96]:(ndr1_1(a227)=>(c5_2(a227,X96)|c2_2(a227,X96)|~c4_2(a227,X96)))&![X97]:(ndr1_1(a227)=>(c2_2(a227,X97)|~c7_2(a227,X97)|~c4_2(a227,X97)))&ndr1_1(a227)&c7_2(a227,a228)&c6_2(a227,a228)))&((ndr1_0&c1_1(a229)&![X98]:(ndr1_1(a229)=>(c2_2(a229,X98)|c1_2(a229,X98)|c8_2(a229,X98)))&![X99]:(ndr1_1(a229)=>(~c4_2(a229,X99)|c3_2(a229,X99)|c1_2(a229,X99))))|~c2_0)&(c8_0|![X100]:(ndr1_0=>(![X101]:(ndr1_1(X100)=>(c7_2(X100,X101)|~c4_2(X100,X101)|~c6_2(X100,X101)))|(ndr1_1(X100)&~c8_2(X100,a230)&c7_2(X100,a230)&~c6_2(X100,a230))|c7_1(X100)))|~c1_0)&((ndr1_0&~c8_1(a231)&ndr1_1(a231)&c4_2(a231,a232)&c6_2(a231,a232)&c5_2(a231,a232)&c4_1(a231))|![X102]:(ndr1_0=>(![X103]:(ndr1_1(X102)=>(~c6_2(X102,X103)|c3_2(X102,X103)))|~c3_1(X102)|~c5_1(X102)))|![X104]:(ndr1_0=>(~c1_1(X104)|c2_1(X104)|![X105]:(ndr1_1(X104)=>(~c7_2(X104,X105)|c1_2(X104,X105)|~c4_2(X104,X105))))))&((ndr1_0&ndr1_1(a233)&c6_2(a233,a234)&c3_2(a233,a234)&c1_2(a233,a234)&![X106]:(ndr1_1(a233)=>(~c4_2(a233,X106)|~c3_2(a233,X106)))&![X107]:(ndr1_1(a233)=>(c6_2(a233,X107)|~c8_2(a233,X107))))|(ndr1_0&~c1_1(a235)&~c3_1(a235)&![X108]:(ndr1_1(a235)=>(~c4_2(a235,X108)|c8_2(a235,X108)))))&(~c7_0|![X109]:(ndr1_0=>(~c6_1(X109)|(ndr1_1(X109)&c5_2(X109,a236)&~c6_2(X109,a236)&~c4_2(X109,a236))|~c8_1(X109)))|c1_0)&((ndr1_0&c1_1(a237)&ndr1_1(a237)&c2_2(a237,a238)&~c7_2(a237,a238)&~c1_2(a237,a238)&~c7_1(a237))|![X110]:(ndr1_0=>((ndr1_1(X110)&~c5_2(X110,a239)&c7_2(X110,a239)&c8_2(X110,a239))|![X111]:(ndr1_1(X110)=>(~c5_2(X110,X111)|c8_2(X110,X111)|c7_2(X110,X111)))|(ndr1_1(X110)&~c1_2(X110,a240)&c7_2(X110,a240))))|c6_0)&((ndr1_0&ndr1_1(a241)&~c1_2(a241,a242)&~c7_2(a241,a242)&~c4_2(a241,a242)&![X112]:(ndr1_1(a241)=>(c6_2(a241,X112)|~c4_2(a241,X112)|c5_2(a241,X112)))&ndr1_1(a241)&~c6_2(a241,a243)&c4_2(a241,a243)&c5_2(a241,a243))|(ndr1_0&ndr1_1(a244)&c4_2(a244,a245)&~c2_2(a244,a245)&ndr1_1(a244)&~c3_2(a244,a246)&c8_2(a244,a246)&~c7_2(a244,a246))|~c6_0)&(![X113]:(ndr1_0=>(c2_1(X113)|c3_1(X113)|![X114]:(ndr1_1(X113)=>(~c3_2(X113,X114)|~c6_2(X113,X114)|~c8_2(X113,X114)))))|~c4_0|![X115]:(ndr1_0=>(c4_1(X115)|c3_1(X115)|![X116]:(ndr1_1(X115)=>(c5_2(X115,X116)|c3_2(X115,X116)|~c8_2(X115,X116))))))&(c4_0|~c5_0|c3_0)&(c8_0|![X117]:(ndr1_0=>((ndr1_1(X117)&~c5_2(X117,a247)&~c1_2(X117,a247))|c1_1(X117)|~c7_1(X117)))|![X118]:(ndr1_0=>(c2_1(X118)|~c7_1(X118)|~c5_1(X118))))&(~c2_0|![X119]:(ndr1_0=>((ndr1_1(X119)&c3_2(X119,a248)&~c6_2(X119,a248)&c7_2(X119,a248))|~c8_1(X119)|c2_1(X119)))|(ndr1_0&~c1_1(a249)&~c7_1(a249)&![X120]:(ndr1_1(a249)=>(~c4_2(a249,X120)|~c2_2(a249,X120)|c5_2(a249,X120)))))&(![X121]:(ndr1_0=>(c3_1(X121)|(ndr1_1(X121)&c7_2(X121,a250)&c8_2(X121,a250)&c5_2(X121,a250))|(ndr1_1(X121)&~c8_2(X121,a251)&~c2_2(X121,a251)&~c3_2(X121,a251))))|c8_0|~c6_0)&((ndr1_0&c1_1(a252)&~c7_1(a252)&![X122]:(ndr1_1(a252)=>(c5_2(a252,X122)|~c2_2(a252,X122)|~c4_2(a252,X122))))|~c4_0|![X123]:(ndr1_0=>~c8_1(X123)))&(![X124]:(ndr1_0=>(c1_1(X124)|~c3_1(X124)))|(ndr1_0&~c8_1(a253)&~c7_1(a253)&![X125]:(ndr1_1(a253)=>(c2_2(a253,X125)|c3_2(a253,X125)|c5_2(a253,X125))))|![X126]:(ndr1_0=>((ndr1_1(X126)&~c5_2(X126,a254)&~c6_2(X126,a254)&c1_2(X126,a254))|c5_1(X126)|(ndr1_1(X126)&~c3_2(X126,a255)&~c8_2(X126,a255)&c7_2(X126,a255)))))&(c4_0|~c6_0|![X127]:(ndr1_0=>(c8_1(X127)|~c6_1(X127)|![X128]:(ndr1_1(X127)=>(~c1_2(X127,X128)|c4_2(X127,X128)|c6_2(X127,X128))))))&(~c1_0|c4_0|~c6_0)&((ndr1_0&c1_1(a256)&![X129]:(ndr1_1(a256)=>(~c3_2(a256,X129)|~c5_2(a256,X129)|~c4_2(a256,X129)))&ndr1_1(a256)&~c1_2(a256,a257)&~c7_2(a256,a257))|![X130]:(ndr1_0=>(~c5_1(X130)|c1_1(X130)|c3_1(X130)))|c6_0)&(c7_0|![X131]:(ndr1_0=>(~c7_1(X131)|(ndr1_1(X131)&~c7_2(X131,a258)&c3_2(X131,a258)&c4_2(X131,a258))|c1_1(X131)))|(ndr1_0&![X132]:(ndr1_1(a259)=>(c1_2(a259,X132)|c8_2(a259,X132)|c3_2(a259,X132)))&c6_1(a259)&~c7_1(a259)))&(c6_0|c5_0|![X133]:(ndr1_0=>(![X134]:(ndr1_1(X133)=>(~c7_2(X133,X134)|c8_2(X133,X134)|c1_2(X133,X134)))|(ndr1_1(X133)&~c7_2(X133,a260)&~c2_2(X133,a260)&~c1_2(X133,a260))|(ndr1_1(X133)&~c6_2(X133,a261)&c2_2(X133,a261)&c1_2(X133,a261)))))&(c1_0|c4_0)&(![X135]:(ndr1_0=>(c2_1(X135)|(ndr1_1(X135)&c4_2(X135,a262)&~c2_2(X135,a262)&c1_2(X135,a262))|![X136]:(ndr1_1(X135)=>(c5_2(X135,X136)|c1_2(X135,X136)|~c3_2(X135,X136)))))|~c6_0|c1_0)&(![X137]:(ndr1_0=>(c3_1(X137)|![X138]:(ndr1_1(X137)=>(~c3_2(X137,X138)|~c2_2(X137,X138)|~c4_2(X137,X138)))))|c1_0|~c7_0)&(~c7_0|![X139]:(ndr1_0=>(![X140]:(ndr1_1(X139)=>(~c8_2(X139,X140)|c3_2(X139,X140)|~c5_2(X139,X140)))|~c7_1(X139)|c2_1(X139)))|c5_0)&(~c5_0|![X141]:(ndr1_0=>((ndr1_1(X141)&~c5_2(X141,a263)&~c7_2(X141,a263)&c4_2(X141,a263))|~c6_1(X141)|(ndr1_1(X141)&c5_2(X141,a264)&c1_2(X141,a264)&c7_2(X141,a264))))|~c3_0)&(![X142]:(ndr1_0=>(c4_1(X142)|~c5_1(X142)))|c2_0|![X143]:(ndr1_0=>(~c2_1(X143)|~c7_1(X143))))&(c7_0|(ndr1_0&~c6_1(a265)&![X144]:(ndr1_1(a265)=>(~c4_2(a265,X144)|c7_2(a265,X144)))&ndr1_1(a265)&c4_2(a265,a266)&c2_2(a265,a266)&~c8_2(a265,a266))|(ndr1_0&![X145]:(ndr1_1(a267)=>(c6_2(a267,X145)|c3_2(a267,X145)))))&(c4_0|(ndr1_0&ndr1_1(a268)&~c6_2(a268,a269)&c2_2(a268,a269)&c5_2(a268,a269)&ndr1_1(a268)&c6_2(a268,a270)&c8_2(a268,a270)&c1_2(a268,a270)&~c7_1(a268))|c5_0)&((ndr1_0&ndr1_1(a271)&~c7_2(a271,a272)&c2_2(a271,a272)&c1_2(a271,a272)&c5_1(a271)&ndr1_1(a271)&~c3_2(a271,a273)&~c4_2(a271,a273)&c1_2(a271,a273))|(ndr1_0&![X146]:(ndr1_1(a274)=>(~c7_2(a274,X146)|~c4_2(a274,X146)|c5_2(a274,X146)))&![X147]:(ndr1_1(a274)=>(~c1_2(a274,X147)|~c5_2(a274,X147)|~c6_2(a274,X147)))&~c7_1(a274))|![X148]:(ndr1_0=>(~c1_1(X148)|![X149]:(ndr1_1(X148)=>(c5_2(X148,X149)|~c6_2(X148,X149))))))&((ndr1_0&![X150]:(ndr1_1(a275)=>(~c7_2(a275,X150)|c5_2(a275,X150)|~c2_2(a275,X150)))&ndr1_1(a275)&c2_2(a275,a276)&c7_2(a275,a276)&~c3_2(a275,a276)&~c1_1(a275))|c4_0|(ndr1_0&![X151]:(ndr1_1(a277)=>(~c8_2(a277,X151)|c6_2(a277,X151)|c4_2(a277,X151)))&![X152]:(ndr1_1(a277)=>(~c1_2(a277,X152)|~c2_2(a277,X152)|c7_2(a277,X152)))&![X153]:(ndr1_1(a277)=>(~c6_2(a277,X153)|~c7_2(a277,X153)))))&(![X154]:(ndr1_0=>(c1_1(X154)|(ndr1_1(X154)&~c3_2(X154,a278)&c5_2(X154,a278))|~c4_1(X154)))|c8_0|c7_0)&((ndr1_0&ndr1_1(a279)&~c4_2(a279,a280)&~c1_2(a279,a280)&c8_2(a279,a280)&![X155]:(ndr1_1(a279)=>(c6_2(a279,X155)|~c5_2(a279,X155)|c3_2(a279,X155)))&c2_1(a279))|~c1_0|(ndr1_0&ndr1_1(a281)&c7_2(a281,a282)&c8_2(a281,a282)&c2_2(a281,a282)&ndr1_1(a281)&c8_2(a281,a283)&~c1_2(a281,a283)))&(![X156]:(ndr1_0=>((ndr1_1(X156)&c3_2(X156,a284)&c1_2(X156,a284)&c5_2(X156,a284))|(ndr1_1(X156)&~c8_2(X156,a285)&c3_2(X156,a285)&~c7_2(X156,a285))|(ndr1_1(X156)&~c7_2(X156,a286)&~c1_2(X156,a286))))|c6_0|![X157]:(ndr1_0=>(c1_1(X157)|~c8_1(X157)|c6_1(X157))))&(~c3_0|c4_0|![X158]:(ndr1_0=>(~c8_1(X158)|![X159]:(ndr1_1(X158)=>(c8_2(X158,X159)|~c7_2(X158,X159)|~c6_2(X158,X159)))|c4_1(X158))))&(c2_0|c8_0|~c4_0)&(c3_0|c5_0|(ndr1_0&c3_1(a287)&~c5_1(a287)&c8_1(a287)))&(![X160]:(ndr1_0=>(c6_1(X160)|![X161]:(ndr1_1(X160)=>(~c3_2(X160,X161)|c7_2(X160,X161)|c5_2(X160,X161)))|~c2_1(X160)))|(ndr1_0&~c8_1(a288)&ndr1_1(a288)&~c8_2(a288,a289)&~c4_2(a288,a289)&~c5_2(a288,a289)&![X162]:(ndr1_1(a288)=>(~c8_2(a288,X162)|~c5_2(a288,X162)|~c4_2(a288,X162))))|![X163]:(ndr1_0=>((ndr1_1(X163)&~c8_2(X163,a290)&~c3_2(X163,a290)&~c1_2(X163,a290))|![X164]:(ndr1_1(X163)=>(c7_2(X163,X164)|c5_2(X163,X164)|c3_2(X163,X164)))|(ndr1_1(X163)&c7_2(X163,a291)&c2_2(X163,a291)&~c4_2(X163,a291)))))&(~c2_0|![X165]:(ndr1_0=>((ndr1_1(X165)&~c5_2(X165,a292)&c7_2(X165,a292)&c8_2(X165,a292))|(ndr1_1(X165)&c4_2(X165,a293)&~c3_2(X165,a293)&~c1_2(X165,a293))|c4_1(X165)))|~c4_0)&(c1_0|(ndr1_0&c2_1(a294)&~c3_1(a294)&ndr1_1(a294)&~c2_2(a294,a295)&~c8_2(a294,a295)&c7_2(a294,a295)))&(c6_0|(ndr1_0&![X166]:(ndr1_1(a296)=>(c2_2(a296,X166)|~c6_2(a296,X166)|~c7_2(a296,X166)))&ndr1_1(a296)&~c7_2(a296,a297)&~c2_2(a296,a297)&c5_2(a296,a297)&~c7_1(a296))|![X167]:(ndr1_0=>(c3_1(X167)|c4_1(X167)|c5_1(X167))))))			
../../TPTP-v7.3.0/Problems/SYN/SYN343+1.p		Theorem	UNKNOWN		UNKNOWN		fof		(?[X,Y1,Y2]:![Z]:(((big_f(X,Y1)=>big_f(Z,X))=>big_f(X,X))=>(big_f(X,X)&big_f(Y1,Y2))))			
../../TPTP-v7.3.0/Problems/SYN/SYN451+1.p		Theorem	UNKNOWN		UNKNOWN		fof		(~((~hskp0|(ndr1_0&c0_1(a730)&c3_1(a730)&~c1_1(a730)))&(~hskp1|(ndr1_0&c1_1(a731)&c3_1(a731)&~c2_1(a731)))&(~hskp2|(ndr1_0&~c0_1(a732)&~c2_1(a732)&~c3_1(a732)))&(~hskp3|(ndr1_0&c2_1(a733)&~c0_1(a733)&~c1_1(a733)))&(~hskp4|(ndr1_0&c1_1(a734)&~c0_1(a734)&~c3_1(a734)))&(~hskp5|(ndr1_0&c2_1(a735)&c3_1(a735)&~c0_1(a735)))&(~hskp6|(ndr1_0&c1_1(a738)&~c0_1(a738)&~c2_1(a738)))&(~hskp7|(ndr1_0&c1_1(a741)&c3_1(a741)&~c0_1(a741)))&(~hskp8|(ndr1_0&c3_1(a744)&~c0_1(a744)&~c1_1(a744)))&(~hskp9|(ndr1_0&c3_1(a746)&~c0_1(a746)&~c2_1(a746)))&(~hskp10|(ndr1_0&~c0_1(a748)&~c1_1(a748)&~c2_1(a748)))&(~hskp11|(ndr1_0&~c0_1(a749)&~c1_1(a749)&~c3_1(a749)))&(~hskp12|(ndr1_0&c1_1(a755)&c2_1(a755)&~c3_1(a755)))&(~hskp13|(ndr1_0&c2_1(a759)&c3_1(a759)&~c1_1(a759)))&(~hskp14|(ndr1_0&c0_1(a762)&~c1_1(a762)&~c2_1(a762)))&(~hskp15|(ndr1_0&c0_1(a763)&c1_1(a763)&~c2_1(a763)))&(~hskp16|(ndr1_0&c0_1(a764)&c2_1(a764)&~c3_1(a764)))&(~hskp17|(ndr1_0&c1_1(a766)&c2_1(a766)&~c0_1(a766)))&(~hskp18|(ndr1_0&c1_1(a775)&~c2_1(a775)&~c3_1(a775)))&(~hskp19|(ndr1_0&c2_1(a777)&~c0_1(a777)&~c3_1(a777)))&(~hskp20|(ndr1_0&c2_1(a779)&~c1_1(a779)&~c3_1(a779)))&(~hskp21|(ndr1_0&c0_1(a793)&c3_1(a793)&~c2_1(a793)))&(~hskp22|(ndr1_0&c3_1(a797)&~c1_1(a797)&~c2_1(a797)))&(~hskp23|(ndr1_0&c0_1(a798)&c1_1(a798)&~c3_1(a798)))&(~hskp24|(ndr1_0&c0_1(a802)&~c2_1(a802)&~c3_1(a802)))&(~hskp25|(ndr1_0&c0_1(a729)&c2_1(a729)&c3_1(a729)))&(~hskp26|(ndr1_0&c1_1(a737)&c2_1(a737)&c3_1(a737)))&(~hskp27|(ndr1_0&c0_1(a750)&c1_1(a750)&c2_1(a750)))&(~hskp28|(ndr1_0&c0_1(a784)&c1_1(a784)&c3_1(a784)))&(![U]:(ndr1_0=>(c0_1(U)|c1_1(U)|c2_1(U)))|![V]:(ndr1_0=>(c0_1(V)|c3_1(V)|~c2_1(V)))|![W]:(ndr1_0=>(~c0_1(W)|~c1_1(W)|~c2_1(W))))&(![X]:(ndr1_0=>(c0_1(X)|c1_1(X)|c2_1(X)))|![Y]:(ndr1_0=>(c1_1(Y)|~c0_1(Y)|~c3_1(Y)))|hskp25)&(![Z]:(ndr1_0=>(c0_1(Z)|c1_1(Z)|c2_1(Z)))|hskp0|hskp1)&(![X1]:(ndr1_0=>(c0_1(X1)|c1_1(X1)|c3_1(X1)))|![X2]:(ndr1_0=>(c0_1(X2)|c2_1(X2)|~c3_1(X2)))|hskp2)&(![X3]:(ndr1_0=>(c0_1(X3)|c1_1(X3)|c3_1(X3)))|![X4]:(ndr1_0=>(c2_1(X4)|c3_1(X4)|~c1_1(X4)))|hskp3)&(![X5]:(ndr1_0=>(c0_1(X5)|c1_1(X5)|c3_1(X5)))|![X6]:(ndr1_0=>(c2_1(X6)|~c0_1(X6)|~c1_1(X6)))|![X7]:(ndr1_0=>(~c0_1(X7)|~c1_1(X7)|~c3_1(X7))))&(![X8]:(ndr1_0=>(c0_1(X8)|c1_1(X8)|c3_1(X8)))|hskp4|hskp5)&(![X9]:(ndr1_0=>(c0_1(X9)|c1_1(X9)|~c2_1(X9)))|![X10]:(ndr1_0=>(c0_1(X10)|c2_1(X10)|~c1_1(X10)))|hskp0)&(![X11]:(ndr1_0=>(c0_1(X11)|c1_1(X11)|~c2_1(X11)))|hskp26|hskp6)&(![X12]:(ndr1_0=>(c0_1(X12)|c1_1(X12)|~c2_1(X12)))|hskp1|hskp2)&(![X13]:(ndr1_0=>(c0_1(X13)|c1_1(X13)|~c3_1(X13)))|![X14]:(ndr1_0=>(c0_1(X14)|c3_1(X14)|~c2_1(X14)))|hskp7)&(![X15]:(ndr1_0=>(c0_1(X15)|c1_1(X15)|~c3_1(X15)))|![X16]:(ndr1_0=>(c0_1(X16)|~c1_1(X16)|~c2_1(X16)))|hskp5)&(![X17]:(ndr1_0=>(c0_1(X17)|c1_1(X17)|~c3_1(X17)))|![X18]:(ndr1_0=>(c1_1(X18)|c3_1(X18)|~c0_1(X18)))|![X19]:(ndr1_0=>(c2_1(X19)|~c0_1(X19)|~c1_1(X19))))&(![X20]:(ndr1_0=>(c0_1(X20)|c1_1(X20)|~c3_1(X20)))|![X21]:(ndr1_0=>(c1_1(X21)|~c0_1(X21)|~c2_1(X21)))|hskp4)&(![X22]:(ndr1_0=>(c0_1(X22)|c2_1(X22)|c3_1(X22)))|![X23]:(ndr1_0=>(c0_1(X23)|c3_1(X23)|~c2_1(X23)))|hskp8)&(![X24]:(ndr1_0=>(c0_1(X24)|c2_1(X24)|c3_1(X24)))|hskp5|hskp9)&(![X25]:(ndr1_0=>(c0_1(X25)|c2_1(X25)|~c1_1(X25)))|![X26]:(ndr1_0=>(c0_1(X26)|c3_1(X26)|~c1_1(X26)))|hskp5)&(![X27]:(ndr1_0=>(c0_1(X27)|c2_1(X27)|~c1_1(X27)))|![X28]:(ndr1_0=>(c0_1(X28)|~c2_1(X28)|~c3_1(X28)))|hskp10)&(![X29]:(ndr1_0=>(c0_1(X29)|c2_1(X29)|~c1_1(X29)))|![X30]:(ndr1_0=>(c2_1(X30)|~c1_1(X30)|~c3_1(X30)))|hskp11)&(![X31]:(ndr1_0=>(c0_1(X31)|c2_1(X31)|~c1_1(X31)))|![X32]:(ndr1_0=>(~c0_1(X32)|~c1_1(X32)|~c2_1(X32)))|hskp27)&(![X33]:(ndr1_0=>(c0_1(X33)|c2_1(X33)|~c3_1(X33)))|![X34]:(ndr1_0=>(c0_1(X34)|~c1_1(X34)|~c3_1(X34)))|![X35]:(ndr1_0=>(c2_1(X35)|~c1_1(X35)|~c3_1(X35))))&(![X36]:(ndr1_0=>(c0_1(X36)|c2_1(X36)|~c3_1(X36)))|![X37]:(ndr1_0=>(c0_1(X37)|~c2_1(X37)|~c3_1(X37)))|![X38]:(ndr1_0=>(~c1_1(X38)|~c2_1(X38)|~c3_1(X38))))&(![X39]:(ndr1_0=>(c0_1(X39)|c2_1(X39)|~c3_1(X39)))|![X40]:(ndr1_0=>(c1_1(X40)|c3_1(X40)|~c2_1(X40)))|![X41]:(ndr1_0=>(c2_1(X41)|~c0_1(X41)|~c1_1(X41))))&(![X42]:(ndr1_0=>(c0_1(X42)|c2_1(X42)|~c3_1(X42)))|hskp27|hskp11)&(![X43]:(ndr1_0=>(c0_1(X43)|c2_1(X43)|~c3_1(X43)))|hskp25|hskp6)&(![X44]:(ndr1_0=>(c0_1(X44)|c2_1(X44)|~c3_1(X44)))|hskp12|hskp7)&(![X45]:(ndr1_0=>(c0_1(X45)|c2_1(X45)|~c3_1(X45)))|hskp6|hskp4)&(![X46]:(ndr1_0=>(c0_1(X46)|c3_1(X46)|~c1_1(X46)))|![X47]:(ndr1_0=>(c2_1(X47)|~c0_1(X47)|~c1_1(X47)))|hskp13)&(![X48]:(ndr1_0=>(c0_1(X48)|c3_1(X48)|~c1_1(X48)))|hskp0|hskp9)&(![X49]:(ndr1_0=>(c0_1(X49)|c3_1(X49)|~c2_1(X49)))|![X50]:(ndr1_0=>(c2_1(X50)|c3_1(X50)|~c1_1(X50)))|hskp14)&(![X51]:(ndr1_0=>(c0_1(X51)|c3_1(X51)|~c2_1(X51)))|![X52]:(ndr1_0=>(~c0_1(X52)|~c1_1(X52)|~c3_1(X52)))|hskp15)&(![X53]:(ndr1_0=>(c0_1(X53)|~c1_1(X53)|~c2_1(X53)))|![X54]:(ndr1_0=>(~c0_1(X54)|~c2_1(X54)|~c3_1(X54)))|hskp16)&(![X55]:(ndr1_0=>(c0_1(X55)|~c1_1(X55)|~c2_1(X55)))|hskp27|hskp17)&(![X56]:(ndr1_0=>(c0_1(X56)|~c1_1(X56)|~c3_1(X56)))|![X57]:(ndr1_0=>(c1_1(X57)|c2_1(X57)|~c0_1(X57)))|hskp2)&(![X58]:(ndr1_0=>(c0_1(X58)|~c2_1(X58)|~c3_1(X58)))|![X59]:(ndr1_0=>(c1_1(X59)|~c2_1(X59)|~c3_1(X59)))|![X60]:(ndr1_0=>(c2_1(X60)|~c0_1(X60)|~c3_1(X60))))&(![X61]:(ndr1_0=>(c1_1(X61)|c2_1(X61)|c3_1(X61)))|hskp27|hskp0)&(![X62]:(ndr1_0=>(c1_1(X62)|c2_1(X62)|~c0_1(X62)))|![X63]:(ndr1_0=>(~c0_1(X63)|~c2_1(X63)|~c3_1(X63)))|hskp26)&(![X64]:(ndr1_0=>(c1_1(X64)|c2_1(X64)|~c3_1(X64)))|![X65]:(ndr1_0=>(c2_1(X65)|~c1_1(X65)|~c3_1(X65)))|hskp11)&(![X66]:(ndr1_0=>(c1_1(X66)|c3_1(X66)|~c0_1(X66)))|hskp27|hskp5)&(![X67]:(ndr1_0=>(c1_1(X67)|c3_1(X67)|~c2_1(X67)))|![X68]:(ndr1_0=>(c1_1(X68)|~c0_1(X68)|~c3_1(X68)))|hskp5)&(![X69]:(ndr1_0=>(c1_1(X69)|c3_1(X69)|~c2_1(X69)))|![X70]:(ndr1_0=>(c2_1(X70)|c3_1(X70)|~c0_1(X70)))|![X71]:(ndr1_0=>(~c0_1(X71)|~c1_1(X71)|~c2_1(X71))))&(![X72]:(ndr1_0=>(c1_1(X72)|c3_1(X72)|~c2_1(X72)))|![X73]:(ndr1_0=>(c2_1(X73)|~c1_1(X73)|~c3_1(X73)))|hskp18)&(![X74]:(ndr1_0=>(c1_1(X74)|~c0_1(X74)|~c3_1(X74)))|hskp27|hskp19)&(![X75]:(ndr1_0=>(c1_1(X75)|~c2_1(X75)|~c3_1(X75)))|hskp5|hskp20)&(![X76]:(ndr1_0=>(c2_1(X76)|c3_1(X76)|~c0_1(X76)))|hskp25|hskp9)&(![X77]:(ndr1_0=>(c2_1(X77)|c3_1(X77)|~c0_1(X77)))|hskp16|hskp3)&(![X78]:(ndr1_0=>(c2_1(X78)|c3_1(X78)|~c1_1(X78)))|hskp28|hskp16)&(![X79]:(ndr1_0=>(c3_1(X79)|~c0_1(X79)|~c1_1(X79)))|![X80]:(ndr1_0=>(~c0_1(X80)|~c2_1(X80)|~c3_1(X80)))|hskp1)&(![X81]:(ndr1_0=>(c3_1(X81)|~c0_1(X81)|~c1_1(X81)))|hskp18|hskp11)&(![X82]:(ndr1_0=>(c3_1(X82)|~c1_1(X82)|~c2_1(X82)))|hskp27|hskp11)&(![X83]:(ndr1_0=>(~c0_1(X83)|~c2_1(X83)|~c3_1(X83)))|hskp28|hskp11)&(![X84]:(ndr1_0=>(~c0_1(X84)|~c2_1(X84)|~c3_1(X84)))|hskp21)&(![X85]:(ndr1_0=>(~c0_1(X85)|~c2_1(X85)|~c3_1(X85)))|hskp21|hskp2)&(![X86]:(ndr1_0=>(~c1_1(X86)|~c2_1(X86)|~c3_1(X86)))|hskp16|hskp22)&(hskp23|hskp21|hskp17)&(hskp23|hskp24|hskp13)&(hskp16|hskp18|hskp19)&(hskp0|hskp5|hskp19)&(hskp0|hskp8)&(hskp7|hskp1|hskp4)))			
../../TPTP-v7.3.0/Problems/SYN/SYN360+1.p		Theorem	UNKNOWN		UNKNOWN		fof		((![X]:(?[Y]:big_p(X,Y)=>![Y]:big_q(X,Y))&![Z]:?[Y]:big_p(Z,Y))=>![Y,X]:big_q(X,Y))			
../../TPTP-v7.3.0/Problems/SYN/SYN511+1.p		Theorem	UNKNOWN		UNKNOWN		fof		(~((~hskp0|(ndr1_0&c1_1(a668)&~c2_1(a668)&~c3_1(a668)))&(~hskp1|(ndr1_0&c0_1(a669)&~c1_1(a669)&~c2_1(a669)))&(~hskp2|(ndr1_0&c3_1(a670)&~c0_1(a670)&~c1_1(a670)))&(~hskp3|(ndr1_0&c2_1(a671)&~c0_1(a671)&~c1_1(a671)))&(~hskp4|(ndr1_0&~c0_1(a672)&~c1_1(a672)&~c2_1(a672)))&(~hskp5|(ndr1_0&~c0_1(a673)&~c2_1(a673)&~c3_1(a673)))&(~hskp6|(ndr1_0&c0_1(a674)&c3_1(a674)&~c1_1(a674)))&(~hskp7|(ndr1_0&c1_1(a675)&c3_1(a675)&~c2_1(a675)))&(~hskp8|(ndr1_0&c1_1(a679)&c3_1(a679)&~c0_1(a679)))&(~hskp9|(ndr1_0&c2_1(a680)&~c1_1(a680)&~c3_1(a680)))&(~hskp10|(ndr1_0&c2_1(a681)&c3_1(a681)&~c0_1(a681)))&(~hskp11|(ndr1_0&c0_1(a683)&c3_1(a683)&~c2_1(a683)))&(~hskp12|(ndr1_0&c3_1(a684)&~c0_1(a684)&~c2_1(a684)))&(~hskp13|(ndr1_0&c0_1(a688)&c1_1(a688)&~c3_1(a688)))&(~hskp14|(ndr1_0&c0_1(a696)&c2_1(a696)&~c3_1(a696)))&(~hskp15|(ndr1_0&c2_1(a700)&~c0_1(a700)&~c3_1(a700)))&(~hskp16|(ndr1_0&c2_1(a702)&c3_1(a702)&~c1_1(a702)))&(~hskp17|(ndr1_0&c1_1(a703)&~c0_1(a703)&~c2_1(a703)))&(~hskp18|(ndr1_0&c3_1(a708)&~c1_1(a708)&~c2_1(a708)))&(~hskp19|(ndr1_0&c1_1(a710)&c2_1(a710)&~c0_1(a710)))&(~hskp20|(ndr1_0&c0_1(a711)&c1_1(a711)&~c2_1(a711)))&(~hskp21|(ndr1_0&c0_1(a715)&~c2_1(a715)&~c3_1(a715)))&(~hskp22|(ndr1_0&c1_1(a716)&c2_1(a716)&~c3_1(a716)))&(~hskp23|(ndr1_0&c0_1(a730)&c2_1(a730)&~c1_1(a730)))&(~hskp24|(ndr1_0&c0_1(a731)&~c1_1(a731)&~c3_1(a731)))&(~hskp25|(ndr1_0&~c0_1(a760)&~c1_1(a760)&~c3_1(a760)))&(~hskp26|(ndr1_0&c1_1(a762)&~c0_1(a762)&~c3_1(a762)))&(~hskp27|(ndr1_0&c0_1(a676)&c1_1(a676)&c2_1(a676)))&(~hskp28|(ndr1_0&c0_1(a678)&c1_1(a678)&c3_1(a678)))&(~hskp29|(ndr1_0&c1_1(a725)&c2_1(a725)&c3_1(a725)))&(~hskp30|(ndr1_0&c0_1(a753)&c2_1(a753)&c3_1(a753)))&(![U]:(ndr1_0=>(c0_1(U)|c1_1(U)|c2_1(U)))|![V]:(ndr1_0=>(c2_1(V)|~c0_1(V)|~c1_1(V)))|hskp0)&(![W]:(ndr1_0=>(c0_1(W)|c1_1(W)|c2_1(W)))|hskp1|hskp2)&(![X]:(ndr1_0=>(c0_1(X)|c1_1(X)|c2_1(X)))|hskp3|hskp4)&(![Y]:(ndr1_0=>(c0_1(Y)|c1_1(Y)|c3_1(Y)))|![Z]:(ndr1_0=>(c1_1(Z)|c3_1(Z)|~c2_1(Z)))|hskp5)&(![X1]:(ndr1_0=>(c0_1(X1)|c1_1(X1)|c3_1(X1)))|hskp6|hskp7)&(![X2]:(ndr1_0=>(c0_1(X2)|c1_1(X2)|~c2_1(X2)))|![X3]:(ndr1_0=>(c0_1(X3)|c2_1(X3)|~c1_1(X3)))|hskp27)&(![X4]:(ndr1_0=>(c0_1(X4)|c1_1(X4)|~c2_1(X4)))|![X5]:(ndr1_0=>(c1_1(X5)|c2_1(X5)|~c3_1(X5)))|hskp5)&(![X6]:(ndr1_0=>(c0_1(X6)|c1_1(X6)|~c2_1(X6)))|![X7]:(ndr1_0=>(c1_1(X7)|c3_1(X7)|~c0_1(X7)))|![X8]:(ndr1_0=>(c2_1(X8)|~c1_1(X8)|~c3_1(X8))))&(![X9]:(ndr1_0=>(c0_1(X9)|c1_1(X9)|~c2_1(X9)))|![X10]:(ndr1_0=>(~c0_1(X10)|~c2_1(X10)|~c3_1(X10)))|hskp28)&(![X11]:(ndr1_0=>(c0_1(X11)|c1_1(X11)|~c2_1(X11)))|hskp8|hskp9)&(![X12]:(ndr1_0=>(c0_1(X12)|c1_1(X12)|~c2_1(X12)))|hskp10|hskp2)&(![X13]:(ndr1_0=>(c0_1(X13)|c1_1(X13)|~c3_1(X13)))|![X14]:(ndr1_0=>(c0_1(X14)|~c1_1(X14)|~c3_1(X14)))|![X15]:(ndr1_0=>(c2_1(X15)|~c0_1(X15)|~c3_1(X15))))&(![X16]:(ndr1_0=>(c0_1(X16)|c1_1(X16)|~c3_1(X16)))|![X17]:(ndr1_0=>(c1_1(X17)|~c2_1(X17)|~c3_1(X17)))|hskp11)&(![X18]:(ndr1_0=>(c0_1(X18)|c1_1(X18)|~c3_1(X18)))|![X19]:(ndr1_0=>(c2_1(X19)|~c0_1(X19)|~c1_1(X19)))|![X20]:(ndr1_0=>(~c0_1(X20)|~c2_1(X20)|~c3_1(X20))))&(![X21]:(ndr1_0=>(c0_1(X21)|c1_1(X21)|~c3_1(X21)))|![X22]:(ndr1_0=>(~c1_1(X22)|~c2_1(X22)|~c3_1(X22)))|hskp12)&(![X23]:(ndr1_0=>(c0_1(X23)|c2_1(X23)|c3_1(X23)))|![X24]:(ndr1_0=>(c0_1(X24)|c2_1(X24)|~c1_1(X24)))|hskp6)&(![X25]:(ndr1_0=>(c0_1(X25)|c2_1(X25)|c3_1(X25)))|hskp28|hskp7)&(![X26]:(ndr1_0=>(c0_1(X26)|c2_1(X26)|c3_1(X26)))|hskp13|hskp9)&(![X27]:(ndr1_0=>(c0_1(X27)|c2_1(X27)|~c1_1(X27)))|![X28]:(ndr1_0=>(c0_1(X28)|~c1_1(X28)|~c3_1(X28)))|![X29]:(ndr1_0=>(~c1_1(X29)|~c2_1(X29)|~c3_1(X29))))&(![X30]:(ndr1_0=>(c0_1(X30)|c2_1(X30)|~c1_1(X30)))|![X31]:(ndr1_0=>(c0_1(X31)|~c2_1(X31)|~c3_1(X31)))|![X32]:(ndr1_0=>(c1_1(X32)|~c0_1(X32)|~c2_1(X32))))&(![X33]:(ndr1_0=>(c0_1(X33)|c2_1(X33)|~c1_1(X33)))|![X34]:(ndr1_0=>(c1_1(X34)|~c2_1(X34)|~c3_1(X34)))|![X35]:(ndr1_0=>(~c0_1(X35)|~c2_1(X35)|~c3_1(X35))))&(![X36]:(ndr1_0=>(c0_1(X36)|c2_1(X36)|~c3_1(X36)))|![X37]:(ndr1_0=>(c2_1(X37)|~c0_1(X37)|~c3_1(X37)))|hskp7)&(![X38]:(ndr1_0=>(c0_1(X38)|c3_1(X38)|~c1_1(X38)))|![X39]:(ndr1_0=>(c0_1(X39)|~c1_1(X39)|~c3_1(X39)))|hskp0)&(![X40]:(ndr1_0=>(c0_1(X40)|c3_1(X40)|~c1_1(X40)))|![X41]:(ndr1_0=>(c1_1(X41)|~c0_1(X41)|~c3_1(X41)))|hskp8)&(![X42]:(ndr1_0=>(c0_1(X42)|c3_1(X42)|~c1_1(X42)))|![X43]:(ndr1_0=>(c2_1(X43)|~c0_1(X43)|~c1_1(X43)))|![X44]:(ndr1_0=>(c2_1(X44)|~c1_1(X44)|~c3_1(X44))))&(![X45]:(ndr1_0=>(c0_1(X45)|c3_1(X45)|~c1_1(X45)))|![X46]:(ndr1_0=>(c2_1(X46)|~c0_1(X46)|~c3_1(X46)))|hskp12)&(![X47]:(ndr1_0=>(c0_1(X47)|c3_1(X47)|~c1_1(X47)))|![X48]:(ndr1_0=>(c3_1(X48)|~c1_1(X48)|~c2_1(X48)))|hskp4)&(![X49]:(ndr1_0=>(c0_1(X49)|c3_1(X49)|~c2_1(X49)))|![X50]:(ndr1_0=>(c0_1(X50)|~c1_1(X50)|~c3_1(X50)))|![X51]:(ndr1_0=>(~c0_1(X51)|~c1_1(X51)|~c3_1(X51))))&(![X52]:(ndr1_0=>(c0_1(X52)|c3_1(X52)|~c2_1(X52)))|![X53]:(ndr1_0=>(c2_1(X53)|c3_1(X53)|~c1_1(X53)))|hskp10)&(![X54]:(ndr1_0=>(c0_1(X54)|c3_1(X54)|~c2_1(X54)))|hskp14|hskp1)&(![X55]:(ndr1_0=>(c0_1(X55)|~c1_1(X55)|~c2_1(X55)))|![X56]:(ndr1_0=>(c0_1(X56)|~c2_1(X56)|~c3_1(X56)))|![X57]:(ndr1_0=>(~c1_1(X57)|~c2_1(X57)|~c3_1(X57))))&(![X58]:(ndr1_0=>(c0_1(X58)|~c1_1(X58)|~c2_1(X58)))|![X59]:(ndr1_0=>(c1_1(X59)|c2_1(X59)|~c3_1(X59)))|hskp27)&(![X60]:(ndr1_0=>(c0_1(X60)|~c1_1(X60)|~c2_1(X60)))|![X61]:(ndr1_0=>(c1_1(X61)|~c0_1(X61)|~c3_1(X61))))&(![X62]:(ndr1_0=>(c0_1(X62)|~c1_1(X62)|~c2_1(X62)))|![X63]:(ndr1_0=>(c2_1(X63)|c3_1(X63)|~c0_1(X63)))|![X64]:(ndr1_0=>(c2_1(X64)|~c0_1(X64)|~c1_1(X64))))&(![X65]:(ndr1_0=>(c0_1(X65)|~c1_1(X65)|~c2_1(X65)))|![X66]:(ndr1_0=>(c3_1(X66)|~c0_1(X66)|~c1_1(X66)))|hskp10)&(![X67]:(ndr1_0=>(c0_1(X67)|~c1_1(X67)|~c2_1(X67)))|![X68]:(ndr1_0=>(~c0_1(X68)|~c1_1(X68)|~c3_1(X68)))|hskp15)&(![X69]:(ndr1_0=>(c0_1(X69)|~c1_1(X69)|~c3_1(X69)))|![X70]:(ndr1_0=>(c1_1(X70)|~c0_1(X70)|~c2_1(X70)))|hskp3)&(![X71]:(ndr1_0=>(c0_1(X71)|~c1_1(X71)|~c3_1(X71)))|![X72]:(ndr1_0=>(c3_1(X72)|~c0_1(X72)|~c1_1(X72)))|hskp16)&(![X73]:(ndr1_0=>(c0_1(X73)|~c1_1(X73)|~c3_1(X73)))|![X74]:(ndr1_0=>(c3_1(X74)|~c0_1(X74)|~c2_1(X74)))|hskp17)&(![X75]:(ndr1_0=>(c0_1(X75)|~c1_1(X75)|~c3_1(X75)))|hskp6|hskp4)&(![X76]:(ndr1_0=>(c0_1(X76)|~c2_1(X76)|~c3_1(X76)))|hskp11|hskp16)&(![X77]:(ndr1_0=>(c1_1(X77)|c2_1(X77)|c3_1(X77)))|![X78]:(ndr1_0=>(~c1_1(X78)|~c2_1(X78)|~c3_1(X78)))|hskp18)&(![X79]:(ndr1_0=>(c1_1(X79)|c2_1(X79)|~c0_1(X79)))|![X80]:(ndr1_0=>(c1_1(X80)|~c0_1(X80)|~c3_1(X80)))|hskp6)&(![X81]:(ndr1_0=>(c1_1(X81)|c2_1(X81)|~c0_1(X81)))|![X82]:(ndr1_0=>(~c1_1(X82)|~c2_1(X82)|~c3_1(X82)))|hskp19)&(![X83]:(ndr1_0=>(c1_1(X83)|c2_1(X83)|~c0_1(X83)))|hskp20|hskp13)&(![X84]:(ndr1_0=>(c1_1(X84)|c2_1(X84)|~c0_1(X84)))|hskp1|hskp15)&(![X85]:(ndr1_0=>(c1_1(X85)|c2_1(X85)|~c0_1(X85)))|hskp21|hskp22)&(![X86]:(ndr1_0=>(c1_1(X86)|c2_1(X86)|~c0_1(X86)))|hskp9|hskp2)&(![X87]:(ndr1_0=>(c1_1(X87)|c2_1(X87)|~c3_1(X87)))|![X88]:(ndr1_0=>(c3_1(X88)|~c1_1(X88)|~c2_1(X88)))|hskp10)&(![X89]:(ndr1_0=>(c1_1(X89)|c2_1(X89)|~c3_1(X89)))|![X90]:(ndr1_0=>(~c0_1(X90)|~c1_1(X90)|~c3_1(X90)))|hskp16)&(![X91]:(ndr1_0=>(c1_1(X91)|c2_1(X91)|~c3_1(X91)))|hskp20|hskp0)&(![X92]:(ndr1_0=>(c1_1(X92)|c3_1(X92)|~c0_1(X92)))|![X93]:(ndr1_0=>(c1_1(X93)|c3_1(X93)|~c2_1(X93)))|![X94]:(ndr1_0=>(~c1_1(X94)|~c2_1(X94)|~c3_1(X94))))&(![X95]:(ndr1_0=>(c1_1(X95)|c3_1(X95)|~c0_1(X95)))|![X96]:(ndr1_0=>(c3_1(X96)|~c0_1(X96)|~c1_1(X96)))|![X97]:(ndr1_0=>(~c1_1(X97)|~c2_1(X97)|~c3_1(X97))))&(![X98]:(ndr1_0=>(c1_1(X98)|c3_1(X98)|~c0_1(X98)))|hskp20|hskp19)&(![X99]:(ndr1_0=>(c1_1(X99)|c3_1(X99)|~c0_1(X99)))|hskp29|hskp15)&(![X100]:(ndr1_0=>(c1_1(X100)|c3_1(X100)|~c2_1(X100)))|![X101]:(ndr1_0=>(c1_1(X101)|~c2_1(X101)|~c3_1(X101)))|hskp13)&(![X102]:(ndr1_0=>(c1_1(X102)|c3_1(X102)|~c2_1(X102)))|![X103]:(ndr1_0=>(c2_1(X103)|~c0_1(X103)|~c3_1(X103)))|![X104]:(ndr1_0=>(c3_1(X104)|~c0_1(X104)|~c2_1(X104))))&(![X105]:(ndr1_0=>(c1_1(X105)|c3_1(X105)|~c2_1(X105)))|hskp27|hskp1)&(![X106]:(ndr1_0=>(c1_1(X106)|~c0_1(X106)|~c2_1(X106)))|![X107]:(ndr1_0=>(c1_1(X107)|~c2_1(X107)|~c3_1(X107)))|hskp23)&(![X108]:(ndr1_0=>(c1_1(X108)|~c0_1(X108)|~c2_1(X108)))|hskp24|hskp19)&(![X109]:(ndr1_0=>(c2_1(X109)|c3_1(X109)|~c1_1(X109)))|![X110]:(ndr1_0=>(~c0_1(X110)|~c2_1(X110)|~c3_1(X110)))|hskp5)&(![X111]:(ndr1_0=>(c2_1(X111)|~c0_1(X111)|~c3_1(X111)))|hskp15|hskp4)&(![X112]:(ndr1_0=>(c2_1(X112)|~c1_1(X112)|~c3_1(X112)))|hskp28|hskp10)&(![X113]:(ndr1_0=>(c2_1(X113)|~c1_1(X113)|~c3_1(X113)))|hskp14|hskp17)&(![X114]:(ndr1_0=>(c3_1(X114)|~c0_1(X114)|~c1_1(X114)))|hskp14|hskp24)&(![X115]:(ndr1_0=>(c3_1(X115)|~c1_1(X115)|~c2_1(X115)))|![X116]:(ndr1_0=>(~c0_1(X116)|~c2_1(X116)|~c3_1(X116)))|hskp21)&(![X117]:(ndr1_0=>(c3_1(X117)|~c1_1(X117)|~c2_1(X117)))|hskp1|hskp21)&(![X118]:(ndr1_0=>(~c0_1(X118)|~c1_1(X118)|~c2_1(X118)))|hskp9|hskp5)&(![X119]:(ndr1_0=>(~c0_1(X119)|~c2_1(X119)|~c3_1(X119)))|![X120]:(ndr1_0=>(~c1_1(X120)|~c2_1(X120)|~c3_1(X120))))&(![X121]:(ndr1_0=>(~c1_1(X121)|~c2_1(X121)|~c3_1(X121)))|hskp23|hskp16)&(hskp27|hskp24|hskp18)&(hskp28|hskp30|hskp11)&(hskp28|hskp19|hskp9)&(hskp13|hskp12|hskp25)&(hskp30|hskp26|hskp12)&(hskp11|hskp21|hskp2)&(hskp24|hskp18|hskp4)&(hskp29|hskp0|hskp16)&(hskp22|hskp8|hskp0)&(hskp7|hskp25|hskp5)))			
../../TPTP-v7.3.0/Problems/SYN/SYN121-1.p		Unsatisfiable	UNKNOWN		UNKNOWN		cnf					
../../TPTP-v7.3.0/Problems/SYN/SYN743-1.p		Satisfiable	UNKNOWN		UNKNOWN		cnf					
../../TPTP-v7.3.0/Problems/SYN/SYN313-1.001.002.p		Unsatisfiable	UNKNOWN		UNKNOWN		cnf					
../../TPTP-v7.3.0/Problems/SYN/SYN167-1.p		Unsatisfiable	UNKNOWN		UNKNOWN		cnf					
../../TPTP-v7.3.0/Problems/SYN/SYN137-1.p		Unsatisfiable	UNKNOWN		UNKNOWN		cnf					
../../TPTP-v7.3.0/Problems/SYN/SYN268-1.p		Unsatisfiable	UNKNOWN		UNKNOWN		cnf					
../../TPTP-v7.3.0/Problems/SYN/SYN440-1.p		Unsatisfiable	UNKNOWN		UNKNOWN		cnf					
../../TPTP-v7.3.0/Problems/SYN/SYN485+1.p		Theorem	UNKNOWN		UNKNOWN		fof		(~((~hskp0|(ndr1_0&c3_1(a2068)&~c0_1(a2068)&~c2_1(a2068)))&(~hskp1|(ndr1_0&c0_1(a2070)&c3_1(a2070)&~c2_1(a2070)))&(~hskp2|(ndr1_0&c0_1(a2071)&c2_1(a2071)&~c3_1(a2071)))&(~hskp3|(ndr1_0&~c0_1(a2072)&~c1_1(a2072)&~c3_1(a2072)))&(~hskp4|(ndr1_0&c1_1(a2074)&c3_1(a2074)&~c2_1(a2074)))&(~hskp5|(ndr1_0&c1_1(a2076)&c3_1(a2076)&~c0_1(a2076)))&(~hskp6|(ndr1_0&c0_1(a2078)&~c1_1(a2078)&~c2_1(a2078)))&(~hskp7|(ndr1_0&c0_1(a2079)&c1_1(a2079)&~c3_1(a2079)))&(~hskp8|(ndr1_0&c1_1(a2082)&c2_1(a2082)&~c0_1(a2082)))&(~hskp9|(ndr1_0&c2_1(a2084)&c3_1(a2084)&~c1_1(a2084)))&(~hskp10|(ndr1_0&c2_1(a2087)&~c1_1(a2087)&~c3_1(a2087)))&(~hskp11|(ndr1_0&c0_1(a2093)&~c1_1(a2093)&~c3_1(a2093)))&(~hskp12|(ndr1_0&c1_1(a2095)&~c0_1(a2095)&~c2_1(a2095)))&(~hskp13|(ndr1_0&c2_1(a2096)&~c0_1(a2096)&~c1_1(a2096)))&(~hskp14|(ndr1_0&~c0_1(a2097)&~c1_1(a2097)&~c2_1(a2097)))&(~hskp15|(ndr1_0&c0_1(a2099)&~c2_1(a2099)&~c3_1(a2099)))&(~hskp16|(ndr1_0&c3_1(a2104)&~c0_1(a2104)&~c1_1(a2104)))&(~hskp17|(ndr1_0&c0_1(a2110)&c2_1(a2110)&~c1_1(a2110)))&(~hskp18|(ndr1_0&c1_1(a2116)&~c2_1(a2116)&~c3_1(a2116)))&(~hskp19|(ndr1_0&c2_1(a2122)&~c0_1(a2122)&~c3_1(a2122)))&(~hskp20|(ndr1_0&~c1_1(a2130)&~c2_1(a2130)&~c3_1(a2130)))&(~hskp21|(ndr1_0&c0_1(a2136)&c1_1(a2136)&~c2_1(a2136)))&(~hskp22|(ndr1_0&c2_1(a2140)&c3_1(a2140)&~c0_1(a2140)))&(~hskp23|(ndr1_0&c0_1(a2149)&c3_1(a2149)&~c1_1(a2149)))&(~hskp24|(ndr1_0&c1_1(a2160)&c2_1(a2160)&~c3_1(a2160)))&(~hskp25|(ndr1_0&c1_1(a2172)&~c0_1(a2172)&~c3_1(a2172)))&(~hskp26|(ndr1_0&c0_1(a2069)&c2_1(a2069)&c3_1(a2069)))&(~hskp27|(ndr1_0&c0_1(a2073)&c1_1(a2073)&c3_1(a2073)))&(~hskp28|(ndr1_0&c0_1(a2075)&c1_1(a2075)&c2_1(a2075)))&(~hskp29|(ndr1_0&c1_1(a2077)&c2_1(a2077)&c3_1(a2077)))&(![U]:(ndr1_0=>(c0_1(U)|c1_1(U)|c2_1(U)))|![V]:(ndr1_0=>(c0_1(V)|c2_1(V)|~c1_1(V)))|![W]:(ndr1_0=>(c1_1(W)|c2_1(W)|c3_1(W))))&(![X]:(ndr1_0=>(c0_1(X)|c1_1(X)|c2_1(X)))|![Y]:(ndr1_0=>(~c0_1(Y)|~c2_1(Y)|~c3_1(Y)))|hskp0)&(![Z]:(ndr1_0=>(c0_1(Z)|c1_1(Z)|c2_1(Z)))|hskp26|hskp1)&(![X1]:(ndr1_0=>(c0_1(X1)|c1_1(X1)|c2_1(X1)))|hskp2|hskp3)&(![X2]:(ndr1_0=>(c0_1(X2)|c1_1(X2)|c3_1(X2)))|![X3]:(ndr1_0=>(c0_1(X3)|c1_1(X3)|~c2_1(X3)))|hskp27)&(![X4]:(ndr1_0=>(c0_1(X4)|c1_1(X4)|c3_1(X4)))|![X5]:(ndr1_0=>(c1_1(X5)|c3_1(X5)|~c2_1(X5)))|hskp4)&(![X6]:(ndr1_0=>(c0_1(X6)|c1_1(X6)|c3_1(X6)))|hskp28|hskp5)&(![X7]:(ndr1_0=>(c0_1(X7)|c1_1(X7)|~c2_1(X7)))|![X8]:(ndr1_0=>(c0_1(X8)|~c2_1(X8)|~c3_1(X8)))|![X9]:(ndr1_0=>(c1_1(X9)|~c0_1(X9)|~c2_1(X9))))&(![X10]:(ndr1_0=>(c0_1(X10)|c1_1(X10)|~c2_1(X10)))|![X11]:(ndr1_0=>(c2_1(X11)|~c0_1(X11)|~c1_1(X11)))|hskp29)&(![X12]:(ndr1_0=>(c0_1(X12)|c1_1(X12)|~c3_1(X12)))|![X13]:(ndr1_0=>(c1_1(X13)|~c0_1(X13)|~c3_1(X13)))|hskp6)&(![X14]:(ndr1_0=>(c0_1(X14)|c1_1(X14)|~c3_1(X14)))|![X15]:(ndr1_0=>(c1_1(X15)|~c2_1(X15)|~c3_1(X15)))|![X16]:(ndr1_0=>(c2_1(X16)|c3_1(X16)|~c1_1(X16))))&(![X17]:(ndr1_0=>(c0_1(X17)|c1_1(X17)|~c3_1(X17)))|![X18]:(ndr1_0=>(~c0_1(X18)|~c1_1(X18)|~c3_1(X18)))|hskp7)&(![X19]:(ndr1_0=>(c0_1(X19)|c2_1(X19)|c3_1(X19)))|![X20]:(ndr1_0=>(c1_1(X20)|c3_1(X20)|~c2_1(X20)))|![X21]:(ndr1_0=>(c2_1(X21)|~c1_1(X21)|~c3_1(X21))))&(![X22]:(ndr1_0=>(c0_1(X22)|c2_1(X22)|c3_1(X22)))|hskp5|hskp4)&(![X23]:(ndr1_0=>(c0_1(X23)|c2_1(X23)|~c1_1(X23)))|![X24]:(ndr1_0=>(c1_1(X24)|c3_1(X24)|~c2_1(X24)))|hskp8)&(![X25]:(ndr1_0=>(c0_1(X25)|c2_1(X25)|~c1_1(X25)))|![X26]:(ndr1_0=>(c1_1(X26)|~c0_1(X26)|~c3_1(X26)))|hskp2)&(![X27]:(ndr1_0=>(c0_1(X27)|c2_1(X27)|~c1_1(X27)))|![X28]:(ndr1_0=>(c2_1(X28)|~c0_1(X28)|~c1_1(X28)))|hskp9)&(![X29]:(ndr1_0=>(c0_1(X29)|c2_1(X29)|~c1_1(X29)))|![X30]:(ndr1_0=>(c2_1(X30)|~c0_1(X30)|~c3_1(X30)))|hskp9)&(![X31]:(ndr1_0=>(c0_1(X31)|c2_1(X31)|~c3_1(X31)))|![X32]:(ndr1_0=>(c0_1(X32)|c3_1(X32)|~c1_1(X32)))|![X33]:(ndr1_0=>(c2_1(X33)|c3_1(X33)|~c1_1(X33))))&(![X34]:(ndr1_0=>(c0_1(X34)|c2_1(X34)|~c3_1(X34)))|![X35]:(ndr1_0=>(c1_1(X35)|c2_1(X35)|~c3_1(X35)))|hskp4)&(![X36]:(ndr1_0=>(c0_1(X36)|c2_1(X36)|~c3_1(X36)))|![X37]:(ndr1_0=>(~c0_1(X37)|~c2_1(X37)|~c3_1(X37)))|hskp10)&(![X38]:(ndr1_0=>(c0_1(X38)|c2_1(X38)|~c3_1(X38)))|hskp27|hskp7)&(![X39]:(ndr1_0=>(c0_1(X39)|c3_1(X39)|~c1_1(X39)))|![X40]:(ndr1_0=>(~c0_1(X40)|~c2_1(X40)|~c3_1(X40)))|hskp4)&(![X41]:(ndr1_0=>(c0_1(X41)|c3_1(X41)|~c1_1(X41)))|![X42]:(ndr1_0=>(~c1_1(X42)|~c2_1(X42)|~c3_1(X42)))|hskp8)&(![X43]:(ndr1_0=>(c0_1(X43)|c3_1(X43)|~c2_1(X43)))|![X44]:(ndr1_0=>(c0_1(X44)|~c1_1(X44)|~c2_1(X44)))|hskp1)&(![X45]:(ndr1_0=>(c0_1(X45)|c3_1(X45)|~c2_1(X45)))|![X46]:(ndr1_0=>(c1_1(X46)|c2_1(X46)|~c0_1(X46)))|hskp11)&(![X47]:(ndr1_0=>(c0_1(X47)|c3_1(X47)|~c2_1(X47)))|![X48]:(ndr1_0=>(c1_1(X48)|~c2_1(X48)|~c3_1(X48)))|hskp10)&(![X49]:(ndr1_0=>(c0_1(X49)|c3_1(X49)|~c2_1(X49)))|![X50]:(ndr1_0=>(c2_1(X50)|~c0_1(X50)|~c3_1(X50)))|![X51]:(ndr1_0=>(c2_1(X51)|~c1_1(X51)|~c3_1(X51))))&(![X52]:(ndr1_0=>(c0_1(X52)|c3_1(X52)|~c2_1(X52)))|hskp12|hskp13)&(![X53]:(ndr1_0=>(c0_1(X53)|~c1_1(X53)|~c2_1(X53)))|![X54]:(ndr1_0=>(c1_1(X54)|c2_1(X54)|c3_1(X54)))|hskp14)&(![X55]:(ndr1_0=>(c0_1(X55)|~c1_1(X55)|~c2_1(X55)))|![X56]:(ndr1_0=>(c1_1(X56)|c3_1(X56)|~c2_1(X56)))|hskp11)&(![X57]:(ndr1_0=>(c0_1(X57)|~c1_1(X57)|~c3_1(X57)))|![X58]:(ndr1_0=>(c1_1(X58)|c2_1(X58)|~c3_1(X58)))|hskp15)&(![X59]:(ndr1_0=>(c0_1(X59)|~c1_1(X59)|~c3_1(X59)))|![X60]:(ndr1_0=>(c1_1(X60)|~c0_1(X60)|~c3_1(X60)))|![X61]:(ndr1_0=>(c2_1(X61)|~c0_1(X61)|~c1_1(X61))))&(![X62]:(ndr1_0=>(c0_1(X62)|~c1_1(X62)|~c3_1(X62)))|hskp28|hskp4)&(![X63]:(ndr1_0=>(c0_1(X63)|~c1_1(X63)|~c3_1(X63)))|hskp0)&(![X64]:(ndr1_0=>(c0_1(X64)|~c2_1(X64)|~c3_1(X64)))|![X65]:(ndr1_0=>(c1_1(X65)|~c2_1(X65)|~c3_1(X65)))|hskp27)&(![X66]:(ndr1_0=>(c0_1(X66)|~c2_1(X66)|~c3_1(X66)))|![X67]:(ndr1_0=>(c2_1(X67)|c3_1(X67)|~c0_1(X67)))|hskp16)&(![X68]:(ndr1_0=>(c0_1(X68)|~c2_1(X68)|~c3_1(X68)))|![X69]:(ndr1_0=>(~c0_1(X69)|~c1_1(X69)|~c2_1(X69)))|hskp26)&(![X70]:(ndr1_0=>(c0_1(X70)|~c2_1(X70)|~c3_1(X70)))|hskp27|hskp29)&(![X71]:(ndr1_0=>(c0_1(X71)|~c2_1(X71)|~c3_1(X71)))|hskp11|hskp0)&(![X72]:(ndr1_0=>(c1_1(X72)|c2_1(X72)|c3_1(X72)))|hskp17|hskp1)&(![X73]:(ndr1_0=>(c1_1(X73)|c2_1(X73)|~c0_1(X73)))|![X74]:(ndr1_0=>(~c0_1(X74)|~c2_1(X74)|~c3_1(X74)))|hskp26)&(![X75]:(ndr1_0=>(c1_1(X75)|c2_1(X75)|~c3_1(X75)))|![X76]:(ndr1_0=>(c3_1(X76)|~c0_1(X76)|~c2_1(X76)))|hskp16)&(![X77]:(ndr1_0=>(c1_1(X77)|c2_1(X77)|~c3_1(X77)))|![X78]:(ndr1_0=>(~c1_1(X78)|~c2_1(X78)|~c3_1(X78)))|hskp8)&(![X79]:(ndr1_0=>(c1_1(X79)|c2_1(X79)|~c3_1(X79)))|hskp26|hskp18)&(![X80]:(ndr1_0=>(c1_1(X80)|c3_1(X80)|~c0_1(X80)))|![X81]:(ndr1_0=>(c1_1(X81)|~c2_1(X81)|~c3_1(X81)))|hskp26)&(![X82]:(ndr1_0=>(c1_1(X82)|c3_1(X82)|~c0_1(X82)))|![X83]:(ndr1_0=>(c2_1(X83)|~c1_1(X83)|~c3_1(X83)))|hskp3)&(![X84]:(ndr1_0=>(c1_1(X84)|c3_1(X84)|~c0_1(X84)))|![X85]:(ndr1_0=>(~c0_1(X85)|~c1_1(X85)|~c3_1(X85)))|![X86]:(ndr1_0=>(~c0_1(X86)|~c2_1(X86)|~c3_1(X86))))&(![X87]:(ndr1_0=>(c1_1(X87)|c3_1(X87)|~c0_1(X87)))|hskp1|hskp8)&(![X88]:(ndr1_0=>(c1_1(X88)|c3_1(X88)|~c0_1(X88)))|hskp11|hskp19)&(![X89]:(ndr1_0=>(c1_1(X89)|~c0_1(X89)|~c3_1(X89)))|![X90]:(ndr1_0=>(c2_1(X90)|c3_1(X90)|~c1_1(X90)))|hskp17)&(![X91]:(ndr1_0=>(c1_1(X91)|~c0_1(X91)|~c3_1(X91)))|![X92]:(ndr1_0=>(c2_1(X92)|c3_1(X92)|~c1_1(X92)))|hskp8)&(![X93]:(ndr1_0=>(c1_1(X93)|~c0_1(X93)|~c3_1(X93)))|hskp26|hskp5)&(![X94]:(ndr1_0=>(c1_1(X94)|~c0_1(X94)|~c3_1(X94)))|hskp11|hskp10)&(![X95]:(ndr1_0=>(c1_1(X95)|~c2_1(X95)|~c3_1(X95)))|![X96]:(ndr1_0=>(c2_1(X96)|~c0_1(X96)|~c3_1(X96)))|hskp3)&(![X97]:(ndr1_0=>(c1_1(X97)|~c2_1(X97)|~c3_1(X97)))|![X98]:(ndr1_0=>(~c0_1(X98)|~c1_1(X98)|~c2_1(X98)))|hskp20)&(![X99]:(ndr1_0=>(c1_1(X99)|~c2_1(X99)|~c3_1(X99)))|hskp7|hskp15)&(![X100]:(ndr1_0=>(c2_1(X100)|c3_1(X100)|~c0_1(X100)))|![X101]:(ndr1_0=>(~c0_1(X101)|~c1_1(X101)|~c2_1(X101)))|hskp11)&(![X102]:(ndr1_0=>(c2_1(X102)|~c0_1(X102)|~c1_1(X102)))|![X103]:(ndr1_0=>(c2_1(X103)|~c1_1(X103)|~c3_1(X103)))|hskp5)&(![X104]:(ndr1_0=>(c2_1(X104)|~c0_1(X104)|~c1_1(X104)))|![X105]:(ndr1_0=>(c3_1(X105)|~c1_1(X105)|~c2_1(X105)))|hskp12)&(![X106]:(ndr1_0=>(c2_1(X106)|~c0_1(X106)|~c1_1(X106)))|hskp21|hskp16)&(![X107]:(ndr1_0=>(c2_1(X107)|~c0_1(X107)|~c1_1(X107)))|hskp17|hskp20)&(![X108]:(ndr1_0=>(c2_1(X108)|~c0_1(X108)|~c1_1(X108)))|hskp22)&(![X109]:(ndr1_0=>(c2_1(X109)|~c0_1(X109)|~c3_1(X109)))|![X110]:(ndr1_0=>(c3_1(X110)|~c0_1(X110)|~c2_1(X110)))|hskp4)&(![X111]:(ndr1_0=>(c2_1(X111)|~c0_1(X111)|~c3_1(X111)))|hskp7|hskp16)&(![X112]:(ndr1_0=>(~c0_1(X112)|~c1_1(X112)|~c2_1(X112)))|hskp7|hskp4)&(![X113]:(ndr1_0=>(~c0_1(X113)|~c1_1(X113)|~c3_1(X113)))|hskp17|hskp22)&(hskp27|hskp23|hskp5)&(hskp7|hskp23|hskp15)&(hskp17|hskp2)&(hskp17|hskp23|hskp1)&(hskp23|hskp24|hskp5)&(hskp6|hskp5|hskp18)&(hskp29|hskp5|hskp3)&(hskp24|hskp12|hskp10)&(hskp12|hskp25|hskp18)))			
../../TPTP-v7.3.0/Problems/SYN/SYN679-1.p		Unsatisfiable	UNKNOWN		UNKNOWN		cnf					
../../TPTP-v7.3.0/Problems/SYN/SYN054-1.p		Unsatisfiable	UNKNOWN		UNKNOWN		cnf	(~big_s(X)|~big_q(X)),(~big_p(X)|big_q(X)|big_r(X)),(big_p(a)|big_q(b)),(~big_q(X)|big_s(X)),(~big_s(X)|~big_q(X)),(~big_p(X)|big_q(X)|big_r(X)),(big_p(a)|big_q(b)),(~big_q(X)|big_s(X))				
../../TPTP-v7.3.0/Problems/SYN/SYN157-1.p		Unsatisfiable	UNKNOWN		UNKNOWN		cnf					
../../TPTP-v7.3.0/Problems/SYN/SYN059+1.p		Theorem	UNKNOWN		UNKNOWN		fof	(?[X]:big_f(X)),(?[Y]:big_g(Y)),(?[X]:big_f(X)),(?[Y]:big_g(Y))	((![X]:(big_f(X)=>big_h(X))&![U]:(big_g(U)=>big_j(U)))<=>![W,Y]:((big_f(W)&big_g(Y))=>(big_h(W)&big_j(Y))))			
../../TPTP-v7.3.0/Problems/SYN/SYN062-1.p		Unsatisfiable	UNKNOWN		UNKNOWN		cnf	(~big_f(X)|~big_g(X)|big_i(X)),(~big_f(X)|~big_h(X)|big_i(X)),(~big_i(X)|~big_h(X)|big_j(X)),(~big_k(X)|big_h(X)),(~big_f(X)|~big_g(X)|big_i(X)),(~big_f(X)|~big_h(X)|big_i(X)),(~big_i(X)|~big_h(X)|big_j(X)),(~big_k(X)|big_h(X))				
../../TPTP-v7.3.0/Problems/SYN/SYN869-1.p		Unsatisfiable	UNKNOWN		UNKNOWN		cnf					
../../TPTP-v7.3.0/Problems/SYN/SYN587-1.p		Unsatisfiable	UNKNOWN		UNKNOWN		cnf					
../../TPTP-v7.3.0/Problems/SYN/SYN567-1.p		Unsatisfiable	UNKNOWN		UNKNOWN		cnf					
../../TPTP-v7.3.0/Problems/SYN/SYN015-1.p		Unsatisfiable	UNKNOWN		UNKNOWN		cnf			error in process(Y=k|Y=m|Y=n|~element(Y,k))		
../../TPTP-v7.3.0/Problems/SYN/SYN376+1.p		Theorem	UNKNOWN		UNKNOWN		fof		(?[X]:![Y]:(big_p(Y)<=>big_p(X))=>(![X]:big_p(X)|![X]:~big_p(X)))			
../../TPTP-v7.3.0/Problems/SYN/SYN725+1.p		CounterSatisfiable	UNKNOWN		UNKNOWN		fof		(![X]:(r(X)|(s(X)<=>(r(X)&s(X))))=>![X]:(r(X)=>s(X)))			
../../TPTP-v7.3.0/Problems/SYN/SYN733+1.p		Theorem	UNKNOWN		UNKNOWN		fof		(![X]:?[Y]:(p(X)&(q(Y)|q(X)))=>?[Z]:(p(Z)&q(Z)))			
../../TPTP-v7.3.0/Problems/SYN/SYN418-1.p		Satisfiable	UNKNOWN		UNKNOWN		cnf					
../../TPTP-v7.3.0/Problems/SYN/SYN676-1.p		Unsatisfiable	UNKNOWN		UNKNOWN		cnf					
../../TPTP-v7.3.0/Problems/SYN/SYN106-1.p		Unsatisfiable	UNKNOWN		UNKNOWN		cnf					
../../TPTP-v7.3.0/Problems/SYN/SYN309-1.p		Satisfiable	UNKNOWN		UNKNOWN		cnf					
../../TPTP-v7.3.0/Problems/SYN/SYN427-1.p		Satisfiable	UNKNOWN		UNKNOWN		cnf					
../../TPTP-v7.3.0/Problems/SYN/SYN343-1.p		Unsatisfiable	UNKNOWN		UNKNOWN		cnf					
../../TPTP-v7.3.0/Problems/SYN/SYN734-1.p		Satisfiable	UNKNOWN		UNKNOWN		cnf					
../../TPTP-v7.3.0/Problems/SYN/SYN469+1.p		Theorem	UNKNOWN		UNKNOWN		fof		(~((~hskp0|(ndr1_0&c1_1(a400)&c2_1(a400)&~c3_1(a400)))&(~hskp1|(ndr1_0&c0_1(a401)&c1_1(a401)&~c3_1(a401)))&(~hskp2|(ndr1_0&c0_1(a402)&~c1_1(a402)&~c2_1(a402)))&(~hskp3|(ndr1_0&~c0_1(a403)&~c2_1(a403)&~c3_1(a403)))&(~hskp4|(ndr1_0&c0_1(a404)&c3_1(a404)&~c2_1(a404)))&(~hskp5|(ndr1_0&c2_1(a408)&c3_1(a408)&~c0_1(a408)))&(~hskp6|(ndr1_0&c2_1(a409)&~c0_1(a409)&~c3_1(a409)))&(~hskp7|(ndr1_0&c0_1(a410)&~c1_1(a410)&~c3_1(a410)))&(~hskp8|(ndr1_0&c2_1(a415)&c3_1(a415)&~c1_1(a415)))&(~hskp9|(ndr1_0&c3_1(a416)&~c0_1(a416)&~c1_1(a416)))&(~hskp10|(ndr1_0&c1_1(a418)&~c0_1(a418)&~c2_1(a418)))&(~hskp11|(ndr1_0&~c0_1(a420)&~c1_1(a420)&~c2_1(a420)))&(~hskp12|(ndr1_0&c0_1(a426)&c1_1(a426)&~c2_1(a426)))&(~hskp13|(ndr1_0&c1_1(a427)&c2_1(a427)&~c0_1(a427)))&(~hskp14|(ndr1_0&c2_1(a428)&~c0_1(a428)&~c1_1(a428)))&(~hskp15|(ndr1_0&c0_1(a430)&c2_1(a430)&~c3_1(a430)))&(~hskp16|(ndr1_0&c1_1(a434)&~c0_1(a434)&~c3_1(a434)))&(~hskp17|(ndr1_0&~c1_1(a439)&~c2_1(a439)&~c3_1(a439)))&(~hskp18|(ndr1_0&c0_1(a440)&~c2_1(a440)&~c3_1(a440)))&(~hskp19|(ndr1_0&c1_1(a445)&c3_1(a445)&~c0_1(a445)))&(~hskp20|(ndr1_0&c1_1(a449)&c3_1(a449)&~c2_1(a449)))&(~hskp21|(ndr1_0&~c0_1(a450)&~c1_1(a450)&~c3_1(a450)))&(~hskp22|(ndr1_0&c0_1(a451)&c2_1(a451)&~c1_1(a451)))&(~hskp23|(ndr1_0&c1_1(a460)&~c2_1(a460)&~c3_1(a460)))&(~hskp24|(ndr1_0&c3_1(a477)&~c0_1(a477)&~c2_1(a477)))&(~hskp25|(ndr1_0&c0_1(a405)&c1_1(a405)&c3_1(a405)))&(~hskp26|(ndr1_0&c1_1(a407)&c2_1(a407)&c3_1(a407)))&(~hskp27|(ndr1_0&c0_1(a412)&c1_1(a412)&c2_1(a412)))&(~hskp28|(ndr1_0&c0_1(a414)&c2_1(a414)&c3_1(a414)))&(![U]:(ndr1_0=>(c0_1(U)|c1_1(U)|c2_1(U)))|![V]:(ndr1_0=>(c0_1(V)|~c2_1(V)|~c3_1(V)))|hskp0)&(![W]:(ndr1_0=>(c0_1(W)|c1_1(W)|c2_1(W)))|![X]:(ndr1_0=>(c3_1(X)|~c0_1(X)|~c1_1(X)))|![Y]:(ndr1_0=>(~c0_1(Y)|~c2_1(Y)|~c3_1(Y))))&(![Z]:(ndr1_0=>(c0_1(Z)|c1_1(Z)|c2_1(Z)))|hskp1|hskp2)&(![X1]:(ndr1_0=>(c0_1(X1)|c1_1(X1)|c3_1(X1)))|![X2]:(ndr1_0=>(c0_1(X2)|c1_1(X2)|~c3_1(X2)))|![X3]:(ndr1_0=>(c1_1(X3)|c3_1(X3)|~c2_1(X3))))&(![X4]:(ndr1_0=>(c0_1(X4)|c1_1(X4)|c3_1(X4)))|![X5]:(ndr1_0=>(c3_1(X5)|~c1_1(X5)|~c2_1(X5)))|hskp3)&(![X6]:(ndr1_0=>(c0_1(X6)|c1_1(X6)|~c2_1(X6)))|![X7]:(ndr1_0=>(c0_1(X7)|c2_1(X7)|c3_1(X7)))|![X8]:(ndr1_0=>(c2_1(X8)|c3_1(X8)|~c1_1(X8))))&(![X9]:(ndr1_0=>(c0_1(X9)|c1_1(X9)|~c2_1(X9)))|![X10]:(ndr1_0=>(c0_1(X10)|c2_1(X10)|~c3_1(X10)))|hskp4)&(![X11]:(ndr1_0=>(c0_1(X11)|c1_1(X11)|~c2_1(X11)))|![X12]:(ndr1_0=>(c1_1(X12)|c2_1(X12)|~c0_1(X12)))|![X13]:(ndr1_0=>(c1_1(X13)|~c0_1(X13)|~c3_1(X13))))&(![X14]:(ndr1_0=>(c0_1(X14)|c1_1(X14)|~c2_1(X14)))|hskp25|hskp3)&(![X15]:(ndr1_0=>(c0_1(X15)|c1_1(X15)|~c2_1(X15)))|hskp26|hskp5)&(![X16]:(ndr1_0=>(c0_1(X16)|c1_1(X16)|~c3_1(X16)))|![X17]:(ndr1_0=>(c0_1(X17)|c3_1(X17)|~c2_1(X17)))|![X18]:(ndr1_0=>(c1_1(X18)|c2_1(X18)|~c3_1(X18))))&(![X19]:(ndr1_0=>(c0_1(X19)|c1_1(X19)|~c3_1(X19)))|![X20]:(ndr1_0=>(c0_1(X20)|c3_1(X20)|~c2_1(X20)))|hskp6)&(![X21]:(ndr1_0=>(c0_1(X21)|c1_1(X21)|~c3_1(X21)))|![X22]:(ndr1_0=>(c2_1(X22)|c3_1(X22)|~c1_1(X22)))|hskp7)&(![X23]:(ndr1_0=>(c0_1(X23)|c1_1(X23)|~c3_1(X23)))|![X24]:(ndr1_0=>(c3_1(X24)|~c0_1(X24)|~c1_1(X24)))|hskp4)&(![X25]:(ndr1_0=>(c0_1(X25)|c2_1(X25)|c3_1(X25)))|hskp27|hskp0)&(![X26]:(ndr1_0=>(c0_1(X26)|c2_1(X26)|~c1_1(X26)))|![X27]:(ndr1_0=>(c0_1(X27)|~c2_1(X27)|~c3_1(X27)))|![X28]:(ndr1_0=>(c1_1(X28)|c2_1(X28)|~c3_1(X28))))&(![X29]:(ndr1_0=>(c0_1(X29)|c2_1(X29)|~c1_1(X29)))|![X30]:(ndr1_0=>(c1_1(X30)|c2_1(X30)|~c3_1(X30)))|hskp28)&(![X31]:(ndr1_0=>(c0_1(X31)|c2_1(X31)|~c1_1(X31)))|hskp8|hskp9)&(![X32]:(ndr1_0=>(c0_1(X32)|c2_1(X32)|~c3_1(X32)))|![X33]:(ndr1_0=>(c1_1(X33)|~c0_1(X33)|~c2_1(X33)))|hskp4)&(![X34]:(ndr1_0=>(c0_1(X34)|c2_1(X34)|~c3_1(X34)))|![X35]:(ndr1_0=>(c2_1(X35)|~c1_1(X35)|~c3_1(X35)))|hskp10)&(![X36]:(ndr1_0=>(c0_1(X36)|c2_1(X36)|~c3_1(X36)))|hskp0|hskp11)&(![X37]:(ndr1_0=>(c0_1(X37)|c2_1(X37)|~c3_1(X37)))|hskp5|hskp3)&(![X38]:(ndr1_0=>(c0_1(X38)|c3_1(X38)|~c1_1(X38)))|![X39]:(ndr1_0=>(c1_1(X39)|c3_1(X39)|~c0_1(X39)))|hskp9)&(![X40]:(ndr1_0=>(c0_1(X40)|c3_1(X40)|~c2_1(X40)))|![X41]:(ndr1_0=>(c0_1(X41)|~c2_1(X41)|~c3_1(X41)))|hskp1)&(![X42]:(ndr1_0=>(c0_1(X42)|c3_1(X42)|~c2_1(X42)))|![X43]:(ndr1_0=>(c1_1(X43)|c2_1(X43)|~c0_1(X43)))|hskp9)&(![X44]:(ndr1_0=>(c0_1(X44)|c3_1(X44)|~c2_1(X44)))|![X45]:(ndr1_0=>(c1_1(X45)|c3_1(X45)|~c2_1(X45)))|hskp12)&(![X46]:(ndr1_0=>(c0_1(X46)|c3_1(X46)|~c2_1(X46)))|![X47]:(ndr1_0=>(c2_1(X47)|c3_1(X47)|~c1_1(X47)))|hskp13)&(![X48]:(ndr1_0=>(c0_1(X48)|c3_1(X48)|~c2_1(X48)))|![X49]:(ndr1_0=>(c2_1(X49)|~c1_1(X49)|~c3_1(X49)))|hskp14)&(![X50]:(ndr1_0=>(c0_1(X50)|~c1_1(X50)|~c2_1(X50)))|![X51]:(ndr1_0=>(c1_1(X51)|c3_1(X51)|~c0_1(X51)))|hskp1)&(![X52]:(ndr1_0=>(c0_1(X52)|~c1_1(X52)|~c2_1(X52)))|![X53]:(ndr1_0=>(c1_1(X53)|~c2_1(X53)|~c3_1(X53)))|![X54]:(ndr1_0=>(c3_1(X54)|~c0_1(X54)|~c2_1(X54))))&(![X55]:(ndr1_0=>(c0_1(X55)|~c1_1(X55)|~c2_1(X55)))|hskp15|hskp6)&(![X56]:(ndr1_0=>(c0_1(X56)|~c1_1(X56)|~c3_1(X56)))|![X57]:(ndr1_0=>(c1_1(X57)|~c0_1(X57)|~c3_1(X57))))&(![X58]:(ndr1_0=>(c0_1(X58)|~c1_1(X58)|~c3_1(X58)))|hskp27|hskp9)&(![X59]:(ndr1_0=>(c0_1(X59)|~c1_1(X59)|~c3_1(X59)))|hskp16|hskp3)&(![X60]:(ndr1_0=>(c0_1(X60)|~c2_1(X60)|~c3_1(X60)))|![X61]:(ndr1_0=>(c3_1(X61)|~c0_1(X61)|~c1_1(X61)))|hskp11)&(![X62]:(ndr1_0=>(c1_1(X62)|c2_1(X62)|~c0_1(X62)))|![X63]:(ndr1_0=>(c2_1(X63)|~c0_1(X63)|~c1_1(X63)))|![X64]:(ndr1_0=>(~c0_1(X64)|~c1_1(X64)|~c2_1(X64))))&(![X65]:(ndr1_0=>(c1_1(X65)|c2_1(X65)|~c3_1(X65)))|![X66]:(ndr1_0=>(c1_1(X66)|~c0_1(X66)|~c2_1(X66)))|hskp4)&(![X67]:(ndr1_0=>(c1_1(X67)|c2_1(X67)|~c3_1(X67)))|![X68]:(ndr1_0=>(c1_1(X68)|~c2_1(X68)|~c3_1(X68)))|![X69]:(ndr1_0=>(c2_1(X69)|c3_1(X69)|~c0_1(X69))))&(![X70]:(ndr1_0=>(c1_1(X70)|c2_1(X70)|~c3_1(X70)))|hskp2|hskp17)&(![X71]:(ndr1_0=>(c1_1(X71)|c2_1(X71)|~c3_1(X71)))|hskp18|hskp3)&(![X72]:(ndr1_0=>(c1_1(X72)|c3_1(X72)|~c0_1(X72)))|![X73]:(ndr1_0=>(~c1_1(X73)|~c2_1(X73)|~c3_1(X73)))|hskp9)&(![X74]:(ndr1_0=>(c1_1(X74)|c3_1(X74)|~c0_1(X74)))|hskp12|hskp1)&(![X75]:(ndr1_0=>(c1_1(X75)|c3_1(X75)|~c2_1(X75)))|![X76]:(ndr1_0=>(c3_1(X76)|~c0_1(X76)|~c1_1(X76))))&(![X77]:(ndr1_0=>(c1_1(X77)|c3_1(X77)|~c2_1(X77)))|![X78]:(ndr1_0=>(~c0_1(X78)|~c2_1(X78)|~c3_1(X78)))|hskp19)&(![X79]:(ndr1_0=>(c1_1(X79)|~c0_1(X79)|~c2_1(X79)))|![X80]:(ndr1_0=>(~c0_1(X80)|~c2_1(X80)|~c3_1(X80)))|hskp3)&(![X81]:(ndr1_0=>(c1_1(X81)|~c0_1(X81)|~c3_1(X81)))|hskp4|hskp3)&(![X82]:(ndr1_0=>(c1_1(X82)|~c0_1(X82)|~c3_1(X82)))|hskp20|hskp21)&(![X83]:(ndr1_0=>(c2_1(X83)|c3_1(X83)|~c0_1(X83)))|![X84]:(ndr1_0=>(c2_1(X84)|~c1_1(X84)|~c3_1(X84)))|hskp22)&(![X85]:(ndr1_0=>(c2_1(X85)|c3_1(X85)|~c0_1(X85)))|hskp2|hskp11)&(![X86]:(ndr1_0=>(c2_1(X86)|c3_1(X86)|~c1_1(X86)))|![X87]:(ndr1_0=>(~c0_1(X87)|~c2_1(X87)|~c3_1(X87)))|hskp20)&(![X88]:(ndr1_0=>(c2_1(X88)|c3_1(X88)|~c1_1(X88)))|hskp28|hskp4)&(![X89]:(ndr1_0=>(c2_1(X89)|c3_1(X89)|~c1_1(X89)))|hskp2|hskp7)&(![X90]:(ndr1_0=>(c2_1(X90)|~c0_1(X90)|~c1_1(X90)))|hskp27|hskp23)&(![X91]:(ndr1_0=>(c2_1(X91)|~c0_1(X91)|~c3_1(X91)))|hskp12|hskp9)&(![X92]:(ndr1_0=>(c2_1(X92)|~c0_1(X92)|~c3_1(X92)))|hskp7|hskp16)&(![X93]:(ndr1_0=>(c2_1(X93)|~c1_1(X93)|~c3_1(X93)))|hskp25|hskp28)&(![X94]:(ndr1_0=>(c2_1(X94)|~c1_1(X94)|~c3_1(X94)))|hskp2|hskp13)&(![X95]:(ndr1_0=>(c3_1(X95)|~c0_1(X95)|~c1_1(X95)))|hskp4|hskp5)&(![X96]:(ndr1_0=>(c3_1(X96)|~c0_1(X96)|~c1_1(X96)))|hskp20)&(![X97]:(ndr1_0=>(c3_1(X97)|~c0_1(X97)|~c1_1(X97)))|hskp20|hskp5)&(![X98]:(ndr1_0=>(c3_1(X98)|~c1_1(X98)|~c2_1(X98)))|hskp12|hskp10)&(![X99]:(ndr1_0=>(~c0_1(X99)|~c1_1(X99)|~c2_1(X99)))|hskp19|hskp24)&(![X100]:(ndr1_0=>(~c0_1(X100)|~c2_1(X100)|~c3_1(X100)))|hskp22|hskp11)&(![X101]:(ndr1_0=>(~c0_1(X101)|~c2_1(X101)|~c3_1(X101)))|hskp4|hskp9)&(hskp25|hskp24|hskp21)&(hskp15|hskp7|hskp3)&(hskp18|hskp20|hskp23)&(hskp8|hskp3|hskp17)))			
../../TPTP-v7.3.0/Problems/SYN/SYN963+1.p		Theorem	UNKNOWN		UNKNOWN		fof		(?[X]:p(X)<=>?[Y]:p(Y))			
../../TPTP-v7.3.0/Problems/SYN/SYN659-1.p		Unsatisfiable	UNKNOWN		UNKNOWN		cnf					
../../TPTP-v7.3.0/Problems/SYN/SYN030-1.p		Unsatisfiable	UNKNOWN		UNKNOWN		cnf	(~t|~s|p),(~r|s),(~t|r),(~r|~q|t),(~q|r),(q|r),(~r|q),(~s|~p|q),(~t|~s|p),(~r|s),(~t|r),(~r|~q|t),(~q|r),(q|r),(~r|q),(~s|~p|q)				
../../TPTP-v7.3.0/Problems/SYN/SYN464+1.p		CounterSatisfiable	UNKNOWN		UNKNOWN		fof		(~((~hskp0|(ndr1_0&c2_1(a2428)&~c1_1(a2428)&~c0_1(a2428)))&(~hskp1|(ndr1_0&~c1_1(a2430)&c2_1(a2430)&~c3_1(a2430)))&(~hskp2|(ndr1_0&c2_1(a2435)&c3_1(a2435)&~c1_1(a2435)))&(~hskp3|(ndr1_0&c1_1(a2438)&~c3_1(a2438)&~c0_1(a2438)))&(~hskp4|(ndr1_0&c0_1(a2440)&~c3_1(a2440)&~c2_1(a2440)))&(~hskp5|(ndr1_0&~c2_1(a2441)&c0_1(a2441)&~c3_1(a2441)))&(~hskp6|(ndr1_0&c0_1(a2442)&~c1_1(a2442)&~c2_1(a2442)))&(~hskp7|(ndr1_0&~c2_1(a2443)&~c0_1(a2443)&~c3_1(a2443)))&(~hskp8|(ndr1_0&c3_1(a2445)&~c0_1(a2445)&~c1_1(a2445)))&(~hskp9|(ndr1_0&~c0_1(a2446)&~c3_1(a2446)&~c1_1(a2446)))&(~hskp10|(ndr1_0&c3_1(a2448)&c1_1(a2448)&~c2_1(a2448)))&(~hskp11|(ndr1_0&~c2_1(a2453)&~c1_1(a2453)&~c0_1(a2453)))&(~hskp12|(ndr1_0&~c0_1(a2454)&~c1_1(a2454)&~c3_1(a2454)))&(~hskp13|(ndr1_0&c3_1(a2458)&c1_1(a2458)&~c0_1(a2458)))&(~hskp14|(ndr1_0&c2_1(a2462)&c3_1(a2462)&~c0_1(a2462)))&(~hskp15|(ndr1_0&c1_1(a2464)&~c0_1(a2464)&~c2_1(a2464)))&(~hskp16|(ndr1_0&~c0_1(a2466)&~c2_1(a2466)&~c3_1(a2466)))&(~hskp17|(ndr1_0&~c1_1(a2469)&~c0_1(a2469)&~c2_1(a2469)))&(~hskp18|(ndr1_0&c3_1(a2472)&c2_1(a2472)&~c0_1(a2472)))&(~hskp19|(ndr1_0&~c3_1(a2473)&c2_1(a2473)&~c1_1(a2473)))&(~hskp20|(ndr1_0&~c3_1(a2478)&~c0_1(a2478)&~c2_1(a2478)))&(~hskp21|(ndr1_0&~c0_1(a2482)&~c2_1(a2482)&~c1_1(a2482)))&(~hskp22|(ndr1_0&~c2_1(a2483)&c3_1(a2483)&~c1_1(a2483)))&(~hskp23|(ndr1_0&~c0_1(a2485)&c2_1(a2485)&~c1_1(a2485)))&(~hskp24|(ndr1_0&c2_1(a2486)&~c0_1(a2486)&~c1_1(a2486)))&(~hskp25|(ndr1_0&~c3_1(a2489)&c0_1(a2489)&~c2_1(a2489)))&(~hskp26|(ndr1_0&~c0_1(a2492)&c2_1(a2492)&~c3_1(a2492)))&(~hskp27|(ndr1_0&~c3_1(a2495)&~c2_1(a2495)&~c0_1(a2495)))&(~hskp28|(ndr1_0&~c1_1(a2497)&c3_1(a2497)&~c2_1(a2497)))&(~hskp29|(ndr1_0&c0_1(a2501)&c2_1(a2501)&~c1_1(a2501)))&(~hskp30|(ndr1_0&~c0_1(a2506)&~c3_1(a2506)&~c2_1(a2506)))&(~hskp31|(ndr1_0&c1_1(a2510)&~c3_1(a2510)&~c2_1(a2510)))&(~hskp32|(ndr1_0&~c3_1(a2511)&c1_1(a2511)&~c0_1(a2511)))&(~hskp33|(ndr1_0&c3_1(a2513)&c0_1(a2513)&~c2_1(a2513)))&(~hskp34|(ndr1_0&~c1_1(a2514)&~c3_1(a2514)&~c2_1(a2514)))&(~hskp35|(ndr1_0&c0_1(a2515)&~c2_1(a2515)&~c1_1(a2515)))&(~hskp36|(ndr1_0&~c3_1(a2429)&~c0_1(a2429)&c1_1(a2429)))&(~hskp37|(ndr1_0&~c0_1(a2431)&~c1_1(a2431)&c2_1(a2431)))&(~hskp38|(ndr1_0&c3_1(a2432)&~c1_1(a2432)&c2_1(a2432)))&(~hskp39|(ndr1_0&c2_1(a2433)&~c1_1(a2433)&c0_1(a2433)))&(~hskp40|(ndr1_0&c0_1(a2434)&c2_1(a2434)&c1_1(a2434)))&(~hskp41|(ndr1_0&c2_1(a2436)&c0_1(a2436)&c1_1(a2436)))&(~hskp42|(ndr1_0&~c2_1(a2437)&c0_1(a2437)&c1_1(a2437)))&(~hskp43|(ndr1_0&c2_1(a2439)&c3_1(a2439)&c1_1(a2439)))&(~hskp44|(ndr1_0&~c2_1(a2444)&c1_1(a2444)&c0_1(a2444)))&(~hskp45|(ndr1_0&~c0_1(a2447)&~c2_1(a2447)&c1_1(a2447)))&(~hskp46|(ndr1_0&c3_1(a2451)&c0_1(a2451)&c1_1(a2451)))&(~hskp47|(ndr1_0&~c2_1(a2452)&~c1_1(a2452)&c0_1(a2452)))&(~hskp48|(ndr1_0&c3_1(a2455)&c2_1(a2455)&c0_1(a2455)))&(~hskp49|(ndr1_0&~c1_1(a2456)&~c2_1(a2456)&c3_1(a2456)))&(~hskp50|(ndr1_0&~c1_1(a2457)&c3_1(a2457)&c2_1(a2457)))&(~hskp51|(ndr1_0&~c0_1(a2459)&c3_1(a2459)&c1_1(a2459)))&(~hskp52|(ndr1_0&c0_1(a2460)&~c3_1(a2460)&c2_1(a2460)))&(~hskp53|(ndr1_0&c1_1(a2461)&~c0_1(a2461)&c3_1(a2461)))&(~hskp54|(ndr1_0&~c3_1(a2463)&~c2_1(a2463)&c1_1(a2463)))&(~hskp55|(ndr1_0&~c1_1(a2468)&c0_1(a2468)&c3_1(a2468)))&(~hskp56|(ndr1_0&~c3_1(a2471)&c0_1(a2471)&c2_1(a2471)))&(~hskp57|(ndr1_0&c3_1(a2475)&c2_1(a2475)&c1_1(a2475)))&(~hskp58|(ndr1_0&~c0_1(a2476)&~c2_1(a2476)&c3_1(a2476)))&(~hskp59|(ndr1_0&c0_1(a2479)&~c1_1(a2479)&c2_1(a2479)))&(~hskp60|(ndr1_0&~c1_1(a2487)&~c3_1(a2487)&c0_1(a2487)))&(~hskp61|(ndr1_0&~c2_1(a2491)&~c3_1(a2491)&c1_1(a2491)))&(~hskp62|(ndr1_0&c3_1(a2493)&c0_1(a2493)&c2_1(a2493)))&(~hskp63|(ndr1_0&~c0_1(a2494)&c2_1(a2494)&c1_1(a2494)))&(~hskp64|(ndr1_0&c1_1(a2498)&~c3_1(a2498)&c2_1(a2498)))&(~hskp65|(ndr1_0&~c1_1(a2499)&~c2_1(a2499)&c0_1(a2499)))&(~hskp66|(ndr1_0&~c2_1(a2502)&~c0_1(a2502)&c3_1(a2502)))&(~hskp67|(ndr1_0&c0_1(a2503)&c2_1(a2503)&c3_1(a2503)))&(~hskp68|(ndr1_0&c0_1(a2505)&~c3_1(a2505)&c1_1(a2505)))&(~hskp69|(ndr1_0&~c3_1(a2509)&~c1_1(a2509)&c2_1(a2509)))&(![U]:(ndr1_0=>(c3_1(U)|~c2_1(U)|c1_1(U)))|hskp0|hskp36)&(hskp1|![V]:(ndr1_0=>(~c2_1(V)|~c0_1(V)|c3_1(V)))|![W]:(ndr1_0=>(c0_1(W)|~c3_1(W)|~c1_1(W))))&(![X]:(ndr1_0=>(~c2_1(X)|c3_1(X)|c1_1(X)))|hskp37|hskp38)&(hskp39|![Y]:(ndr1_0=>(c0_1(Y)|~c2_1(Y)|~c1_1(Y)))|![Z]:(ndr1_0=>(~c2_1(Z)|c3_1(Z)|~c1_1(Z))))&(hskp40|hskp2|![X1]:(ndr1_0=>(~c3_1(X1)|~c0_1(X1)|~c1_1(X1))))&(![X2]:(ndr1_0=>(~c0_1(X2)|~c2_1(X2)|~c3_1(X2)))|hskp41|![X3]:(ndr1_0=>(c0_1(X3)|~c1_1(X3)|~c3_1(X3))))&(hskp42|hskp3|![X4]:(ndr1_0=>(~c3_1(X4)|~c0_1(X4)|~c1_1(X4))))&(![X5]:(ndr1_0=>(c3_1(X5)|~c1_1(X5)|c0_1(X5)))|hskp43|hskp4)&(![X6]:(ndr1_0=>(~c2_1(X6)|~c0_1(X6)|~c3_1(X6)))|![X7]:(ndr1_0=>(~c3_1(X7)|~c1_1(X7)|~c2_1(X7)))|hskp5)&(hskp6|![X8]:(ndr1_0=>(c2_1(X8)|c1_1(X8)|c3_1(X8)))|![X9]:(ndr1_0=>(~c2_1(X9)|~c0_1(X9)|~c1_1(X9))))&(hskp7|hskp44|hskp8)&(![X10]:(ndr1_0=>(c3_1(X10)|c0_1(X10)|c2_1(X10)))|hskp9|hskp45)&(hskp10|hskp0|hskp41)&(![X11]:(ndr1_0=>(~c1_1(X11)|~c0_1(X11)|~c3_1(X11)))|hskp46|![X12]:(ndr1_0=>(c1_1(X12)|c0_1(X12)|c2_1(X12))))&(hskp47|![X13]:(ndr1_0=>(c3_1(X13)|~c0_1(X13)|c2_1(X13)))|![X14]:(ndr1_0=>(~c1_1(X14)|~c3_1(X14)|~c2_1(X14))))&(hskp11|![X15]:(ndr1_0=>(~c0_1(X15)|c3_1(X15)|~c1_1(X15)))|hskp12)&(![X16]:(ndr1_0=>(c0_1(X16)|~c2_1(X16)|~c1_1(X16)))|![X17]:(ndr1_0=>(~c3_1(X17)|~c0_1(X17)|c2_1(X17)))|![X18]:(ndr1_0=>(c0_1(X18)|~c3_1(X18)|c1_1(X18))))&(hskp48|hskp49|hskp50)&(![X19]:(ndr1_0=>(~c0_1(X19)|~c3_1(X19)|c1_1(X19)))|hskp13|![X20]:(ndr1_0=>(~c2_1(X20)|~c0_1(X20)|~c3_1(X20))))&(![X21]:(ndr1_0=>(~c1_1(X21)|c0_1(X21)|c3_1(X21)))|![X22]:(ndr1_0=>(c3_1(X22)|c1_1(X22)|c0_1(X22)))|![X23]:(ndr1_0=>(c0_1(X23)|c3_1(X23)|c2_1(X23))))&(hskp51|![X24]:(ndr1_0=>(~c1_1(X24)|c0_1(X24)|c3_1(X24)))|hskp52)&(hskp53|hskp14|hskp54)&(![X25]:(ndr1_0=>(c3_1(X25)|c1_1(X25)|~c0_1(X25)))|![X26]:(ndr1_0=>(c0_1(X26)|c2_1(X26)|c3_1(X26)))|![X27]:(ndr1_0=>(c2_1(X27)|c0_1(X27)|~c1_1(X27))))&(hskp15|![X28]:(ndr1_0=>(~c1_1(X28)|~c2_1(X28)|c3_1(X28)))|![X29]:(ndr1_0=>(c1_1(X29)|~c3_1(X29)|~c0_1(X29))))&(![X30]:(ndr1_0=>(~c1_1(X30)|c3_1(X30)|~c2_1(X30)))|![X31]:(ndr1_0=>(~c1_1(X31)|~c0_1(X31)|c3_1(X31)))|hskp36)&(![X32]:(ndr1_0=>(c1_1(X32)|c2_1(X32)|~c0_1(X32)))|hskp16|![X33]:(ndr1_0=>(c0_1(X33)|c2_1(X33)|~c3_1(X33))))&(![X34]:(ndr1_0=>(c1_1(X34)|~c2_1(X34)|~c3_1(X34)))|hskp8|hskp55)&(hskp17|hskp38|hskp56)&(hskp18|![X35]:(ndr1_0=>(c2_1(X35)|c1_1(X35)|~c3_1(X35)))|hskp19)&(![X36]:(ndr1_0=>(~c2_1(X36)|~c3_1(X36)|~c0_1(X36)))|hskp12|hskp57)&(![X37]:(ndr1_0=>(c2_1(X37)|c1_1(X37)|~c0_1(X37)))|![X38]:(ndr1_0=>(c3_1(X38)|c2_1(X38)|c1_1(X38)))|![X39]:(ndr1_0=>(c0_1(X39)|~c3_1(X39)|c1_1(X39))))&(![X40]:(ndr1_0=>(~c1_1(X40)|~c0_1(X40)|c2_1(X40)))|![X41]:(ndr1_0=>(~c3_1(X41)|c1_1(X41)|~c0_1(X41)))|![X42]:(ndr1_0=>(~c2_1(X42)|~c1_1(X42)|c3_1(X42))))&(hskp58|![X43]:(ndr1_0=>(~c1_1(X43)|c2_1(X43)|~c3_1(X43)))|hskp7)&(![X44]:(ndr1_0=>(c2_1(X44)|c1_1(X44)|~c0_1(X44)))|![X45]:(ndr1_0=>(c3_1(X45)|c0_1(X45)|~c2_1(X45)))|![X46]:(ndr1_0=>(c3_1(X46)|~c2_1(X46)|c1_1(X46))))&(hskp20|![X47]:(ndr1_0=>(c2_1(X47)|c1_1(X47)|~c3_1(X47)))|![X48]:(ndr1_0=>(~c2_1(X48)|~c1_1(X48)|c3_1(X48))))&(hskp59|![X49]:(ndr1_0=>(~c1_1(X49)|~c0_1(X49)|~c2_1(X49)))|hskp38)&(hskp13|![X50]:(ndr1_0=>(c3_1(X50)|c2_1(X50)|c1_1(X50)))|![X51]:(ndr1_0=>(~c0_1(X51)|~c1_1(X51)|c2_1(X51))))&(![X52]:(ndr1_0=>(~c0_1(X52)|c1_1(X52)|~c2_1(X52)))|hskp21|![X53]:(ndr1_0=>(c2_1(X53)|c1_1(X53)|~c0_1(X53))))&(![X54]:(ndr1_0=>(~c1_1(X54)|~c0_1(X54)|~c3_1(X54)))|![X55]:(ndr1_0=>(c0_1(X55)|c3_1(X55)|~c2_1(X55)))|![X56]:(ndr1_0=>(~c2_1(X56)|~c1_1(X56)|~c0_1(X56))))&(![X57]:(ndr1_0=>(~c1_1(X57)|~c0_1(X57)|c3_1(X57)))|![X58]:(ndr1_0=>(c1_1(X58)|c0_1(X58)|~c3_1(X58)))|hskp22)&(![X59]:(ndr1_0=>(c0_1(X59)|c1_1(X59)|c2_1(X59)))|hskp57|hskp23)&(hskp24|![X60]:(ndr1_0=>(~c0_1(X60)|c2_1(X60)|c3_1(X60)))|hskp60)&(hskp54|hskp25|![X61]:(ndr1_0=>(~c3_1(X61)|~c0_1(X61)|~c2_1(X61))))&(![X62]:(ndr1_0=>(~c0_1(X62)|~c1_1(X62)|~c2_1(X62)))|![X63]:(ndr1_0=>(~c2_1(X63)|c1_1(X63)|~c0_1(X63)))|hskp54)&(![X64]:(ndr1_0=>(~c0_1(X64)|c3_1(X64)|~c1_1(X64)))|![X65]:(ndr1_0=>(~c2_1(X65)|c0_1(X65)|~c3_1(X65)))|hskp61)&(hskp26|![X66]:(ndr1_0=>(c2_1(X66)|c1_1(X66)|~c3_1(X66)))|hskp62)&(hskp63|hskp27|![X67]:(ndr1_0=>(c3_1(X67)|c1_1(X67)|~c2_1(X67))))&(hskp39|hskp28|hskp64)&(hskp65|hskp52|hskp29)&(hskp66|![X68]:(ndr1_0=>(c2_1(X68)|~c1_1(X68)|~c0_1(X68)))|![X69]:(ndr1_0=>(~c2_1(X69)|~c1_1(X69)|c3_1(X69))))&(![X70]:(ndr1_0=>(c1_1(X70)|~c3_1(X70)|c2_1(X70)))|![X71]:(ndr1_0=>(~c1_1(X71)|c3_1(X71)|c2_1(X71)))|hskp67)&(![X72]:(ndr1_0=>(c0_1(X72)|c3_1(X72)|c1_1(X72)))|![X73]:(ndr1_0=>(~c0_1(X73)|~c3_1(X73)|c1_1(X73)))|hskp21)&(hskp68|hskp30|![X74]:(ndr1_0=>(c0_1(X74)|c3_1(X74)|~c2_1(X74))))&(![X75]:(ndr1_0=>(c3_1(X75)|c1_1(X75)|c0_1(X75)))|![X76]:(ndr1_0=>(~c2_1(X76)|c3_1(X76)|~c0_1(X76)))|hskp52)&(hskp27|hskp69|![X77]:(ndr1_0=>(~c1_1(X77)|c2_1(X77)|c0_1(X77))))&(![X78]:(ndr1_0=>(~c1_1(X78)|~c2_1(X78)|~c0_1(X78)))|hskp31|hskp32)&(![X79]:(ndr1_0=>(c1_1(X79)|c3_1(X79)|~c2_1(X79)))|hskp59|hskp33)&(hskp34|![X80]:(ndr1_0=>(~c3_1(X80)|~c1_1(X80)|c0_1(X80)))|hskp35)&(![X81]:(ndr1_0=>(~c1_1(X81)|c3_1(X81)|c0_1(X81)))|![X82]:(ndr1_0=>(~c2_1(X82)|c1_1(X82)|~c3_1(X82)))|hskp46)&(![X83]:(ndr1_0=>(~c1_1(X83)|~c0_1(X83)|c2_1(X83)))|![X84]:(ndr1_0=>(~c3_1(X84)|~c2_1(X84)|~c1_1(X84)))|![X85]:(ndr1_0=>(~c2_1(X85)|~c3_1(X85)|c1_1(X85))))))			
../../TPTP-v7.3.0/Problems/SYN/SYN730+1.p		Theorem	UNKNOWN		UNKNOWN		fof		(?[V]:![J]:?[Q]:((p(a,J,h(J))|p(V,J,k(J)))=>p(V,J,Q)))			
../../TPTP-v7.3.0/Problems/SYN/SYN498-1.p		Unsatisfiable	UNKNOWN		UNKNOWN		cnf					
../../TPTP-v7.3.0/Problems/SYN/SYN445+1.p		Theorem	UNKNOWN		UNKNOWN		fof		(~((~hskp0|(ndr1_0&~c0_1(a294)&~c2_1(a294)&~c3_1(a294)))&(~hskp1|(ndr1_0&c0_1(a295)&c2_1(a295)&~c1_1(a295)))&(~hskp2|(ndr1_0&c1_1(a297)&~c0_1(a297)&~c3_1(a297)))&(~hskp3|(ndr1_0&c0_1(a299)&c3_1(a299)&~c2_1(a299)))&(~hskp4|(ndr1_0&~c0_1(a300)&~c1_1(a300)&~c2_1(a300)))&(~hskp5|(ndr1_0&c2_1(a301)&~c1_1(a301)&~c3_1(a301)))&(~hskp6|(ndr1_0&c0_1(a302)&~c1_1(a302)&~c2_1(a302)))&(~hskp7|(ndr1_0&c0_1(a303)&c1_1(a303)&~c2_1(a303)))&(~hskp8|(ndr1_0&c2_1(a305)&~c0_1(a305)&~c1_1(a305)))&(~hskp9|(ndr1_0&c0_1(a307)&~c1_1(a307)&~c3_1(a307)))&(~hskp10|(ndr1_0&c1_1(a308)&c3_1(a308)&~c0_1(a308)))&(~hskp11|(ndr1_0&c1_1(a309)&c3_1(a309)&~c2_1(a309)))&(~hskp12|(ndr1_0&c3_1(a310)&~c0_1(a310)&~c2_1(a310)))&(~hskp13|(ndr1_0&c0_1(a313)&c3_1(a313)&~c1_1(a313)))&(~hskp14|(ndr1_0&c1_1(a315)&c2_1(a315)&~c0_1(a315)))&(~hskp15|(ndr1_0&c1_1(a320)&~c0_1(a320)&~c2_1(a320)))&(~hskp16|(ndr1_0&c2_1(a321)&c3_1(a321)&~c1_1(a321)))&(~hskp17|(ndr1_0&c0_1(a323)&c2_1(a323)&~c3_1(a323)))&(~hskp18|(ndr1_0&c2_1(a329)&~c0_1(a329)&~c3_1(a329)))&(~hskp19|(ndr1_0&c1_1(a330)&c2_1(a330)&~c3_1(a330)))&(~hskp20|(ndr1_0&c1_1(a333)&~c2_1(a333)&~c3_1(a333)))&(~hskp21|(ndr1_0&c3_1(a336)&~c0_1(a336)&~c1_1(a336)))&(~hskp22|(ndr1_0&~c1_1(a338)&~c2_1(a338)&~c3_1(a338)))&(~hskp23|(ndr1_0&c2_1(a341)&c3_1(a341)&~c0_1(a341)))&(~hskp24|(ndr1_0&c3_1(a342)&~c1_1(a342)&~c2_1(a342)))&(~hskp25|(ndr1_0&~c0_1(a346)&~c1_1(a346)&~c3_1(a346)))&(~hskp26|(ndr1_0&c0_1(a349)&~c2_1(a349)&~c3_1(a349)))&(~hskp27|(ndr1_0&c0_1(a334)&c2_1(a334)&c3_1(a334)))&(~hskp28|(ndr1_0&c1_1(a353)&c2_1(a353)&c3_1(a353)))&(~hskp29|(ndr1_0&c0_1(a354)&c1_1(a354)&c2_1(a354)))&(![U]:(ndr1_0=>(c0_1(U)|c1_1(U)|c2_1(U)))|![V]:(ndr1_0=>(c0_1(V)|c2_1(V)|c3_1(V)))|![W]:(ndr1_0=>(c0_1(W)|~c1_1(W)|~c2_1(W))))&(![X]:(ndr1_0=>(c0_1(X)|c1_1(X)|c2_1(X)))|![Y]:(ndr1_0=>(c1_1(Y)|c2_1(Y)|c3_1(Y)))|![Z]:(ndr1_0=>(c2_1(Z)|~c1_1(Z)|~c3_1(Z))))&(![X1]:(ndr1_0=>(c0_1(X1)|c1_1(X1)|c2_1(X1)))|![X2]:(ndr1_0=>(c1_1(X2)|~c0_1(X2)|~c2_1(X2)))|![X3]:(ndr1_0=>(~c0_1(X3)|~c1_1(X3)|~c3_1(X3))))&(![X4]:(ndr1_0=>(c0_1(X4)|c1_1(X4)|c2_1(X4)))|![X5]:(ndr1_0=>(c2_1(X5)|~c0_1(X5)|~c1_1(X5)))|hskp0)&(![X6]:(ndr1_0=>(c0_1(X6)|c1_1(X6)|c3_1(X6)))|![X7]:(ndr1_0=>(c0_1(X7)|c2_1(X7)|c3_1(X7)))|![X8]:(ndr1_0=>(c0_1(X8)|~c2_1(X8)|~c3_1(X8))))&(![X9]:(ndr1_0=>(c0_1(X9)|c1_1(X9)|c3_1(X9)))|![X10]:(ndr1_0=>(c0_1(X10)|c2_1(X10)|~c1_1(X10)))|![X11]:(ndr1_0=>(c3_1(X11)|~c0_1(X11)|~c2_1(X11))))&(![X12]:(ndr1_0=>(c0_1(X12)|c1_1(X12)|~c2_1(X12)))|![X13]:(ndr1_0=>(c0_1(X13)|c2_1(X13)|~c1_1(X13)))|![X14]:(ndr1_0=>(c3_1(X14)|~c1_1(X14)|~c2_1(X14))))&(![X15]:(ndr1_0=>(c0_1(X15)|c1_1(X15)|~c2_1(X15)))|![X16]:(ndr1_0=>(c1_1(X16)|~c2_1(X16)|~c3_1(X16)))|hskp1)&(![X17]:(ndr1_0=>(c0_1(X17)|c1_1(X17)|~c3_1(X17)))|![X18]:(ndr1_0=>(c2_1(X18)|~c1_1(X18)|~c3_1(X18)))|hskp0)&(![X19]:(ndr1_0=>(c0_1(X19)|c1_1(X19)|~c3_1(X19)))|hskp2|hskp0)&(![X20]:(ndr1_0=>(c0_1(X20)|c2_1(X20)|c3_1(X20)))|![X21]:(ndr1_0=>(c0_1(X21)|c2_1(X21)|~c1_1(X21)))|![X22]:(ndr1_0=>(c1_1(X22)|~c2_1(X22)|~c3_1(X22))))&(![X23]:(ndr1_0=>(c0_1(X23)|c2_1(X23)|~c1_1(X23)))|![X24]:(ndr1_0=>(c0_1(X24)|c3_1(X24)|~c1_1(X24)))|![X25]:(ndr1_0=>(c0_1(X25)|~c1_1(X25)|~c3_1(X25))))&(![X26]:(ndr1_0=>(c0_1(X26)|c2_1(X26)|~c1_1(X26)))|![X27]:(ndr1_0=>(c0_1(X27)|c3_1(X27)|~c1_1(X27)))|hskp3)&(![X28]:(ndr1_0=>(c0_1(X28)|c2_1(X28)|~c1_1(X28)))|![X29]:(ndr1_0=>(c1_1(X29)|~c0_1(X29)|~c2_1(X29)))|hskp4)&(![X30]:(ndr1_0=>(c0_1(X30)|c2_1(X30)|~c1_1(X30)))|![X31]:(ndr1_0=>(c1_1(X31)|~c0_1(X31)|~c3_1(X31)))|hskp5)&(![X32]:(ndr1_0=>(c0_1(X32)|c2_1(X32)|~c1_1(X32)))|![X33]:(ndr1_0=>(c3_1(X33)|~c0_1(X33)|~c1_1(X33)))|hskp6)&(![X34]:(ndr1_0=>(c0_1(X34)|c2_1(X34)|~c1_1(X34)))|hskp7|hskp4)&(![X35]:(ndr1_0=>(c0_1(X35)|c2_1(X35)|~c1_1(X35)))|hskp8|hskp5)&(![X36]:(ndr1_0=>(c0_1(X36)|c2_1(X36)|~c3_1(X36)))|![X37]:(ndr1_0=>(c3_1(X37)|~c0_1(X37)|~c2_1(X37)))|hskp9)&(![X38]:(ndr1_0=>(c0_1(X38)|c2_1(X38)|~c3_1(X38)))|hskp10|hskp11)&(![X39]:(ndr1_0=>(c0_1(X39)|c3_1(X39)|~c1_1(X39)))|![X40]:(ndr1_0=>(c2_1(X40)|~c1_1(X40)|~c3_1(X40)))|hskp12)&(![X41]:(ndr1_0=>(c0_1(X41)|c3_1(X41)|~c2_1(X41)))|![X42]:(ndr1_0=>(c3_1(X42)|~c1_1(X42)|~c2_1(X42)))|hskp8)&(![X43]:(ndr1_0=>(c0_1(X43)|~c1_1(X43)|~c2_1(X43)))|![X44]:(ndr1_0=>(c2_1(X44)|c3_1(X44)|~c0_1(X44)))|hskp12)&(![X45]:(ndr1_0=>(c0_1(X45)|~c1_1(X45)|~c2_1(X45)))|![X46]:(ndr1_0=>(c3_1(X46)|~c0_1(X46)|~c1_1(X46)))|hskp13)&(![X47]:(ndr1_0=>(c0_1(X47)|~c2_1(X47)|~c3_1(X47)))|![X48]:(ndr1_0=>(c2_1(X48)|c3_1(X48)|~c1_1(X48)))|hskp3)&(![X49]:(ndr1_0=>(c0_1(X49)|~c2_1(X49)|~c3_1(X49)))|hskp14|hskp0)&(![X50]:(ndr1_0=>(c1_1(X50)|c2_1(X50)|~c0_1(X50)))|![X51]:(ndr1_0=>(c2_1(X51)|~c1_1(X51)|~c3_1(X51)))|hskp14)&(![X52]:(ndr1_0=>(c1_1(X52)|c2_1(X52)|~c3_1(X52)))|![X53]:(ndr1_0=>(c2_1(X53)|~c0_1(X53)|~c1_1(X53)))|hskp7)&(![X54]:(ndr1_0=>(c1_1(X54)|c2_1(X54)|~c3_1(X54)))|hskp6|hskp15)&(![X55]:(ndr1_0=>(c1_1(X55)|c2_1(X55)|~c3_1(X55)))|hskp16)&(![X56]:(ndr1_0=>(c1_1(X56)|c3_1(X56)|~c0_1(X56)))|![X57]:(ndr1_0=>(c1_1(X57)|c3_1(X57)|~c2_1(X57)))|hskp13)&(![X58]:(ndr1_0=>(c1_1(X58)|c3_1(X58)|~c0_1(X58)))|![X59]:(ndr1_0=>(c2_1(X59)|c3_1(X59)|~c1_1(X59)))|hskp17)&(![X60]:(ndr1_0=>(c1_1(X60)|c3_1(X60)|~c2_1(X60)))|![X61]:(ndr1_0=>(c2_1(X61)|c3_1(X61)|~c1_1(X61)))|hskp5)&(![X62]:(ndr1_0=>(c1_1(X62)|c3_1(X62)|~c2_1(X62)))|hskp11|hskp16)&(![X63]:(ndr1_0=>(c1_1(X63)|~c0_1(X63)|~c2_1(X63)))|![X64]:(ndr1_0=>(c1_1(X64)|~c0_1(X64)|~c3_1(X64)))|hskp4)&(![X65]:(ndr1_0=>(c1_1(X65)|~c0_1(X65)|~c2_1(X65)))|hskp17|hskp18)&(![X66]:(ndr1_0=>(c1_1(X66)|~c0_1(X66)|~c2_1(X66)))|hskp19|hskp12)&(![X67]:(ndr1_0=>(c1_1(X67)|~c0_1(X67)|~c2_1(X67)))|hskp11|hskp20)&(![X68]:(ndr1_0=>(c1_1(X68)|~c2_1(X68)|~c3_1(X68)))|hskp27|hskp3)&(![X69]:(ndr1_0=>(c2_1(X69)|c3_1(X69)|~c0_1(X69)))|hskp21)&(![X70]:(ndr1_0=>(c2_1(X70)|c3_1(X70)|~c1_1(X70)))|![X71]:(ndr1_0=>(c2_1(X71)|~c1_1(X71)|~c3_1(X71)))|![X72]:(ndr1_0=>(~c0_1(X72)|~c1_1(X72)|~c3_1(X72))))&(![X73]:(ndr1_0=>(c2_1(X73)|c3_1(X73)|~c1_1(X73)))|![X74]:(ndr1_0=>(~c0_1(X74)|~c1_1(X74)|~c3_1(X74)))|hskp17)&(![X75]:(ndr1_0=>(c2_1(X75)|c3_1(X75)|~c1_1(X75)))|hskp22)&(![X76]:(ndr1_0=>(c2_1(X76)|~c1_1(X76)|~c3_1(X76)))|![X77]:(ndr1_0=>(~c0_1(X77)|~c2_1(X77)|~c3_1(X77))))&(![X78]:(ndr1_0=>(c3_1(X78)|~c0_1(X78)|~c1_1(X78)))|hskp17|hskp4)&(![X79]:(ndr1_0=>(c3_1(X79)|~c0_1(X79)|~c1_1(X79)))|hskp23|hskp24)&(![X80]:(ndr1_0=>(c3_1(X80)|~c0_1(X80)|~c2_1(X80)))|![X81]:(ndr1_0=>(~c0_1(X81)|~c2_1(X81)|~c3_1(X81)))|hskp11)&(![X82]:(ndr1_0=>(c3_1(X82)|~c1_1(X82)|~c2_1(X82)))|![X83]:(ndr1_0=>(~c1_1(X83)|~c2_1(X83)|~c3_1(X83)))|hskp4)&(![X84]:(ndr1_0=>(c3_1(X84)|~c1_1(X84)|~c2_1(X84)))|hskp15|hskp25)&(![X85]:(ndr1_0=>(~c0_1(X85)|~c1_1(X85)|~c2_1(X85)))|hskp6|hskp8)&(![X86]:(ndr1_0=>(~c0_1(X86)|~c1_1(X86)|~c2_1(X86)))|hskp26|hskp23)&(![X87]:(ndr1_0=>(~c0_1(X87)|~c1_1(X87)|~c3_1(X87)))|hskp17|hskp21)&(![X88]:(ndr1_0=>(~c1_1(X88)|~c2_1(X88)|~c3_1(X88)))|hskp28)&(hskp29|hskp27|hskp10)&(hskp7|hskp1|hskp10)&(hskp17|hskp5|hskp24)&(hskp6|hskp15|hskp23)&(hskp26|hskp11|hskp12)&(hskp26|hskp16)&(hskp20|hskp12|hskp25)))			
../../TPTP-v7.3.0/Problems/SYN/SYN401+1.p		Theorem	YES	DTS/Alligator/AlexHappy/output/SYN401+1_dts.html	UNKNOWN		fof		(![X]:(![Y]:f(Y)=>f(X)))			
../../TPTP-v7.3.0/Problems/SYN/SYN329+1.p		CounterSatisfiable	UNKNOWN		UNKNOWN		fof		(?[X,Y]:![Z]:(big_f(X,X)=>(big_f(Y,Y)=>(big_f(X,Z)=>big_f(Z,Y)))))			
../../TPTP-v7.3.0/Problems/SYN/SYN709-1.p		Unsatisfiable	UNKNOWN		UNKNOWN		cnf					
../../TPTP-v7.3.0/Problems/SYN/SYN069+1.p		ContradictoryAxioms	UNKNOWN		UNKNOWN		fof	(![X]:((big_f(X)&![Y]:((big_g(Y)&big_h(X,Y))=>big_j(X,Y)))=>![Y1]:(big_g(Y1)&big_h(X,Y1)&big_k(Y1)))),(~(?[Y]:(big_l(Y)&big_k(Y)))),(?[X]:(big_f(X)&![Y]:(big_h(X,Y)=>big_l(Y))&![Y1]:((big_g(Y1)&big_h(X,Y1))=>big_j(X,Y1)))),(![X]:((big_f(X)&![Y]:((big_g(Y)&big_h(X,Y))=>big_j(X,Y)))=>![Y1]:(big_g(Y1)&big_h(X,Y1)&big_k(Y1)))),(~(?[Y]:(big_l(Y)&big_k(Y)))),(?[X]:(big_f(X)&![Y]:(big_h(X,Y)=>big_l(Y))&![Y1]:((big_g(Y1)&big_h(X,Y1))=>big_j(X,Y1))))	(?[X]:(big_f(X)&~(?[Y]:(big_g(Y)&big_h(X,Y)))))			
../../TPTP-v7.3.0/Problems/SYN/SYN535+1.p		CounterSatisfiable	UNKNOWN		UNKNOWN		fof		(~((c4_0|c1_0)&(~c3_0|![U]:(ndr1_0=>(c4_1(U)|c5_1(U)))|c5_0)&(c1_0|(ndr1_0&~c2_1(a492)&ndr1_1(a492)&~c5_2(a492,a493)&~c3_2(a492,a493)&~c2_2(a492,a493)&c5_1(a492))|(ndr1_0&~c3_1(a494)&~c4_1(a494)&![V]:(ndr1_1(a494)=>(c3_2(a494,V)|c1_2(a494,V)|~c4_2(a494,V)))))&(c3_0|(ndr1_0&ndr1_1(a495)&c4_2(a495,a496)&~c5_2(a495,a496)&c2_2(a495,a496)&c2_1(a495)&![W]:(ndr1_1(a495)=>(~c5_2(a495,W)|~c3_2(a495,W)))))&(c3_0|~c5_0|c1_0)&(![X]:(ndr1_0=>(![Y]:(ndr1_1(X)=>(c2_2(X,Y)|c1_2(X,Y)))|(ndr1_1(X)&c5_2(X,a497)&c1_2(X,a497)&c3_2(X,a497))|c3_1(X)))|c3_0|(ndr1_0&![Z]:(ndr1_1(a498)=>(~c4_2(a498,Z)|c3_2(a498,Z)))&c4_1(a498)))&(c1_0|(ndr1_0&~c4_1(a499)))&(c3_0|~c4_0|~c1_0)&(~c2_0|(ndr1_0&~c2_1(a500)&ndr1_1(a500)&c1_2(a500,a501)&~c2_2(a500,a501)&~c3_2(a500,a501)&c3_1(a500))|![X1]:(ndr1_0=>(c5_1(X1)|![X2]:(ndr1_1(X1)=>(c3_2(X1,X2)|c1_2(X1,X2)|~c4_2(X1,X2)))|(ndr1_1(X1)&~c2_2(X1,a502)&~c3_2(X1,a502)&c5_2(X1,a502)))))&(![X3]:(ndr1_0=>(~c3_1(X3)|c2_1(X3)|~c1_1(X3)))|c2_0|(ndr1_0&ndr1_1(a503)&c4_2(a503,a504)&~c2_2(a503,a504)&~c5_2(a503,a504)&![X4]:(ndr1_1(a503)=>(~c3_2(a503,X4)|c1_2(a503,X4)|~c5_2(a503,X4)))&ndr1_1(a503)&~c3_2(a503,a505)&~c5_2(a503,a505)&~c2_2(a503,a505)))&(![X5]:(ndr1_0=>(c4_1(X5)|(ndr1_1(X5)&c4_2(X5,a506)&c5_2(X5,a506)&~c3_2(X5,a506))|~c5_1(X5)))|(ndr1_0&![X6]:(ndr1_1(a507)=>(~c2_2(a507,X6)|~c3_2(a507,X6)|~c5_2(a507,X6)))&~c4_1(a507)&c3_1(a507))|(ndr1_0&c5_1(a508)&c1_1(a508)))&(c3_0|c4_0|~c5_0)&((ndr1_0&![X7]:(ndr1_1(a509)=>(c4_2(a509,X7)|~c2_2(a509,X7)|c5_2(a509,X7)))&~c2_1(a509))|![X8]:(ndr1_0=>((ndr1_1(X8)&~c2_2(X8,a510)&~c3_2(X8,a510))|~c3_1(X8)|c2_1(X8)))|![X9]:(ndr1_0=>(c3_1(X9)|![X10]:(ndr1_1(X9)=>(~c4_2(X9,X10)|~c3_2(X9,X10))))))&((ndr1_0&![X11]:(ndr1_1(a511)=>(c2_2(a511,X11)|c4_2(a511,X11)|~c3_2(a511,X11)))&~c3_1(a511)&~c2_1(a511))|~c4_0|(ndr1_0&c4_1(a512)&~c3_1(a512)&c1_1(a512)))&(~c2_0|~c5_0)&(~c4_0|![X12]:(ndr1_0=>(~c4_1(X12)|~c3_1(X12)|![X13]:(ndr1_1(X12)=>(~c4_2(X12,X13)|~c5_2(X12,X13)))))|~c5_0)&((ndr1_0&~c4_1(a513)&c1_1(a513)&c3_1(a513))|c2_0|(ndr1_0&c1_1(a514)&ndr1_1(a514)&~c5_2(a514,a515)&c3_2(a514,a515)&c2_2(a514,a515)&![X14]:(ndr1_1(a514)=>(~c4_2(a514,X14)|c5_2(a514,X14)|c3_2(a514,X14)))))&(~c1_0|(ndr1_0&c3_1(a516)&![X15]:(ndr1_1(a516)=>(~c4_2(a516,X15)|c3_2(a516,X15)|c5_2(a516,X15)))&~c1_1(a516)))&(~c2_0|![X16]:(ndr1_0=>c5_1(X16))|![X17]:(ndr1_0=>(~c4_1(X17)|~c1_1(X17)|![X18]:(ndr1_1(X17)=>(~c3_2(X17,X18)|c5_2(X17,X18)|~c1_2(X17,X18))))))&((ndr1_0&~c2_1(a517)&c4_1(a517)&ndr1_1(a517)&c3_2(a517,a518)&~c4_2(a517,a518)&c5_2(a517,a518))|(ndr1_0&~c2_1(a519)&c1_1(a519))|~c2_0)))			
../../TPTP-v7.3.0/Problems/SYN/SYN032-1.p		Unsatisfiable	UNKNOWN		UNKNOWN		cnf	(h|a|~j),(h|k|j),(h|j|~k),(b|~a),(c|~h),(~h|~c),(h|a|~j),(h|k|j),(h|j|~k),(b|~a),(c|~h),(~h|~c)				
../../TPTP-v7.3.0/Problems/SYN/SYN353+1.p		Theorem	UNKNOWN		UNKNOWN		fof		(![X]:?[Y1,Y2,Y3]:![Z]:((big_f(Y1,Y2,Y3)=>(big_f(X,X,Z)=>(big_f(Y2,Y3,Y1)|big_f(Y3,Y1,Y2))))=>(((big_f(Y3,Y1,Y2)=>(big_f(Y1,Y2,Y3)&big_f(Y2,Y3,Y1)))<=>big_f(Y2,Y1,Z))=>(((big_f(Y2,Y3,Y1)=>(big_f(Y1,Y2,Y3)&big_f(Y3,Y1,Y2)))<=>big_f(Y1,Z,Y2))=>((((big_f(Y3,Y1,Y2)=>~big_f(Y2,Y3,Y1))=>big_f(Y1,Y2,Y3))<=>big_f(Z,Y2,Y1))=>((big_f(Y1,Y2,Y3)&big_f(Y2,Y3,Y1)&big_f(Y3,Y1,Y2))<=>big_f(Z,Z,Z)))))))			
../../TPTP-v7.3.0/Problems/SYN/SYN398+1.p		Theorem	UNKNOWN		UNKNOWN		fof		(![X]:(p&f(X))<=>(p&![Y]:f(Y)))			
../../TPTP-v7.3.0/Problems/SYN/SYN372+1.p			UNKNOWN		UNKNOWN					Parser Error"TokenRRBracket"		
../../TPTP-v7.3.0/Problems/SYN/SYN349-1.p		Unsatisfiable	UNKNOWN		UNKNOWN		cnf					
../../TPTP-v7.3.0/Problems/SYN/SYN484+1.p		Theorem	UNKNOWN		UNKNOWN		fof		(~((~hskp0|(ndr1_0&~c1_1(a1969)&~c2_1(a1969)&~c3_1(a1969)))&(~hskp1|(ndr1_0&c0_1(a1971)&c2_1(a1971)&~c1_1(a1971)))&(~hskp2|(ndr1_0&c1_1(a1973)&c3_1(a1973)&~c2_1(a1973)))&(~hskp3|(ndr1_0&c1_1(a1974)&c2_1(a1974)&~c0_1(a1974)))&(~hskp4|(ndr1_0&c0_1(a1975)&~c1_1(a1975)&~c2_1(a1975)))&(~hskp5|(ndr1_0&c1_1(a1977)&~c2_1(a1977)&~c3_1(a1977)))&(~hskp6|(ndr1_0&c3_1(a1979)&~c0_1(a1979)&~c2_1(a1979)))&(~hskp7|(ndr1_0&c0_1(a1981)&c1_1(a1981)&~c3_1(a1981)))&(~hskp8|(ndr1_0&c3_1(a1983)&~c0_1(a1983)&~c1_1(a1983)))&(~hskp9|(ndr1_0&c1_1(a1985)&~c0_1(a1985)&~c3_1(a1985)))&(~hskp10|(ndr1_0&c2_1(a1987)&c3_1(a1987)&~c1_1(a1987)))&(~hskp11|(ndr1_0&c2_1(a1989)&~c0_1(a1989)&~c3_1(a1989)))&(~hskp12|(ndr1_0&c3_1(a1990)&~c1_1(a1990)&~c2_1(a1990)))&(~hskp13|(ndr1_0&c0_1(a1991)&c2_1(a1991)&~c3_1(a1991)))&(~hskp14|(ndr1_0&c1_1(a1992)&~c0_1(a1992)&~c2_1(a1992)))&(~hskp15|(ndr1_0&c2_1(a1993)&~c0_1(a1993)&~c1_1(a1993)))&(~hskp16|(ndr1_0&c0_1(a1996)&c3_1(a1996)&~c2_1(a1996)))&(~hskp17|(ndr1_0&c1_1(a1998)&c3_1(a1998)&~c0_1(a1998)))&(~hskp18|(ndr1_0&~c0_1(a2000)&~c1_1(a2000)&~c3_1(a2000)))&(~hskp19|(ndr1_0&c2_1(a2001)&c3_1(a2001)&~c0_1(a2001)))&(~hskp20|(ndr1_0&c1_1(a2003)&c2_1(a2003)&~c3_1(a2003)))&(~hskp21|(ndr1_0&c2_1(a2009)&~c1_1(a2009)&~c3_1(a2009)))&(~hskp22|(ndr1_0&c0_1(a2012)&~c2_1(a2012)&~c3_1(a2012)))&(~hskp23|(ndr1_0&c0_1(a2014)&c1_1(a2014)&~c2_1(a2014)))&(~hskp24|(ndr1_0&~c0_1(a2031)&~c1_1(a2031)&~c2_1(a2031)))&(~hskp25|(ndr1_0&~c0_1(a2041)&~c2_1(a2041)&~c3_1(a2041)))&(~hskp26|(ndr1_0&c0_1(a2049)&c3_1(a2049)&~c1_1(a2049)))&(~hskp27|(ndr1_0&c1_1(a1970)&c2_1(a1970)&c3_1(a1970)))&(~hskp28|(ndr1_0&c0_1(a1972)&c1_1(a1972)&c3_1(a1972)))&(~hskp29|(ndr1_0&c0_1(a1978)&c1_1(a1978)&c2_1(a1978)))&(~hskp30|(ndr1_0&c0_1(a2005)&c2_1(a2005)&c3_1(a2005)))&(![U]:(ndr1_0=>(c0_1(U)|c1_1(U)|c2_1(U)))|![V]:(ndr1_0=>(c1_1(V)|c2_1(V)|~c0_1(V)))|hskp0)&(![W]:(ndr1_0=>(c0_1(W)|c1_1(W)|c3_1(W)))|![X]:(ndr1_0=>(c0_1(X)|c2_1(X)|c3_1(X)))|hskp27)&(![Y]:(ndr1_0=>(c0_1(Y)|c1_1(Y)|c3_1(Y)))|![Z]:(ndr1_0=>(c0_1(Z)|c2_1(Z)|~c3_1(Z)))|![X1]:(ndr1_0=>(~c0_1(X1)|~c1_1(X1)|~c2_1(X1))))&(![X2]:(ndr1_0=>(c0_1(X2)|c1_1(X2)|c3_1(X2)))|![X3]:(ndr1_0=>(c0_1(X3)|c3_1(X3)|~c2_1(X3)))|![X4]:(ndr1_0=>(c3_1(X4)|~c1_1(X4)|~c2_1(X4))))&(![X5]:(ndr1_0=>(c0_1(X5)|c1_1(X5)|c3_1(X5)))|![X6]:(ndr1_0=>(c1_1(X6)|c2_1(X6)|~c3_1(X6)))|![X7]:(ndr1_0=>(c1_1(X7)|~c0_1(X7)|~c2_1(X7))))&(![X8]:(ndr1_0=>(c0_1(X8)|c1_1(X8)|c3_1(X8)))|![X9]:(ndr1_0=>(c2_1(X9)|~c0_1(X9)|~c1_1(X9)))|hskp1)&(![X10]:(ndr1_0=>(c0_1(X10)|c1_1(X10)|c3_1(X10)))|![X11]:(ndr1_0=>(~c1_1(X11)|~c2_1(X11)|~c3_1(X11)))|hskp28)&(![X12]:(ndr1_0=>(c0_1(X12)|c1_1(X12)|~c2_1(X12)))|![X13]:(ndr1_0=>(c1_1(X13)|c2_1(X13)|c3_1(X13)))|hskp2)&(![X14]:(ndr1_0=>(c0_1(X14)|c1_1(X14)|~c2_1(X14)))|![X15]:(ndr1_0=>(c2_1(X15)|~c0_1(X15)|~c1_1(X15)))|hskp3)&(![X16]:(ndr1_0=>(c0_1(X16)|c1_1(X16)|~c2_1(X16)))|hskp4|hskp27)&(![X17]:(ndr1_0=>(c0_1(X17)|c1_1(X17)|~c3_1(X17)))|![X18]:(ndr1_0=>(c3_1(X18)|~c0_1(X18)|~c2_1(X18)))|hskp5)&(![X19]:(ndr1_0=>(c0_1(X19)|c1_1(X19)|~c3_1(X19)))|hskp29|hskp6)&(![X20]:(ndr1_0=>(c0_1(X20)|c2_1(X20)|c3_1(X20)))|![X21]:(ndr1_0=>(c2_1(X21)|~c0_1(X21)|~c3_1(X21)))|hskp1)&(![X22]:(ndr1_0=>(c0_1(X22)|c2_1(X22)|c3_1(X22)))|![X23]:(ndr1_0=>(~c1_1(X23)|~c2_1(X23)|~c3_1(X23))))&(![X24]:(ndr1_0=>(c0_1(X24)|c2_1(X24)|~c1_1(X24)))|![X25]:(ndr1_0=>(c0_1(X25)|~c1_1(X25)|~c2_1(X25)))|hskp7)&(![X26]:(ndr1_0=>(c0_1(X26)|c2_1(X26)|~c1_1(X26)))|hskp28|hskp8)&(![X27]:(ndr1_0=>(c0_1(X27)|c2_1(X27)|~c3_1(X27)))|![X28]:(ndr1_0=>(c0_1(X28)|c3_1(X28)|~c1_1(X28)))|![X29]:(ndr1_0=>(c2_1(X29)|~c1_1(X29)|~c3_1(X29))))&(![X30]:(ndr1_0=>(c0_1(X30)|c2_1(X30)|~c3_1(X30)))|![X31]:(ndr1_0=>(c0_1(X31)|~c1_1(X31)|~c3_1(X31)))|hskp29)&(![X32]:(ndr1_0=>(c0_1(X32)|c2_1(X32)|~c3_1(X32)))|![X33]:(ndr1_0=>(c0_1(X33)|~c2_1(X33)|~c3_1(X33)))|hskp9)&(![X34]:(ndr1_0=>(c0_1(X34)|c2_1(X34)|~c3_1(X34)))|![X35]:(ndr1_0=>(c1_1(X35)|c2_1(X35)|~c0_1(X35)))|![X36]:(ndr1_0=>(c2_1(X36)|~c0_1(X36)|~c1_1(X36))))&(![X37]:(ndr1_0=>(c0_1(X37)|c2_1(X37)|~c3_1(X37)))|![X38]:(ndr1_0=>(c1_1(X38)|c2_1(X38)|~c3_1(X38)))|![X39]:(ndr1_0=>(c2_1(X39)|c3_1(X39)|~c1_1(X39))))&(![X40]:(ndr1_0=>(c0_1(X40)|c2_1(X40)|~c3_1(X40)))|![X41]:(ndr1_0=>(c1_1(X41)|c3_1(X41)|~c2_1(X41)))|![X42]:(ndr1_0=>(c2_1(X42)|~c0_1(X42)|~c1_1(X42))))&(![X43]:(ndr1_0=>(c0_1(X43)|c2_1(X43)|~c3_1(X43)))|![X44]:(ndr1_0=>(c1_1(X44)|~c0_1(X44)|~c2_1(X44)))|hskp8)&(![X45]:(ndr1_0=>(c0_1(X45)|c2_1(X45)|~c3_1(X45)))|![X46]:(ndr1_0=>(c2_1(X46)|~c0_1(X46)|~c1_1(X46)))|hskp10)&(![X47]:(ndr1_0=>(c0_1(X47)|c2_1(X47)|~c3_1(X47)))|hskp9|hskp11)&(![X48]:(ndr1_0=>(c0_1(X48)|c3_1(X48)|~c1_1(X48)))|![X49]:(ndr1_0=>(c0_1(X49)|~c1_1(X49)|~c3_1(X49)))|hskp12)&(![X50]:(ndr1_0=>(c0_1(X50)|c3_1(X50)|~c1_1(X50)))|![X51]:(ndr1_0=>(c2_1(X51)|~c0_1(X51)|~c1_1(X51)))|![X52]:(ndr1_0=>(~c0_1(X52)|~c1_1(X52)|~c2_1(X52))))&(![X53]:(ndr1_0=>(c0_1(X53)|c3_1(X53)|~c2_1(X53)))|![X54]:(ndr1_0=>(c0_1(X54)|~c1_1(X54)|~c3_1(X54)))|hskp13)&(![X55]:(ndr1_0=>(c0_1(X55)|c3_1(X55)|~c2_1(X55)))|![X56]:(ndr1_0=>(c1_1(X56)|~c0_1(X56)|~c3_1(X56)))|hskp14)&(![X57]:(ndr1_0=>(c0_1(X57)|c3_1(X57)|~c2_1(X57)))|![X58]:(ndr1_0=>(c2_1(X58)|c3_1(X58)|~c1_1(X58)))|hskp15)&(![X59]:(ndr1_0=>(c0_1(X59)|~c1_1(X59)|~c2_1(X59)))|![X60]:(ndr1_0=>(c0_1(X60)|~c1_1(X60)|~c3_1(X60)))|hskp3)&(![X61]:(ndr1_0=>(c0_1(X61)|~c1_1(X61)|~c2_1(X61)))|![X62]:(ndr1_0=>(c3_1(X62)|~c0_1(X62)|~c1_1(X62)))|hskp10)&(![X63]:(ndr1_0=>(c0_1(X63)|~c1_1(X63)|~c3_1(X63)))|![X64]:(ndr1_0=>(~c0_1(X64)|~c1_1(X64)|~c3_1(X64)))|hskp16)&(![X65]:(ndr1_0=>(c0_1(X65)|~c1_1(X65)|~c3_1(X65)))|hskp13|hskp17)&(![X66]:(ndr1_0=>(c0_1(X66)|~c1_1(X66)|~c3_1(X66)))|hskp4|hskp18)&(![X67]:(ndr1_0=>(c0_1(X67)|~c2_1(X67)|~c3_1(X67)))|![X68]:(ndr1_0=>(c1_1(X68)|~c0_1(X68)|~c3_1(X68)))|hskp19)&(![X69]:(ndr1_0=>(c0_1(X69)|~c2_1(X69)|~c3_1(X69)))|![X70]:(ndr1_0=>(c2_1(X70)|~c0_1(X70)|~c1_1(X70))))&(![X71]:(ndr1_0=>(c0_1(X71)|~c2_1(X71)|~c3_1(X71)))|hskp13|hskp20)&(![X72]:(ndr1_0=>(c1_1(X72)|c2_1(X72)|c3_1(X72)))|![X73]:(ndr1_0=>(c1_1(X73)|c3_1(X73)|~c2_1(X73)))|![X74]:(ndr1_0=>(c2_1(X74)|~c0_1(X74)|~c1_1(X74))))&(![X75]:(ndr1_0=>(c1_1(X75)|c2_1(X75)|c3_1(X75)))|![X76]:(ndr1_0=>(c2_1(X76)|~c0_1(X76)|~c1_1(X76)))|hskp12)&(![X77]:(ndr1_0=>(c1_1(X77)|c2_1(X77)|~c0_1(X77)))|![X78]:(ndr1_0=>(c1_1(X78)|~c0_1(X78)|~c2_1(X78)))|![X79]:(ndr1_0=>(c1_1(X79)|~c2_1(X79)|~c3_1(X79))))&(![X80]:(ndr1_0=>(c1_1(X80)|c2_1(X80)|~c0_1(X80)))|![X81]:(ndr1_0=>(c1_1(X81)|~c2_1(X81)|~c3_1(X81)))|![X82]:(ndr1_0=>(c2_1(X82)|~c1_1(X82)|~c3_1(X82))))&(![X83]:(ndr1_0=>(c1_1(X83)|c2_1(X83)|~c0_1(X83)))|hskp30|hskp5)&(![X84]:(ndr1_0=>(c1_1(X84)|c2_1(X84)|~c0_1(X84)))|hskp4|hskp10)&(![X85]:(ndr1_0=>(c1_1(X85)|c2_1(X85)|~c3_1(X85)))|![X86]:(ndr1_0=>(c2_1(X86)|c3_1(X86)|~c1_1(X86)))|hskp21)&(![X87]:(ndr1_0=>(c1_1(X87)|c2_1(X87)|~c3_1(X87)))|hskp1|hskp10)&(![X88]:(ndr1_0=>(c1_1(X88)|c2_1(X88)|~c3_1(X88)))|hskp22|hskp2)&(![X89]:(ndr1_0=>(c1_1(X89)|c3_1(X89)|~c2_1(X89)))|hskp23|hskp6)&(![X90]:(ndr1_0=>(c1_1(X90)|c3_1(X90)|~c2_1(X90)))|hskp3|hskp17)&(![X91]:(ndr1_0=>(c1_1(X91)|~c0_1(X91)|~c2_1(X91)))|hskp10|hskp11)&(![X92]:(ndr1_0=>(c1_1(X92)|~c0_1(X92)|~c3_1(X92)))|hskp30|hskp15)&(![X93]:(ndr1_0=>(c1_1(X93)|~c0_1(X93)|~c3_1(X93)))|hskp6|hskp18)&(![X94]:(ndr1_0=>(c1_1(X94)|~c2_1(X94)|~c3_1(X94)))|![X95]:(ndr1_0=>(~c1_1(X95)|~c2_1(X95)|~c3_1(X95)))|hskp27)&(![X96]:(ndr1_0=>(c1_1(X96)|~c2_1(X96)|~c3_1(X96)))|hskp10)&(![X97]:(ndr1_0=>(c2_1(X97)|c3_1(X97)|~c0_1(X97)))|hskp16|hskp15)&(![X98]:(ndr1_0=>(c2_1(X98)|c3_1(X98)|~c1_1(X98)))|![X99]:(ndr1_0=>(c2_1(X99)|~c1_1(X99)|~c3_1(X99)))|![X100]:(ndr1_0=>(c3_1(X100)|~c0_1(X100)|~c1_1(X100))))&(![X101]:(ndr1_0=>(c2_1(X101)|~c0_1(X101)|~c1_1(X101)))|hskp1|hskp22)&(![X102]:(ndr1_0=>(c2_1(X102)|~c0_1(X102)|~c1_1(X102)))|hskp16|hskp24)&(![X103]:(ndr1_0=>(c2_1(X103)|~c1_1(X103)|~c3_1(X103)))|![X104]:(ndr1_0=>(~c0_1(X104)|~c1_1(X104)|~c3_1(X104)))|hskp20)&(![X105]:(ndr1_0=>(c2_1(X105)|~c1_1(X105)|~c3_1(X105)))|hskp11|hskp12)&(![X106]:(ndr1_0=>(c3_1(X106)|~c0_1(X106)|~c2_1(X106)))|![X107]:(ndr1_0=>(~c0_1(X107)|~c1_1(X107)|~c3_1(X107)))|hskp10)&(![X108]:(ndr1_0=>(c3_1(X108)|~c0_1(X108)|~c2_1(X108)))|hskp4|hskp17)&(![X109]:(ndr1_0=>(c3_1(X109)|~c0_1(X109)|~c2_1(X109)))|hskp12|hskp0)&(![X110]:(ndr1_0=>(c3_1(X110)|~c0_1(X110)|~c2_1(X110)))|hskp24|hskp25)&(![X111]:(ndr1_0=>(c3_1(X111)|~c1_1(X111)|~c2_1(X111)))|hskp14|hskp10)&(![X112]:(ndr1_0=>(~c0_1(X112)|~c1_1(X112)|~c2_1(X112)))|hskp1|hskp4)&(![X113]:(ndr1_0=>(~c0_1(X113)|~c1_1(X113)|~c2_1(X113)))|hskp3|hskp8)&(![X114]:(ndr1_0=>(~c0_1(X114)|~c1_1(X114)|~c2_1(X114)))|hskp17)&(![X115]:(ndr1_0=>(~c0_1(X115)|~c1_1(X115)|~c3_1(X115)))|hskp26|hskp25)&(![X116]:(ndr1_0=>(~c1_1(X116)|~c2_1(X116)|~c3_1(X116)))|hskp4|hskp11)&(hskp28|hskp1|hskp21)&(hskp23|hskp5|hskp8)&(hskp30|hskp27|hskp6)&(hskp16|hskp19|hskp15)&(hskp16|hskp21|hskp18)))			
../../TPTP-v7.3.0/Problems/SYN/SYN965+1.p		Theorem	UNKNOWN		UNKNOWN		fof		(?[Z]:![X]:?[Y]:((p(Y,X)=>?[W]:p(W,Y))&((p(Z,Y)&p(Y,Z))=>p(Y,X))))			
../../TPTP-v7.3.0/Problems/SYN/SYN959+1.p		Theorem	YES	DTS/Alligator/AlexHappy/output/SYN959+1_dts.html	UNKNOWN		fof		(?[X]:b(X)=>?[X]:(a(X)|b(X)))			
../../TPTP-v7.3.0/Problems/SYN/SYN446+1.p		CounterSatisfiable	UNKNOWN		UNKNOWN		fof		(~((~hskp0|(ndr1_0&c1_1(a375)&~c0_1(a375)&~c2_1(a375)))&(~hskp1|(ndr1_0&c0_1(a376)&~c2_1(a376)&~c3_1(a376)))&(~hskp2|(ndr1_0&c1_1(a377)&~c2_1(a377)&~c3_1(a377)))&(~hskp3|(ndr1_0&c1_1(a378)&c3_1(a378)&~c0_1(a378)))&(~hskp4|(ndr1_0&~c0_1(a379)&~c1_1(a379)&~c2_1(a379)))&(~hskp5|(ndr1_0&c0_1(a380)&c1_1(a380)&~c3_1(a380)))&(~hskp6|(ndr1_0&c1_1(a381)&c2_1(a381)&~c0_1(a381)))&(~hskp7|(ndr1_0&c3_1(a384)&~c0_1(a384)&~c2_1(a384)))&(~hskp8|(ndr1_0&c0_1(a385)&c2_1(a385)&~c1_1(a385)))&(~hskp9|(ndr1_0&c2_1(a387)&c3_1(a387)&~c1_1(a387)))&(~hskp10|(ndr1_0&c0_1(a392)&c1_1(a392)&~c2_1(a392)))&(~hskp11|(ndr1_0&c3_1(a394)&~c1_1(a394)&~c2_1(a394)))&(~hskp12|(ndr1_0&c0_1(a395)&~c1_1(a395)&~c2_1(a395)))&(~hskp13|(ndr1_0&c1_1(a396)&~c0_1(a396)&~c3_1(a396)))&(~hskp14|(ndr1_0&c0_1(a398)&~c1_1(a398)&~c3_1(a398)))&(~hskp15|(ndr1_0&~c0_1(a399)&~c2_1(a399)&~c3_1(a399)))&(~hskp16|(ndr1_0&c0_1(a400)&c2_1(a400)&~c3_1(a400)))&(~hskp17|(ndr1_0&c1_1(a401)&c2_1(a401)&~c3_1(a401)))&(~hskp18|(ndr1_0&c1_1(a404)&c3_1(a404)&~c2_1(a404)))&(~hskp19|(ndr1_0&c0_1(a407)&c3_1(a407)&~c2_1(a407)))&(~hskp20|(ndr1_0&c2_1(a409)&~c1_1(a409)&~c3_1(a409)))&(~hskp21|(ndr1_0&c2_1(a411)&c3_1(a411)&~c0_1(a411)))&(~hskp22|(ndr1_0&c2_1(a418)&~c0_1(a418)&~c3_1(a418)))&(~hskp23|(ndr1_0&~c1_1(a420)&~c2_1(a420)&~c3_1(a420)))&(~hskp24|(ndr1_0&c2_1(a424)&~c0_1(a424)&~c1_1(a424)))&(~hskp25|(ndr1_0&c3_1(a425)&~c0_1(a425)&~c1_1(a425)))&(~hskp26|(ndr1_0&~c0_1(a427)&~c1_1(a427)&~c3_1(a427)))&(~hskp27|(ndr1_0&c0_1(a374)&c1_1(a374)&c2_1(a374)))&(~hskp28|(ndr1_0&c1_1(a386)&c2_1(a386)&c3_1(a386)))&(~hskp29|(ndr1_0&c0_1(a390)&c1_1(a390)&c3_1(a390)))&(~hskp30|(ndr1_0&c0_1(a397)&c2_1(a397)&c3_1(a397)))&(![U]:(ndr1_0=>(c0_1(U)|c1_1(U)|c2_1(U)))|hskp27|hskp0)&(![V]:(ndr1_0=>(c0_1(V)|c1_1(V)|c2_1(V)))|hskp1|hskp2)&(![W]:(ndr1_0=>(c0_1(W)|c1_1(W)|c2_1(W)))|hskp3|hskp4)&(![X]:(ndr1_0=>(c0_1(X)|c1_1(X)|~c2_1(X)))|![Y]:(ndr1_0=>(c1_1(Y)|c3_1(Y)|~c2_1(Y)))|hskp5)&(![Z]:(ndr1_0=>(c0_1(Z)|c1_1(Z)|~c2_1(Z)))|![X1]:(ndr1_0=>(c1_1(X1)|~c0_1(X1)|~c3_1(X1)))|![X2]:(ndr1_0=>(c2_1(X2)|c3_1(X2)|~c1_1(X2))))&(![X3]:(ndr1_0=>(c0_1(X3)|c1_1(X3)|~c3_1(X3)))|![X4]:(ndr1_0=>(c0_1(X4)|c3_1(X4)|~c2_1(X4)))|![X5]:(ndr1_0=>(c1_1(X5)|c2_1(X5)|~c0_1(X5))))&(![X6]:(ndr1_0=>(c0_1(X6)|c1_1(X6)|~c3_1(X6)))|![X7]:(ndr1_0=>(c0_1(X7)|c3_1(X7)|~c2_1(X7)))|hskp6)&(![X8]:(ndr1_0=>(c0_1(X8)|c1_1(X8)|~c3_1(X8)))|![X9]:(ndr1_0=>(c1_1(X9)|~c2_1(X9)|~c3_1(X9)))|hskp5)&(![X10]:(ndr1_0=>(c0_1(X10)|c1_1(X10)|~c3_1(X10)))|![X11]:(ndr1_0=>(c2_1(X11)|c3_1(X11)|~c0_1(X11)))|![X12]:(ndr1_0=>(~c0_1(X12)|~c2_1(X12)|~c3_1(X12))))&(![X13]:(ndr1_0=>(c0_1(X13)|c1_1(X13)|~c3_1(X13)))|hskp5|hskp7)&(![X14]:(ndr1_0=>(c0_1(X14)|c2_1(X14)|c3_1(X14)))|![X15]:(ndr1_0=>(c0_1(X15)|~c1_1(X15)|~c2_1(X15)))|![X16]:(ndr1_0=>(~c0_1(X16)|~c1_1(X16)|~c2_1(X16))))&(![X17]:(ndr1_0=>(c0_1(X17)|c2_1(X17)|c3_1(X17)))|![X18]:(ndr1_0=>(c0_1(X18)|~c1_1(X18)|~c3_1(X18)))|hskp8)&(![X19]:(ndr1_0=>(c0_1(X19)|c2_1(X19)|~c1_1(X19)))|![X20]:(ndr1_0=>(c0_1(X20)|c3_1(X20)|~c1_1(X20)))|![X21]:(ndr1_0=>(~c0_1(X21)|~c2_1(X21)|~c3_1(X21))))&(![X22]:(ndr1_0=>(c0_1(X22)|c2_1(X22)|~c1_1(X22)))|![X23]:(ndr1_0=>(c0_1(X23)|~c1_1(X23)|~c2_1(X23)))|![X24]:(ndr1_0=>(c1_1(X24)|c3_1(X24)|~c2_1(X24))))&(![X25]:(ndr1_0=>(c0_1(X25)|c2_1(X25)|~c1_1(X25)))|hskp28|hskp9)&(![X26]:(ndr1_0=>(c0_1(X26)|c2_1(X26)|~c3_1(X26)))|![X27]:(ndr1_0=>(c2_1(X27)|c3_1(X27)|~c0_1(X27)))|hskp4)&(![X28]:(ndr1_0=>(c0_1(X28)|c3_1(X28)|~c1_1(X28)))|![X29]:(ndr1_0=>(c1_1(X29)|~c2_1(X29)|~c3_1(X29)))|hskp5)&(![X30]:(ndr1_0=>(c0_1(X30)|c3_1(X30)|~c1_1(X30)))|![X31]:(ndr1_0=>(c2_1(X31)|~c0_1(X31)|~c1_1(X31)))|hskp29)&(![X32]:(ndr1_0=>(c0_1(X32)|c3_1(X32)|~c2_1(X32)))|![X33]:(ndr1_0=>(c1_1(X33)|c2_1(X33)|~c0_1(X33)))|hskp3)&(![X34]:(ndr1_0=>(c0_1(X34)|c3_1(X34)|~c2_1(X34)))|![X35]:(ndr1_0=>(c1_1(X35)|c3_1(X35)|~c0_1(X35)))|![X36]:(ndr1_0=>(c1_1(X36)|~c0_1(X36)|~c2_1(X36))))&(![X37]:(ndr1_0=>(c0_1(X37)|c3_1(X37)|~c2_1(X37)))|![X38]:(ndr1_0=>(c2_1(X38)|~c1_1(X38)|~c3_1(X38)))|hskp10)&(![X39]:(ndr1_0=>(c0_1(X39)|c3_1(X39)|~c2_1(X39)))|hskp3|hskp11)&(![X40]:(ndr1_0=>(c0_1(X40)|~c1_1(X40)|~c2_1(X40)))|![X41]:(ndr1_0=>(c2_1(X41)|~c0_1(X41)|~c3_1(X41)))|hskp12)&(![X42]:(ndr1_0=>(c0_1(X42)|~c1_1(X42)|~c3_1(X42)))|![X43]:(ndr1_0=>(~c0_1(X43)|~c1_1(X43)|~c2_1(X43)))|hskp13)&(![X44]:(ndr1_0=>(c0_1(X44)|~c1_1(X44)|~c3_1(X44)))|![X45]:(ndr1_0=>(~c0_1(X45)|~c2_1(X45)|~c3_1(X45)))|hskp30)&(![X46]:(ndr1_0=>(c0_1(X46)|~c1_1(X46)|~c3_1(X46)))|hskp14|hskp15)&(![X47]:(ndr1_0=>(c0_1(X47)|~c2_1(X47)|~c3_1(X47)))|![X48]:(ndr1_0=>(c3_1(X48)|~c1_1(X48)|~c2_1(X48)))|hskp16)&(![X49]:(ndr1_0=>(c0_1(X49)|~c2_1(X49)|~c3_1(X49)))|hskp17|hskp11)&(![X50]:(ndr1_0=>(c1_1(X50)|c2_1(X50)|c3_1(X50)))|hskp8|hskp18)&(![X51]:(ndr1_0=>(c1_1(X51)|c2_1(X51)|~c0_1(X51)))|![X52]:(ndr1_0=>(c1_1(X52)|~c0_1(X52)|~c3_1(X52)))|hskp11)&(![X53]:(ndr1_0=>(c1_1(X53)|c2_1(X53)|~c0_1(X53)))|![X54]:(ndr1_0=>(c2_1(X54)|c3_1(X54)|~c1_1(X54)))|hskp1)&(![X55]:(ndr1_0=>(c1_1(X55)|c2_1(X55)|~c3_1(X55)))|![X56]:(ndr1_0=>(c1_1(X56)|~c0_1(X56)|~c2_1(X56)))|hskp19)&(![X57]:(ndr1_0=>(c1_1(X57)|c2_1(X57)|~c3_1(X57)))|![X58]:(ndr1_0=>(c2_1(X58)|~c0_1(X58)|~c1_1(X58)))|hskp1)&(![X59]:(ndr1_0=>(c1_1(X59)|c3_1(X59)|~c0_1(X59)))|![X60]:(ndr1_0=>(c2_1(X60)|~c0_1(X60)|~c1_1(X60)))|hskp20)&(![X61]:(ndr1_0=>(c1_1(X61)|c3_1(X61)|~c0_1(X61)))|hskp6|hskp21)&(![X62]:(ndr1_0=>(c1_1(X62)|c3_1(X62)|~c2_1(X62)))|![X63]:(ndr1_0=>(c3_1(X63)|~c0_1(X63)|~c2_1(X63)))|hskp14)&(![X64]:(ndr1_0=>(c1_1(X64)|c3_1(X64)|~c2_1(X64)))|![X65]:(ndr1_0=>(~c0_1(X65)|~c2_1(X65)|~c3_1(X65)))|hskp15)&(![X66]:(ndr1_0=>(c1_1(X66)|c3_1(X66)|~c2_1(X66)))|hskp30|hskp19)&(![X67]:(ndr1_0=>(c1_1(X67)|~c0_1(X67)|~c2_1(X67)))|![X68]:(ndr1_0=>(c3_1(X68)|~c1_1(X68)|~c2_1(X68)))|![X69]:(ndr1_0=>(~c1_1(X69)|~c2_1(X69)|~c3_1(X69))))&(![X70]:(ndr1_0=>(c1_1(X70)|~c0_1(X70)|~c3_1(X70)))|![X71]:(ndr1_0=>(c2_1(X71)|~c0_1(X71)|~c1_1(X71)))|hskp5)&(![X72]:(ndr1_0=>(c1_1(X72)|~c2_1(X72)|~c3_1(X72)))|![X73]:(ndr1_0=>(c3_1(X73)|~c0_1(X73)|~c2_1(X73)))|hskp5)&(![X74]:(ndr1_0=>(c2_1(X74)|c3_1(X74)|~c1_1(X74)))|![X75]:(ndr1_0=>(~c0_1(X75)|~c1_1(X75)|~c3_1(X75)))|hskp22)&(![X76]:(ndr1_0=>(c2_1(X76)|~c1_1(X76)|~c3_1(X76)))|hskp30|hskp23)&(![X77]:(ndr1_0=>(c3_1(X77)|~c0_1(X77)|~c2_1(X77)))|hskp1|hskp13)&(![X78]:(ndr1_0=>(c3_1(X78)|~c0_1(X78)|~c2_1(X78)))|hskp6)&(![X79]:(ndr1_0=>(c3_1(X79)|~c0_1(X79)|~c2_1(X79)))|hskp24|hskp25)&(![X80]:(ndr1_0=>(c3_1(X80)|~c0_1(X80)|~c2_1(X80)))|hskp22|hskp26)&(![X81]:(ndr1_0=>(c3_1(X81)|~c1_1(X81)|~c2_1(X81)))|hskp27|hskp10)&(![X82]:(ndr1_0=>(c3_1(X82)|~c1_1(X82)|~c2_1(X82)))|hskp30|hskp4)&(![X83]:(ndr1_0=>(~c0_1(X83)|~c2_1(X83)|~c3_1(X83)))|![X84]:(ndr1_0=>(~c1_1(X84)|~c2_1(X84)|~c3_1(X84)))|hskp23)&(![X85]:(ndr1_0=>(~c0_1(X85)|~c2_1(X85)|~c3_1(X85)))|hskp14|hskp21)&(![X86]:(ndr1_0=>(~c1_1(X86)|~c2_1(X86)|~c3_1(X86)))|hskp0|hskp7)&(hskp29|hskp10|hskp22)&(hskp29|hskp28|hskp23)&(hskp5|hskp3|hskp2)&(hskp8|hskp17)&(hskp19|hskp4|hskp26)&(hskp28|hskp0|hskp23)&(hskp6|hskp20|hskp23)&(hskp0|hskp25|hskp4)))			
../../TPTP-v7.3.0/Problems/SYN/SYN277-1.p		Unsatisfiable	UNKNOWN		UNKNOWN		cnf					
../../TPTP-v7.3.0/Problems/SYN/SYN780-1.p		Satisfiable	UNKNOWN		UNKNOWN		cnf					
../../TPTP-v7.3.0/Problems/SYN/SYN477-1.p		Unsatisfiable	UNKNOWN		UNKNOWN		cnf					
../../TPTP-v7.3.0/Problems/SYN/SYN926+1.p		Theorem	YES	DTS/Alligator/AlexHappy/output/SYN926+1_dts.html	UNKNOWN		fof		(?[X]:(p(X)&q(X))=>(?[X]:p(X)&?[X]:q(X)))			
../../TPTP-v7.3.0/Problems/SYN/SYN240-1.p		Unsatisfiable	UNKNOWN		UNKNOWN		cnf					
../../TPTP-v7.3.0/Problems/SYN/SYN432-1.p		Satisfiable	UNKNOWN		UNKNOWN		cnf					
../../TPTP-v7.3.0/Problems/SYN/SYN431+1.p		CounterSatisfiable	UNKNOWN		UNKNOWN		fof		(~((~hskp0|(ndr1_0&~c1_1(a132)&~c0_1(a132)&~c3_1(a132)))&(~hskp1|(ndr1_0&c2_1(a133)&~c1_1(a133)&~c0_1(a133)))&(~hskp2|(ndr1_0&c1_1(a135)&~c2_1(a135)&~c0_1(a135)))&(~hskp3|(ndr1_0&c2_1(a136)&~c0_1(a136)&~c3_1(a136)))&(~hskp4|(ndr1_0&c1_1(a137)&c3_1(a137)&~c2_1(a137)))&(~hskp5|(ndr1_0&c2_1(a139)&c0_1(a139)&~c1_1(a139)))&(~hskp6|(ndr1_0&c1_1(a140)&c0_1(a140)&~c3_1(a140)))&(~hskp7|(ndr1_0&c2_1(a141)&c3_1(a141)&~c1_1(a141)))&(~hskp8|(ndr1_0&c3_1(a142)&c1_1(a142)&~c0_1(a142)))&(~hskp9|(ndr1_0&~c2_1(a145)&~c0_1(a145)&~c3_1(a145)))&(~hskp10|(ndr1_0&c0_1(a146)&~c2_1(a146)&~c1_1(a146)))&(~hskp11|(ndr1_0&c1_1(a151)&~c3_1(a151)&~c0_1(a151)))&(~hskp12|(ndr1_0&~c2_1(a154)&~c3_1(a154)&~c1_1(a154)))&(~hskp13|(ndr1_0&~c3_1(a156)&c1_1(a156)&~c0_1(a156)))&(~hskp14|(ndr1_0&c1_1(a159)&c2_1(a159)&~c3_1(a159)))&(~hskp15|(ndr1_0&~c1_1(a160)&~c2_1(a160)&~c3_1(a160)))&(~hskp16|(ndr1_0&c0_1(a161)&c2_1(a161)&~c1_1(a161)))&(~hskp17|(ndr1_0&c2_1(a134)&~c3_1(a134)&c0_1(a134)))&(~hskp18|(ndr1_0&~c2_1(a138)&c0_1(a138)&c3_1(a138)))&(~hskp19|(ndr1_0&c2_1(a143)&c0_1(a143)&c1_1(a143)))&(~hskp20|(ndr1_0&~c0_1(a144)&c2_1(a144)&c3_1(a144)))&(~hskp21|(ndr1_0&c2_1(a147)&~c0_1(a147)&c3_1(a147)))&(~hskp22|(ndr1_0&~c3_1(a148)&c1_1(a148)&c2_1(a148)))&(~hskp23|(ndr1_0&~c3_1(a149)&c1_1(a149)&c0_1(a149)))&(~hskp24|(ndr1_0&~c2_1(a150)&c1_1(a150)&c0_1(a150)))&(~hskp25|(ndr1_0&c3_1(a152)&~c0_1(a152)&c2_1(a152)))&(~hskp26|(ndr1_0&~c0_1(a153)&~c3_1(a153)&c1_1(a153)))&(~hskp27|(ndr1_0&~c1_1(a157)&c3_1(a157)&c2_1(a157)))&(~hskp28|(ndr1_0&c1_1(a158)&~c0_1(a158)&c2_1(a158)))&(![U]:(ndr1_0=>(~c3_1(U)|c2_1(U)|c0_1(U)))|hskp0|hskp1)&(![V]:(ndr1_0=>(~c3_1(V)|c1_1(V)|~c0_1(V)))|hskp17|hskp2)&(hskp3|hskp4|![W]:(ndr1_0=>(~c3_1(W)|~c0_1(W)|~c2_1(W))))&(hskp18|hskp5|hskp6)&(![X]:(ndr1_0=>(c0_1(X)|c2_1(X)|~c1_1(X)))|![Y]:(ndr1_0=>(~c1_1(Y)|~c0_1(Y)|c2_1(Y)))|![Z]:(ndr1_0=>(~c1_1(Z)|~c2_1(Z)|c0_1(Z))))&(hskp7|![X1]:(ndr1_0=>(~c1_1(X1)|~c2_1(X1)|c3_1(X1)))|hskp8)&(hskp19|hskp20|![X2]:(ndr1_0=>(c1_1(X2)|~c2_1(X2)|c0_1(X2))))&(![X3]:(ndr1_0=>(~c2_1(X3)|~c1_1(X3)|c3_1(X3)))|hskp9|hskp10)&(![X4]:(ndr1_0=>(c3_1(X4)|~c2_1(X4)|~c1_1(X4)))|![X5]:(ndr1_0=>(c1_1(X5)|~c3_1(X5)|~c2_1(X5))))&(![X6]:(ndr1_0=>(c1_1(X6)|~c2_1(X6)|c3_1(X6)))|![X7]:(ndr1_0=>(c0_1(X7)|~c1_1(X7)|c2_1(X7)))|hskp21)&(hskp22|hskp23|hskp24)&(hskp11|hskp25|hskp26)&(![X8]:(ndr1_0=>(~c0_1(X8)|~c2_1(X8)|c3_1(X8)))|![X9]:(ndr1_0=>(~c1_1(X9)|c2_1(X9)|~c3_1(X9)))|hskp12)&(hskp3|hskp13|hskp27)&(hskp28|hskp14|![X10]:(ndr1_0=>(c3_1(X10)|c0_1(X10)|~c1_1(X10))))&(![X11]:(ndr1_0=>(~c3_1(X11)|~c2_1(X11)|c0_1(X11)))|hskp15|hskp16)))			
../../TPTP-v7.3.0/Problems/SYN/SYN044-1.p		Unsatisfiable	UNKNOWN		UNKNOWN		cnf	(~q|r),(~r|p),(~r|q),(~p|q|r),(~q|r),(~r|p),(~r|q),(~p|q|r)				
../../TPTP-v7.3.0/Problems/SYN/SYN286-1.p		Unsatisfiable	UNKNOWN		UNKNOWN		cnf					
../../TPTP-v7.3.0/Problems/SYN/SYN972+1.p		Theorem	YES	DTS/Alligator/AlexHappy/output/SYN972+1_dts.html	UNKNOWN		fof		(?[X]:![Y]:p(X,Y)=>![Y]:?[X]:p(X,Y))			
../../TPTP-v7.3.0/Problems/SYN/SYN845-1.p		Unsatisfiable	UNKNOWN		UNKNOWN		cnf					
../../TPTP-v7.3.0/Problems/SYN/SYN948+1.p		Theorem	UNKNOWN		UNKNOWN		fof		(![X]:?[Y]:(a(X,Y)&a(Y,Y))=>?[Z]:a(Z,Z))			
../../TPTP-v7.3.0/Problems/SYN/SYN304-1.p		Satisfiable	UNKNOWN		UNKNOWN		cnf					
../../TPTP-v7.3.0/Problems/SYN/SYN664-1.p		Unsatisfiable	UNKNOWN		UNKNOWN		cnf					
../../TPTP-v7.3.0/Problems/SYN/SYN288-1.p		Unsatisfiable	UNKNOWN		UNKNOWN		cnf					
../../TPTP-v7.3.0/Problems/SYN/SYN460+1.p		Theorem	UNKNOWN		UNKNOWN		fof		(~((~hskp0|(ndr1_0&~c0_1(a2181)&~c1_1(a2181)&~c2_1(a2181)))&(~hskp1|(ndr1_0&c3_1(a2182)&~c0_1(a2182)&~c2_1(a2182)))&(~hskp2|(ndr1_0&c3_1(a2187)&c1_1(a2187)&~c2_1(a2187)))&(~hskp3|(ndr1_0&c2_1(a2190)&~c1_1(a2190)&~c0_1(a2190)))&(~hskp4|(ndr1_0&c3_1(a2191)&~c2_1(a2191)&~c1_1(a2191)))&(~hskp5|(ndr1_0&~c0_1(a2192)&c1_1(a2192)&~c3_1(a2192)))&(~hskp6|(ndr1_0&~c0_1(a2197)&~c3_1(a2197)&~c1_1(a2197)))&(~hskp7|(ndr1_0&c2_1(a2198)&c0_1(a2198)&~c3_1(a2198)))&(~hskp8|(ndr1_0&~c2_1(a2202)&~c1_1(a2202)&~c0_1(a2202)))&(~hskp9|(ndr1_0&~c1_1(a2203)&c0_1(a2203)&~c3_1(a2203)))&(~hskp10|(ndr1_0&~c2_1(a2206)&~c0_1(a2206)&~c3_1(a2206)))&(~hskp11|(ndr1_0&c0_1(a2209)&~c1_1(a2209)&~c2_1(a2209)))&(~hskp12|(ndr1_0&c2_1(a2211)&~c1_1(a2211)&~c3_1(a2211)))&(~hskp13|(ndr1_0&c0_1(a2212)&c2_1(a2212)&~c3_1(a2212)))&(~hskp14|(ndr1_0&~c1_1(a2213)&c2_1(a2213)&~c0_1(a2213)))&(~hskp15|(ndr1_0&~c3_1(a2217)&c1_1(a2217)&~c0_1(a2217)))&(~hskp16|(ndr1_0&~c2_1(a2220)&~c1_1(a2220)&~c3_1(a2220)))&(~hskp17|(ndr1_0&~c0_1(a2221)&c2_1(a2221)&~c3_1(a2221)))&(~hskp18|(ndr1_0&c0_1(a2222)&c3_1(a2222)&~c2_1(a2222)))&(~hskp19|(ndr1_0&~c0_1(a2233)&~c1_1(a2233)&~c3_1(a2233)))&(~hskp20|(ndr1_0&c1_1(a2237)&c0_1(a2237)&~c3_1(a2237)))&(~hskp21|(ndr1_0&c2_1(a2239)&~c0_1(a2239)&~c3_1(a2239)))&(~hskp22|(ndr1_0&c0_1(a2244)&~c2_1(a2244)&~c1_1(a2244)))&(~hskp23|(ndr1_0&c3_1(a2245)&c0_1(a2245)&~c1_1(a2245)))&(~hskp24|(ndr1_0&c1_1(a2246)&~c0_1(a2246)&~c3_1(a2246)))&(~hskp25|(ndr1_0&c3_1(a2249)&c2_1(a2249)&~c0_1(a2249)))&(~hskp26|(ndr1_0&~c3_1(a2178)&c0_1(a2178)&c2_1(a2178)))&(~hskp27|(ndr1_0&~c1_1(a2179)&~c2_1(a2179)&c0_1(a2179)))&(~hskp28|(ndr1_0&c3_1(a2180)&c1_1(a2180)&c2_1(a2180)))&(~hskp29|(ndr1_0&~c0_1(a2183)&c2_1(a2183)&c3_1(a2183)))&(~hskp30|(ndr1_0&~c3_1(a2184)&~c1_1(a2184)&c0_1(a2184)))&(~hskp31|(ndr1_0&c1_1(a2185)&~c2_1(a2185)&c3_1(a2185)))&(~hskp32|(ndr1_0&~c3_1(a2186)&~c2_1(a2186)&c0_1(a2186)))&(~hskp33|(ndr1_0&~c3_1(a2188)&~c2_1(a2188)&c1_1(a2188)))&(~hskp34|(ndr1_0&~c0_1(a2189)&c1_1(a2189)&c3_1(a2189)))&(~hskp35|(ndr1_0&c2_1(a2193)&~c0_1(a2193)&c3_1(a2193)))&(~hskp36|(ndr1_0&c3_1(a2194)&~c2_1(a2194)&c1_1(a2194)))&(~hskp37|(ndr1_0&c1_1(a2196)&~c0_1(a2196)&c2_1(a2196)))&(~hskp38|(ndr1_0&~c0_1(a2200)&~c2_1(a2200)&c1_1(a2200)))&(~hskp39|(ndr1_0&~c1_1(a2201)&~c0_1(a2201)&c3_1(a2201)))&(~hskp40|(ndr1_0&c2_1(a2204)&~c1_1(a2204)&c3_1(a2204)))&(~hskp41|(ndr1_0&c2_1(a2205)&~c0_1(a2205)&c1_1(a2205)))&(~hskp42|(ndr1_0&c1_1(a2207)&~c3_1(a2207)&c0_1(a2207)))&(~hskp43|(ndr1_0&~c2_1(a2208)&c3_1(a2208)&c0_1(a2208)))&(~hskp44|(ndr1_0&~c0_1(a2215)&c2_1(a2215)&c1_1(a2215)))&(~hskp45|(ndr1_0&c2_1(a2216)&c3_1(a2216)&c0_1(a2216)))&(~hskp46|(ndr1_0&c0_1(a2218)&~c3_1(a2218)&c2_1(a2218)))&(~hskp47|(ndr1_0&c2_1(a2226)&~c1_1(a2226)&c0_1(a2226)))&(~hskp48|(ndr1_0&~c0_1(a2228)&c3_1(a2228)&c2_1(a2228)))&(~hskp49|(ndr1_0&c0_1(a2229)&~c1_1(a2229)&c3_1(a2229)))&(~hskp50|(ndr1_0&~c3_1(a2231)&c2_1(a2231)&c1_1(a2231)))&(~hskp51|(ndr1_0&c0_1(a2232)&c3_1(a2232)&c2_1(a2232)))&(~hskp52|(ndr1_0&c1_1(a2234)&c3_1(a2234)&c2_1(a2234)))&(~hskp53|(ndr1_0&c0_1(a2235)&c2_1(a2235)&c3_1(a2235)))&(~hskp54|(ndr1_0&c1_1(a2240)&c3_1(a2240)&c0_1(a2240)))&(~hskp55|(ndr1_0&c1_1(a2241)&c0_1(a2241)&c2_1(a2241)))&(~hskp56|(ndr1_0&~c1_1(a2242)&~c3_1(a2242)&c2_1(a2242)))&(~hskp57|(ndr1_0&c1_1(a2243)&c0_1(a2243)&c3_1(a2243)))&(~hskp58|(ndr1_0&~c2_1(a2252)&~c1_1(a2252)&c0_1(a2252)))&(hskp26|![U]:(ndr1_0=>(c0_1(U)|c1_1(U)|~c2_1(U)))|![V]:(ndr1_0=>(~c1_1(V)|~c3_1(V)|c0_1(V))))&(![W]:(ndr1_0=>(c3_1(W)|c1_1(W)|c2_1(W)))|hskp27|hskp28)&(![X]:(ndr1_0=>(~c2_1(X)|~c0_1(X)|~c1_1(X)))|hskp0|![Y]:(ndr1_0=>(~c0_1(Y)|~c2_1(Y)|~c1_1(Y))))&(hskp1|![Z]:(ndr1_0=>(~c1_1(Z)|c0_1(Z)|c3_1(Z)))|![X1]:(ndr1_0=>(c3_1(X1)|c1_1(X1)|c0_1(X1))))&(hskp29|hskp30|hskp31)&(hskp32|hskp2|![X2]:(ndr1_0=>(c3_1(X2)|c1_1(X2)|c0_1(X2))))&(hskp33|![X3]:(ndr1_0=>(~c0_1(X3)|c1_1(X3)|~c2_1(X3)))|hskp34)&(![X4]:(ndr1_0=>(~c1_1(X4)|~c0_1(X4)|~c2_1(X4)))|![X5]:(ndr1_0=>(c1_1(X5)|~c3_1(X5)|c2_1(X5)))|![X6]:(ndr1_0=>(~c0_1(X6)|c2_1(X6)|c3_1(X6))))&(![X7]:(ndr1_0=>(~c3_1(X7)|~c2_1(X7)|c1_1(X7)))|![X8]:(ndr1_0=>(c3_1(X8)|c1_1(X8)|~c2_1(X8)))|hskp3)&(![X9]:(ndr1_0=>(c0_1(X9)|~c1_1(X9)|~c2_1(X9)))|![X10]:(ndr1_0=>(c2_1(X10)|~c1_1(X10)|c3_1(X10)))|hskp4)&(hskp5|hskp35|hskp36)&(![X11]:(ndr1_0=>(c1_1(X11)|c0_1(X11)|c2_1(X11)))|![X12]:(ndr1_0=>(~c1_1(X12)|~c2_1(X12)|~c0_1(X12)))|![X13]:(ndr1_0=>(~c1_1(X13)|c3_1(X13)|c2_1(X13))))&(hskp34|hskp37|hskp6)&(![X14]:(ndr1_0=>(c2_1(X14)|c3_1(X14)|~c0_1(X14)))|hskp7|hskp37)&(hskp38|![X15]:(ndr1_0=>(c3_1(X15)|~c1_1(X15)|~c0_1(X15)))|![X16]:(ndr1_0=>(c2_1(X16)|c1_1(X16)|c0_1(X16))))&(![X17]:(ndr1_0=>(~c0_1(X17)|c2_1(X17)|~c1_1(X17)))|hskp39|![X18]:(ndr1_0=>(~c1_1(X18)|~c0_1(X18)|~c2_1(X18))))&(hskp8|hskp9|![X19]:(ndr1_0=>(c2_1(X19)|c1_1(X19)|~c0_1(X19))))&(![X20]:(ndr1_0=>(c3_1(X20)|~c0_1(X20)|c1_1(X20)))|![X21]:(ndr1_0=>(~c0_1(X21)|c3_1(X21)|~c2_1(X21)))|![X22]:(ndr1_0=>(c0_1(X22)|~c2_1(X22)|c1_1(X22))))&(![X23]:(ndr1_0=>(c1_1(X23)|c3_1(X23)|~c0_1(X23)))|![X24]:(ndr1_0=>(~c3_1(X24)|c1_1(X24)|c2_1(X24)))|hskp40)&(![X25]:(ndr1_0=>(~c2_1(X25)|c3_1(X25)|c0_1(X25)))|hskp41|hskp10)&(![X26]:(ndr1_0=>(c2_1(X26)|~c1_1(X26)|c0_1(X26)))|![X27]:(ndr1_0=>(~c0_1(X27)|~c1_1(X27)|c2_1(X27)))|![X28]:(ndr1_0=>(c2_1(X28)|~c3_1(X28)|~c1_1(X28))))&(![X29]:(ndr1_0=>(c1_1(X29)|c3_1(X29)|c0_1(X29)))|hskp42|hskp43)&(hskp11|hskp3|hskp12)&(hskp13|![X30]:(ndr1_0=>(c0_1(X30)|c1_1(X30)|~c3_1(X30)))|![X31]:(ndr1_0=>(~c0_1(X31)|c3_1(X31)|c1_1(X31))))&(![X32]:(ndr1_0=>(c3_1(X32)|~c2_1(X32)|c0_1(X32)))|![X33]:(ndr1_0=>(~c0_1(X33)|~c3_1(X33)|~c2_1(X33)))|![X34]:(ndr1_0=>(~c3_1(X34)|c0_1(X34)|~c1_1(X34))))&(hskp14|![X35]:(ndr1_0=>(~c0_1(X35)|c3_1(X35)|c2_1(X35)))|hskp4)&(![X36]:(ndr1_0=>(c0_1(X36)|c3_1(X36)|~c2_1(X36)))|![X37]:(ndr1_0=>(c1_1(X37)|c0_1(X37)|~c2_1(X37)))|![X38]:(ndr1_0=>(~c2_1(X38)|c1_1(X38)|~c3_1(X38))))&(hskp44|![X39]:(ndr1_0=>(~c3_1(X39)|c2_1(X39)|~c0_1(X39)))|![X40]:(ndr1_0=>(c1_1(X40)|~c3_1(X40)|~c0_1(X40))))&(hskp45|hskp15|![X41]:(ndr1_0=>(~c3_1(X41)|~c2_1(X41)|c1_1(X41))))&(![X42]:(ndr1_0=>(~c0_1(X42)|c1_1(X42)|~c3_1(X42)))|hskp46|hskp34)&(![X43]:(ndr1_0=>(~c3_1(X43)|c2_1(X43)|~c0_1(X43)))|![X44]:(ndr1_0=>(c3_1(X44)|c2_1(X44)|c0_1(X44)))|![X45]:(ndr1_0=>(c1_1(X45)|c2_1(X45)|c3_1(X45))))&(hskp16|hskp17|![X46]:(ndr1_0=>(c0_1(X46)|~c2_1(X46)|c1_1(X46))))&(hskp18|![X47]:(ndr1_0=>(~c1_1(X47)|~c2_1(X47)|c3_1(X47)))|hskp31)&(![X48]:(ndr1_0=>(~c1_1(X48)|~c3_1(X48)|~c2_1(X48)))|hskp33|![X49]:(ndr1_0=>(~c2_1(X49)|~c1_1(X49)|c0_1(X49))))&(![X50]:(ndr1_0=>(c1_1(X50)|~c0_1(X50)|c3_1(X50)))|hskp33|![X51]:(ndr1_0=>(c2_1(X51)|~c1_1(X51)|c0_1(X51))))&(hskp47|![X52]:(ndr1_0=>(~c3_1(X52)|c0_1(X52)|c2_1(X52)))|![X53]:(ndr1_0=>(c1_1(X53)|c2_1(X53)|c3_1(X53))))&(hskp18|![X54]:(ndr1_0=>(~c1_1(X54)|c3_1(X54)|c2_1(X54)))|![X55]:(ndr1_0=>(c3_1(X55)|~c1_1(X55)|c2_1(X55))))&(![X56]:(ndr1_0=>(~c1_1(X56)|~c3_1(X56)|c0_1(X56)))|![X57]:(ndr1_0=>(~c2_1(X57)|c0_1(X57)|~c1_1(X57)))|hskp48)&(![X58]:(ndr1_0=>(c0_1(X58)|c1_1(X58)|~c3_1(X58)))|hskp49|hskp31)&(hskp50|hskp51|![X59]:(ndr1_0=>(~c1_1(X59)|c0_1(X59)|~c2_1(X59))))&(![X60]:(ndr1_0=>(~c3_1(X60)|~c1_1(X60)|c0_1(X60)))|![X61]:(ndr1_0=>(c3_1(X61)|c0_1(X61)|~c2_1(X61)))|![X62]:(ndr1_0=>(~c1_1(X62)|c3_1(X62)|~c0_1(X62))))&(![X63]:(ndr1_0=>(c3_1(X63)|~c2_1(X63)|c0_1(X63)))|hskp19|hskp52)&(![X64]:(ndr1_0=>(~c0_1(X64)|c3_1(X64)|c1_1(X64)))|hskp53|![X65]:(ndr1_0=>(c3_1(X65)|c2_1(X65)|c1_1(X65))))&(![X66]:(ndr1_0=>(~c2_1(X66)|~c0_1(X66)|c3_1(X66)))|hskp10|![X67]:(ndr1_0=>(c2_1(X67)|~c3_1(X67)|c1_1(X67))))&(hskp20|![X68]:(ndr1_0=>(~c1_1(X68)|~c3_1(X68)|~c2_1(X68)))|![X69]:(ndr1_0=>(c3_1(X69)|c1_1(X69)|~c0_1(X69))))&(![X70]:(ndr1_0=>(~c3_1(X70)|c2_1(X70)|~c1_1(X70)))|![X71]:(ndr1_0=>(~c3_1(X71)|c2_1(X71)|~c0_1(X71)))|hskp10)&(hskp21|hskp54|hskp55)&(![X72]:(ndr1_0=>(c1_1(X72)|~c0_1(X72)|c2_1(X72)))|hskp56|![X73]:(ndr1_0=>(c1_1(X73)|~c0_1(X73)|~c2_1(X73))))&(hskp57|![X74]:(ndr1_0=>(~c1_1(X74)|c0_1(X74)|c3_1(X74)))|hskp22)&(hskp23|hskp24|![X75]:(ndr1_0=>(~c0_1(X75)|~c3_1(X75)|c1_1(X75))))&(hskp17|![X76]:(ndr1_0=>(~c2_1(X76)|c3_1(X76)|~c1_1(X76))))&(![X77]:(ndr1_0=>(c2_1(X77)|c0_1(X77)|~c3_1(X77)))|![X78]:(ndr1_0=>(c0_1(X78)|c2_1(X78)|~c1_1(X78)))|![X79]:(ndr1_0=>(~c2_1(X79)|~c0_1(X79)|~c3_1(X79))))&(![X80]:(ndr1_0=>(c1_1(X80)|c2_1(X80)|c3_1(X80)))|![X81]:(ndr1_0=>(c0_1(X81)|c1_1(X81)|c3_1(X81)))|![X82]:(ndr1_0=>(c2_1(X82)|~c0_1(X82)|~c3_1(X82))))&(![X83]:(ndr1_0=>(c0_1(X83)|~c2_1(X83)|c1_1(X83)))|![X84]:(ndr1_0=>(c1_1(X84)|~c3_1(X84)|~c2_1(X84)))|![X85]:(ndr1_0=>(c2_1(X85)|~c0_1(X85)|c1_1(X85))))&(hskp32|![X86]:(ndr1_0=>(~c0_1(X86)|c1_1(X86)|c2_1(X86)))|![X87]:(ndr1_0=>(c2_1(X87)|c1_1(X87)|~c3_1(X87))))&(![X88]:(ndr1_0=>(c0_1(X88)|~c3_1(X88)|~c2_1(X88)))|![X89]:(ndr1_0=>(c3_1(X89)|c0_1(X89)|c2_1(X89)))|hskp25)&(![X90]:(ndr1_0=>(c3_1(X90)|c0_1(X90)|~c2_1(X90)))|hskp56|![X91]:(ndr1_0=>(c3_1(X91)|~c2_1(X91)|~c0_1(X91))))&(![X92]:(ndr1_0=>(c3_1(X92)|c2_1(X92)|~c0_1(X92)))|![X93]:(ndr1_0=>(~c2_1(X93)|c0_1(X93)|c1_1(X93)))|![X94]:(ndr1_0=>(c3_1(X94)|~c0_1(X94)|~c2_1(X94))))&(![X95]:(ndr1_0=>(c2_1(X95)|~c3_1(X95)|~c0_1(X95)))|![X96]:(ndr1_0=>(~c3_1(X96)|~c2_1(X96)|c0_1(X96)))|hskp40)&(hskp58|![X97]:(ndr1_0=>(~c3_1(X97)|c2_1(X97)|c1_1(X97)))|![X98]:(ndr1_0=>(~c3_1(X98)|c1_1(X98)|c2_1(X98))))))			
../../TPTP-v7.3.0/Problems/SYN/SYN411+1.p		Theorem	UNKNOWN		UNKNOWN		fof		(![X,Y,Z]:f(X,Y,Z)<=>~(?[U,V,W]:~f(U,V,W)))			
../../TPTP-v7.3.0/Problems/SYN/SYN779-1.p		Satisfiable	UNKNOWN		UNKNOWN		cnf					
../../TPTP-v7.3.0/Problems/SYN/SYN077+1.p		Theorem	UNKNOWN		UNKNOWN		fof		(~(?[W]:![X]:(big_f(X,W)<=>![U]:(big_f(X,U)=>?[Y]:(big_f(Y,U)&~(?[Z]:(big_f(Z,U)&big_f(Z,Y))))))))	error in process(![Y]:?[Z]:![X]:(big_f(X,Z)<=>X=Y))		
../../TPTP-v7.3.0/Problems/SYN/SYN544-1.p		Satisfiable	UNKNOWN		UNKNOWN		cnf					
../../TPTP-v7.3.0/Problems/SYN/SYN426-1.p		Satisfiable	UNKNOWN		UNKNOWN		cnf					
../../TPTP-v7.3.0/Problems/SYN/SYN075-1.p		Unsatisfiable	UNKNOWN		UNKNOWN		cnf			found nothing to prove		
../../TPTP-v7.3.0/Problems/SYN/SYN760-1.p		Satisfiable	UNKNOWN		UNKNOWN		cnf					
../../TPTP-v7.3.0/Problems/SYN/SYN710-1.p		Unsatisfiable	UNKNOWN		UNKNOWN		cnf					
../../TPTP-v7.3.0/Problems/SYN/SYN423+1.p		CounterSatisfiable	UNKNOWN		UNKNOWN		fof		(~(c6_0&~c8_0&(c1_0|c5_0|![U]:(ndr1_0=>(~c2_1(U)|(ndr1_1(U)&c1_2(U,a431)&c6_2(U,a431)&~c10_2(U,a431))|(ndr1_1(U)&c10_2(U,a432)&c4_2(U,a432)&c5_2(U,a432)))))&(c1_0|~c2_0|![V]:(ndr1_0=>(~c6_1(V)|~c7_1(V)|(ndr1_1(V)&c5_2(V,a433)&~c4_2(V,a433)&~c6_2(V,a433)))))&(c1_0|~c3_0|![W]:(ndr1_0=>(c1_1(W)|![X]:(ndr1_1(W)=>(c3_2(W,X)|c4_2(W,X)|~c5_2(W,X))))))&(c1_0|~c9_0)&(c1_0|(ndr1_0&c6_1(a434)&![Y]:(ndr1_1(a434)=>(c10_2(a434,Y)|~c5_2(a434,Y)|~c9_2(a434,Y)))&ndr1_1(a434)&~c1_2(a434,a435)&~c5_2(a434,a435)&~c8_2(a434,a435))|(ndr1_0&c7_1(a436)&~c3_1(a436)&~c9_1(a436)))&(c10_0|c3_0|(ndr1_0&~c1_1(a437)&![Z]:(ndr1_1(a437)=>(c10_2(a437,Z)|c5_2(a437,Z)|~c8_2(a437,Z)))&ndr1_1(a437)&c9_2(a437,a438)&~c4_2(a437,a438)&~c8_2(a437,a438)))&(c10_0|c4_0|![X1]:(ndr1_0=>(c9_1(X1)|~c2_1(X1)|(ndr1_1(X1)&~c4_2(X1,a439)&~c5_2(X1,a439)&~c6_2(X1,a439)))))&(c10_0|c5_0|~c9_0)&(c10_0|c7_0)&(c10_0|c7_0|(ndr1_0&~c3_1(a440)&![X2]:(ndr1_1(a440)=>(~c2_2(a440,X2)|~c4_2(a440,X2)|~c9_2(a440,X2)))&ndr1_1(a440)&c10_2(a440,a441)&~c4_2(a440,a441)&~c5_2(a440,a441)))&(c10_0|~c2_0|![X3]:(ndr1_0=>(~c5_1(X3)|(ndr1_1(X3)&c10_2(X3,a442)&c5_2(X3,a442)&~c7_2(X3,a442)))))&(c10_0|~c7_0|(ndr1_0&c4_1(a443)&ndr1_1(a443)&c1_2(a443,a444)&~c4_2(a443,a444)&ndr1_1(a443)&c5_2(a443,a445)&~c10_2(a443,a445)&~c8_2(a443,a445)))&(c10_0|![X4]:(ndr1_0=>(c1_1(X4)|~c9_1(X4)|![X5]:(ndr1_1(X4)=>(c2_2(X4,X5)|c4_2(X4,X5)|c9_2(X4,X5))))))&(c10_0|![X6]:(ndr1_0=>(c10_1(X6)|(ndr1_1(X6)&c1_2(X6,a446)&~c6_2(X6,a446)&~c9_2(X6,a446))|(ndr1_1(X6)&~c10_2(X6,a447)&~c2_2(X6,a447)&~c3_2(X6,a447))))|(ndr1_0&~c9_1(a448)&![X7]:(ndr1_1(a448)=>(c1_2(a448,X7)|c5_2(a448,X7)|~c8_2(a448,X7)))&![X8]:(ndr1_1(a448)=>(c1_2(a448,X8)|~c4_2(a448,X8)|~c6_2(a448,X8)))))&(c10_0|![X9]:(ndr1_0=>(c2_1(X9)|c9_1(X9)|~c3_1(X9))))&(c10_0|(ndr1_0&c3_1(a449)&![X10]:(ndr1_1(a449)=>(c3_2(a449,X10)|c6_2(a449,X10)))&ndr1_1(a449)&c4_2(a449,a450)&c7_2(a449,a450)&~c9_2(a449,a450))|(ndr1_0&~c6_1(a451)&ndr1_1(a451)&c5_2(a451,a452)&~c6_2(a451,a452)&~c9_2(a451,a452)))&(c10_0|(ndr1_0&c8_1(a453)&![X11]:(ndr1_1(a453)=>(~c10_2(a453,X11)|~c4_2(a453,X11)|~c5_2(a453,X11)))&ndr1_1(a453)&c7_2(a453,a454)&~c2_2(a453,a454)&~c5_2(a453,a454)))&(c10_0|(ndr1_0&![X12]:(ndr1_1(a455)=>(c3_2(a455,X12)|c8_2(a455,X12)|~c1_2(a455,X12)))&![X13]:(ndr1_1(a455)=>(c3_2(a455,X13)|c9_2(a455,X13)|~c1_2(a455,X13)))&ndr1_1(a455)&c8_2(a455,a456)&~c2_2(a455,a456)&~c4_2(a455,a456)))&(c10_0|(ndr1_0&ndr1_1(a457)&c1_2(a457,a458)&~c8_2(a457,a458)&ndr1_1(a457)&c10_2(a457,a459)&~c2_2(a457,a459)&~c4_2(a457,a459)))&(c2_0|c7_0|(ndr1_0&c1_1(a460)&c2_1(a460)&~c5_1(a460)))&(c2_0|~c1_0|![X14]:(ndr1_0=>![X15]:(ndr1_1(X14)=>(~c10_2(X14,X15)|~c4_2(X14,X15)|~c9_2(X14,X15)))))&(c2_0|~c4_0|~c7_0)&(c2_0|~c5_0|![X16]:(ndr1_0=>(c3_1(X16)|~c6_1(X16))))&(c2_0|~c7_0|(ndr1_0&~c3_1(a461)&~c4_1(a461)&ndr1_1(a461)&~c1_2(a461,a462)&~c3_2(a461,a462)&~c8_2(a461,a462)))&(c3_0|c7_0|![X17]:(ndr1_0=>(c4_1(X17)|![X18]:(ndr1_1(X17)=>(c9_2(X17,X18)|~c1_2(X17,X18)|~c3_2(X17,X18)))|(ndr1_1(X17)&c7_2(X17,a463)&~c2_2(X17,a463)&~c5_2(X17,a463)))))&(c3_0|~c1_0|![X19]:(ndr1_0=>(c4_1(X19)|~c8_1(X19)|![X20]:(ndr1_1(X19)=>(c1_2(X19,X20)|c6_2(X19,X20)|~c3_2(X19,X20))))))&(c3_0|~c1_0|![X21]:(ndr1_0=>(~c7_1(X21)|![X22]:(ndr1_1(X21)=>(c5_2(X21,X22)|~c1_2(X21,X22)|~c9_2(X21,X22))))))&(c3_0|~c10_0|![X23]:(ndr1_0=>(c6_1(X23)|![X24]:(ndr1_1(X23)=>(c8_2(X23,X24)|~c3_2(X23,X24)|~c6_2(X23,X24)))|(ndr1_1(X23)&c3_2(X23,a464)&c7_2(X23,a464)&~c6_2(X23,a464)))))&(c3_0|~c4_0|~c7_0)&(c3_0|(ndr1_0&~c10_1(a465)&![X25]:(ndr1_1(a465)=>(c8_2(a465,X25)|~c3_2(a465,X25)|~c4_2(a465,X25)))&ndr1_1(a465)&c2_2(a465,a466)&c6_2(a465,a466)&~c1_2(a465,a466)))&(c3_0|![X26]:(ndr1_0=>(~c7_1(X26)|~c8_1(X26)|![X27]:(ndr1_1(X26)=>(c5_2(X26,X27)|~c3_2(X26,X27)))))|(ndr1_0&c1_1(a467)&c5_1(a467)&~c6_1(a467)))&(c4_0|c5_0|(ndr1_0&~c6_1(a468)&![X28]:(ndr1_1(a468)=>(c1_2(a468,X28)|c9_2(a468,X28)|~c4_2(a468,X28)))&ndr1_1(a468)&c6_2(a468,a469)&c9_2(a468,a469)&~c7_2(a468,a469)))&(c4_0|(ndr1_0&c8_1(a470)&![X29]:(ndr1_1(a470)=>(c3_2(a470,X29)|c7_2(a470,X29)|~c4_2(a470,X29)))&ndr1_1(a470)&c7_2(a470,a471)&c8_2(a470,a471)))&(c4_0|~c9_0|![X30]:(ndr1_0=>(c9_1(X30)|~c10_1(X30)|![X31]:(ndr1_1(X30)=>(~c10_2(X30,X31)|~c7_2(X30,X31)|~c8_2(X30,X31))))))&(c4_0|![X32]:(ndr1_0=>(c6_1(X32)|![X33]:(ndr1_1(X32)=>(c4_2(X32,X33)|c5_2(X32,X33)|c9_2(X32,X33)))|![X34]:(ndr1_1(X32)=>(c6_2(X32,X34)|c8_2(X32,X34)|~c4_2(X32,X34))))))&(c4_0|![X35]:(ndr1_0=>(~c5_1(X35)|(ndr1_1(X35)&c2_2(X35,a472)&c9_2(X35,a472)&~c3_2(X35,a472))|(ndr1_1(X35)&c5_2(X35,a473)&c8_2(X35,a473)&c9_2(X35,a473))))|(ndr1_0&c10_1(a474)&~c8_1(a474)&![X36]:(ndr1_1(a474)=>(c10_2(a474,X36)|c4_2(a474,X36)|~c3_2(a474,X36)))))&(c5_0|![X37]:(ndr1_0=>(~c2_1(X37)|(ndr1_1(X37)&c1_2(X37,a475)&~c7_2(X37,a475))|(ndr1_1(X37)&c2_2(X37,a476)&~c10_2(X37,a476)&~c4_2(X37,a476)))))&(c5_0|~c1_0|(ndr1_0&c9_1(a477)&~c10_1(a477)&~c3_1(a477)))&(c5_0|~c3_0|![X38]:(ndr1_0=>(c10_1(X38)|c2_1(X38)|(ndr1_1(X38)&c6_2(X38,a478)&~c4_2(X38,a478)&~c7_2(X38,a478)))))&(c5_0|(ndr1_0&ndr1_1(a479)&c10_2(a479,a480)&c9_2(a479,a480)&ndr1_1(a479)&c5_2(a479,a481)&c8_2(a479,a481)&~c4_2(a479,a481)))&(c5_0|~c7_0|(ndr1_0&c2_1(a482)&~c5_1(a482)))&(c5_0|~c7_0|(ndr1_0&c6_1(a483)&~c3_1(a483)))&(c5_0|![X39]:(ndr1_0=>(c2_1(X39)|(ndr1_1(X39)&c4_2(X39,a484)&c5_2(X39,a484)&c9_2(X39,a484))))|(ndr1_0&c1_1(a485)&ndr1_1(a485)&c5_2(a485,a486)&c7_2(a485,a486)&~c6_2(a485,a486)&ndr1_1(a485)&~c2_2(a485,a487)&~c3_2(a485,a487)&~c8_2(a485,a487)))&(c5_0|![X40]:(ndr1_0=>(~c3_1(X40)|~c7_1(X40)|(ndr1_1(X40)&c1_2(X40,a488)&c4_2(X40,a488)&c5_2(X40,a488))))|(ndr1_0&c3_1(a489)&~c8_1(a489)&![X41]:(ndr1_1(a489)=>(c3_2(a489,X41)|c8_2(a489,X41)|~c1_2(a489,X41)))))&(c5_0|(ndr1_0&c6_1(a490)&c8_1(a490)&~c9_1(a490))|(ndr1_0&c8_1(a491)&~c4_1(a491)&ndr1_1(a491)&c3_2(a491,a492)&~c1_2(a491,a492)&~c4_2(a491,a492)))&(c7_0|~c1_0)&(c7_0|~c5_0|(ndr1_0&c2_1(a493)&![X42]:(ndr1_1(a493)=>(c10_2(a493,X42)|c3_2(a493,X42)|~c5_2(a493,X42)))))&(c7_0|![X43]:(ndr1_0=>(~c1_1(X43)|~c10_1(X43)))|![X44]:(ndr1_0=>(![X45]:(ndr1_1(X44)=>(c6_2(X44,X45)|c7_2(X44,X45)|~c3_2(X44,X45)))|(ndr1_1(X44)&c2_2(X44,a494)&c5_2(X44,a494)&c8_2(X44,a494))|(ndr1_1(X44)&~c1_2(X44,a495)&~c3_2(X44,a495)&~c4_2(X44,a495)))))&(c7_0|![X46]:(ndr1_0=>(~c4_1(X46)|(ndr1_1(X46)&c4_2(X46,a496)&c9_2(X46,a496)&~c7_2(X46,a496))|(ndr1_1(X46)&c5_2(X46,a497)&~c2_2(X46,a497)&~c7_2(X46,a497))))|(ndr1_0&~c2_1(a498)&~c6_1(a498)))&(c7_0|(ndr1_0&c1_1(a499)&~c2_1(a499))|(ndr1_0&c10_1(a500)&c4_1(a500)))&(c7_0|(ndr1_0&![X47]:(ndr1_1(a501)=>(c3_2(a501,X47)|~c1_2(a501,X47)|~c6_2(a501,X47)))&![X48]:(ndr1_1(a501)=>(c6_2(a501,X48)|c9_2(a501,X48)|~c7_2(a501,X48)))&ndr1_1(a501)&c3_2(a501,a502)&c9_2(a501,a502)&~c2_2(a501,a502)))&(~c10_0|~c7_0)&(~c10_0|(ndr1_0&~c6_1(a503)&![X49]:(ndr1_1(a503)=>(c4_2(a503,X49)|c9_2(a503,X49)|~c7_2(a503,X49)))&![X50]:(ndr1_1(a503)=>(c8_2(a503,X50)|c9_2(a503,X50)|~c1_2(a503,X50)))))&(~c4_0|~c5_0)&![X51]:(ndr1_0=>(c2_1(X51)|~c3_1(X51)|(ndr1_1(X51)&c2_2(X51,a504)&c3_2(X51,a504))))&(![X52]:(ndr1_0=>(c1_1(X52)|![X53]:(ndr1_1(X52)=>(c2_2(X52,X53)|~c10_2(X52,X53)|~c9_2(X52,X53)))|(ndr1_1(X52)&c6_2(X52,a505)&~c3_2(X52,a505))))|![X54]:(ndr1_0=>(![X55]:(ndr1_1(X54)=>(c1_2(X54,X55)|c3_2(X54,X55)|~c7_2(X54,X55)))|![X56]:(ndr1_1(X54)=>(c2_2(X54,X56)|c3_2(X54,X56)|~c6_2(X54,X56)))|(ndr1_1(X54)&c6_2(X54,a506)&~c1_2(X54,a506)&~c8_2(X54,a506)))))&(![X57]:(ndr1_0=>(c9_1(X57)|~c4_1(X57)|(ndr1_1(X57)&c1_2(X57,a507)&~c2_2(X57,a507)&~c5_2(X57,a507))))|(ndr1_0&![X58]:(ndr1_1(a508)=>(c8_2(a508,X58)|~c6_2(a508,X58)))&ndr1_1(a508)&~c2_2(a508,a509)&~c5_2(a508,a509)&~c9_2(a508,a509)))&(![X59]:(ndr1_0=>(~c2_1(X59)|~c8_1(X59)|![X60]:(ndr1_1(X59)=>(c3_2(X59,X60)|c4_2(X59,X60)|~c2_2(X59,X60)))))|(ndr1_0&c6_1(a510)&c7_1(a510)&~c8_1(a510)))&![X61]:(ndr1_0=>(~c2_1(X61)|![X62]:(ndr1_1(X61)=>(c8_2(X61,X62)|~c2_2(X61,X62)|~c9_2(X61,X62)))|(ndr1_1(X61)&c1_2(X61,a511)&c4_2(X61,a511)&~c8_2(X61,a511))))&(![X63]:(ndr1_0=>(~c2_1(X63)|![X64]:(ndr1_1(X63)=>(~c4_2(X63,X64)|~c7_2(X63,X64)|~c9_2(X63,X64)))|(ndr1_1(X63)&c1_2(X63,a512)&~c3_2(X63,a512)&~c4_2(X63,a512))))|(ndr1_0&c10_1(a513)&c3_1(a513)&![X65]:(ndr1_1(a513)=>(c8_2(a513,X65)|~c2_2(a513,X65)|~c5_2(a513,X65)))))&![X66]:(ndr1_0=>(~c3_1(X66)|~c9_1(X66)))&(![X67]:(ndr1_0=>(~c8_1(X67)|![X68]:(ndr1_1(X67)=>(c10_2(X67,X68)|c2_2(X67,X68)|c7_2(X67,X68)))|![X69]:(ndr1_1(X67)=>(c3_2(X67,X69)|c8_2(X67,X69)|c9_2(X67,X69)))))|(ndr1_0&c10_1(a514)&~c8_1(a514)))&((ndr1_0&c1_1(a515)&c8_1(a515)&~c7_1(a515))|(ndr1_0&c2_1(a516)&c7_1(a516)&~c4_1(a516)))&(c9_0|~c1_0|(ndr1_0&c3_1(a517)&![X70]:(ndr1_1(a517)=>(c1_2(a517,X70)|c5_2(a517,X70)|~c6_2(a517,X70)))))&(c9_0|~c10_0|![X71]:(ndr1_0=>(~c1_1(X71)|~c9_1(X71)|(ndr1_1(X71)&c1_2(X71,a518)&c4_2(X71,a518)&~c8_2(X71,a518)))))&(c9_0|~c5_0|![X72]:(ndr1_0=>(c9_1(X72)|~c1_1(X72)|(ndr1_1(X72)&c2_2(X72,a519)&~c1_2(X72,a519)&~c3_2(X72,a519)))))&(c9_0|![X73]:(ndr1_0=>(~c1_1(X73)|![X74]:(ndr1_1(X73)=>(c1_2(X73,X74)|c4_2(X73,X74)|~c3_2(X73,X74)))|(ndr1_1(X73)&c8_2(X73,a520)&~c2_2(X73,a520))))|(ndr1_0&![X75]:(ndr1_1(a521)=>(c1_2(a521,X75)|c3_2(a521,X75)|~c4_2(a521,X75)))&![X76]:(ndr1_1(a521)=>(c1_2(a521,X76)|c8_2(a521,X76)|~c4_2(a521,X76)))&ndr1_1(a521)&c3_2(a521,a522)&c8_2(a521,a522)&c9_2(a521,a522)))&(c9_0|![X77]:(ndr1_0=>(~c10_1(X77)|(ndr1_1(X77)&c9_2(X77,a523)&~c10_2(X77,a523)&~c2_2(X77,a523))))|(ndr1_0&c3_1(a524)&ndr1_1(a524)&c3_2(a524,a525)&c7_2(a524,a525)&~c4_2(a524,a525)))&(~c1_0|~c4_0|(ndr1_0&![X78]:(ndr1_1(a526)=>(c8_2(a526,X78)|~c7_2(a526,X78)|~c9_2(a526,X78)))&![X79]:(ndr1_1(a526)=>(c9_2(a526,X79)|~c2_2(a526,X79)|~c4_2(a526,X79)))&ndr1_1(a526)&c9_2(a526,a527)&~c1_2(a526,a527)))&(~c1_0|(ndr1_0&c10_1(a528)&c5_1(a528)&ndr1_1(a528)&c4_2(a528,a529)&c7_2(a528,a529)&c9_2(a528,a529)))&(~c1_0|![X80]:(ndr1_0=>(~c1_1(X80)|~c10_1(X80)|(ndr1_1(X80)&c8_2(X80,a530)&~c10_2(X80,a530))))|(ndr1_0&c8_1(a531)&~c5_1(a531)&ndr1_1(a531)&c10_2(a531,a532)&~c8_2(a531,a532)&~c9_2(a531,a532)))&(~c10_0|~c4_0|![X81]:(ndr1_0=>(c7_1(X81)|(ndr1_1(X81)&c10_2(X81,a533)&c5_2(X81,a533)&c8_2(X81,a533)))))&(~c10_0|~c5_0|![X82]:(ndr1_0=>(![X83]:(ndr1_1(X82)=>(c5_2(X82,X83)|~c3_2(X82,X83)))|(ndr1_1(X82)&c8_2(X82,a534)&~c4_2(X82,a534)&~c5_2(X82,a534))|(ndr1_1(X82)&~c4_2(X82,a535)&~c8_2(X82,a535)&~c9_2(X82,a535)))))&(~c10_0|~c5_0|(ndr1_0&c10_1(a536)&~c6_1(a536)&ndr1_1(a536)&c1_2(a536,a537)&c2_2(a536,a537)&~c7_2(a536,a537)))&(~c10_0|![X84]:(ndr1_0=>(c10_1(X84)|~c2_1(X84)|~c8_1(X84)))|![X85]:(ndr1_0=>(c9_1(X85)|~c3_1(X85)|![X86]:(ndr1_1(X85)=>(c10_2(X85,X86)|~c1_2(X85,X86)|~c7_2(X85,X86))))))&(~c10_0|![X87]:(ndr1_0=>(c3_1(X87)|~c8_1(X87)|(ndr1_1(X87)&c2_2(X87,a538)&c5_2(X87,a538)&~c1_2(X87,a538))))|(ndr1_0&c3_1(a539)&~c9_1(a539)))&(~c10_0|(ndr1_0&~c2_1(a540)&~c8_1(a540)&![X88]:(ndr1_1(a540)=>(c5_2(a540,X88)|c8_2(a540,X88)|~c6_2(a540,X88))))|(ndr1_0&~c5_1(a541)&~c8_1(a541)&![X89]:(ndr1_1(a541)=>(c1_2(a541,X89)|c3_2(a541,X89)|c9_2(a541,X89)))))&(~c2_0|~c7_0|![X90]:(ndr1_0=>(c3_1(X90)|![X91]:(ndr1_1(X90)=>(c10_2(X90,X91)|~c1_2(X90,X91)|~c2_2(X90,X91))))))&(~c2_0|![X92]:(ndr1_0=>(c3_1(X92)|c5_1(X92)|c7_1(X92)))|(ndr1_0&~c10_1(a542)&![X93]:(ndr1_1(a542)=>(c3_2(a542,X93)|~c6_2(a542,X93)))))&(~c2_0|(ndr1_0&c1_1(a543)&![X94]:(ndr1_1(a543)=>(c10_2(a543,X94)|c3_2(a543,X94)|~c9_2(a543,X94)))&![X95]:(ndr1_1(a543)=>(c8_2(a543,X95)|c9_2(a543,X95)|~c5_2(a543,X95))))|(ndr1_0&c2_1(a544)&c6_1(a544)&~c1_1(a544)))&(~c3_0|![X96]:(ndr1_0=>(c1_1(X96)|~c9_1(X96)))|![X97]:(ndr1_0=>(c10_1(X97)|c3_1(X97)|![X98]:(ndr1_1(X97)=>(c6_2(X97,X98)|~c4_2(X97,X98)|~c9_2(X97,X98))))))&(~c3_0|![X99]:(ndr1_0=>(![X100]:(ndr1_1(X99)=>(~c10_2(X99,X100)|~c2_2(X99,X100)|~c8_2(X99,X100)))|(ndr1_1(X99)&c4_2(X99,a545)&c6_2(X99,a545)&~c8_2(X99,a545))))|(ndr1_0&c3_1(a546)&![X101]:(ndr1_1(a546)=>(c1_2(a546,X101)|c3_2(a546,X101)|c7_2(a546,X101)))&![X102]:(ndr1_1(a546)=>(~c2_2(a546,X102)|~c3_2(a546,X102)))))&(~c3_0|(ndr1_0&~c1_1(a547)&~c8_1(a547))|(ndr1_0&![X103]:(ndr1_1(a548)=>(c4_2(a548,X103)|c5_2(a548,X103)|c6_2(a548,X103)))&![X104]:(ndr1_1(a548)=>(c4_2(a548,X104)|c8_2(a548,X104)|~c7_2(a548,X104)))&ndr1_1(a548)&c6_2(a548,a549)&c9_2(a548,a549)&~c5_2(a548,a549)))&(~c4_0|~c9_0)&(~c4_0|~c9_0|![X105]:(ndr1_0=>(c4_1(X105)|c8_1(X105))))&(~c4_0|![X106]:(ndr1_0=>(c3_1(X106)|![X107]:(ndr1_1(X106)=>(c5_2(X106,X107)|~c10_2(X106,X107)|~c9_2(X106,X107)))|(ndr1_1(X106)&~c10_2(X106,a550)&~c5_2(X106,a550)&~c7_2(X106,a550)))))&(~c4_0|![X108]:(ndr1_0=>(~c10_1(X108)|~c3_1(X108)|![X109]:(ndr1_1(X108)=>(c1_2(X108,X109)|c5_2(X108,X109)))))|![X110]:(ndr1_0=>(~c8_1(X110)|![X111]:(ndr1_1(X110)=>(c9_2(X110,X111)|~c6_2(X110,X111)))|![X112]:(ndr1_1(X110)=>(~c1_2(X110,X112)|~c2_2(X110,X112)|~c8_2(X110,X112))))))&(~c5_0|![X113]:(ndr1_0=>(![X114]:(ndr1_1(X113)=>(c5_2(X113,X114)|c9_2(X113,X114)|~c2_2(X113,X114)))|(ndr1_1(X113)&c1_2(X113,a551)&c2_2(X113,a551)&~c7_2(X113,a551))|(ndr1_1(X113)&c3_2(X113,a552)&~c10_2(X113,a552)&~c4_2(X113,a552)))))&(~c5_0|~c9_0|![X115]:(ndr1_0=>(c6_1(X115)|c7_1(X115)|~c9_1(X115))))&(~c5_0|~c9_0|(ndr1_0&c3_1(a553)&c5_1(a553)&ndr1_1(a553)&c1_2(a553,a554)&c2_2(a553,a554)&~c3_2(a553,a554)))&(~c5_0|![X116]:(ndr1_0=>(c1_1(X116)|~c7_1(X116)|(ndr1_1(X116)&c1_2(X116,a555)&~c2_2(X116,a555)&~c6_2(X116,a555))))|(ndr1_0&![X117]:(ndr1_1(a556)=>(c1_2(a556,X117)|c5_2(a556,X117)|~c6_2(a556,X117)))&![X118]:(ndr1_1(a556)=>(c10_2(a556,X118)|~c6_2(a556,X118)|~c8_2(a556,X118)))))&(~c5_0|![X119]:(ndr1_0=>(c2_1(X119)|~c8_1(X119)|(ndr1_1(X119)&c10_2(X119,a557)&c5_2(X119,a557)&~c4_2(X119,a557))))|(ndr1_0&c4_1(a558)&~c9_1(a558)&![X120]:(ndr1_1(a558)=>(c4_2(a558,X120)|c9_2(a558,X120)|~c3_2(a558,X120)))))&(~c5_0|![X121]:(ndr1_0=>(c7_1(X121)|![X122]:(ndr1_1(X121)=>(c10_2(X121,X122)|~c5_2(X121,X122)))|(ndr1_1(X121)&c6_2(X121,a559)&c8_2(X121,a559)&~c2_2(X121,a559))))|![X123]:(ndr1_0=>(~c5_1(X123)|(ndr1_1(X123)&c2_2(X123,a560)&c5_2(X123,a560)&c6_2(X123,a560))|(ndr1_1(X123)&~c1_2(X123,a561)&~c8_2(X123,a561)&~c9_2(X123,a561)))))&(~c5_0|![X124]:(ndr1_0=>(c8_1(X124)|~c3_1(X124)|![X125]:(ndr1_1(X124)=>(c4_2(X124,X125)|c6_2(X124,X125)|c8_2(X124,X125)))))|(ndr1_0&c7_1(a562)&~c10_1(a562)&![X126]:(ndr1_1(a562)=>(c2_2(a562,X126)|~c10_2(a562,X126)|~c8_2(a562,X126)))))&(~c5_0|![X127]:(ndr1_0=>(~c5_1(X127)|![X128]:(ndr1_1(X127)=>(c10_2(X127,X128)|~c5_2(X127,X128)|~c6_2(X127,X128)))|![X129]:(ndr1_1(X127)=>(c5_2(X127,X129)|~c4_2(X127,X129)))))|(ndr1_0&c4_1(a563)&~c8_1(a563)&![X130]:(ndr1_1(a563)=>(c6_2(a563,X130)|~c10_2(a563,X130)|~c2_2(a563,X130)))))&(~c5_0|(ndr1_0&c10_1(a564)&~c1_1(a564)&ndr1_1(a564)&c10_2(a564,a565)&c4_2(a564,a565)))&(~c5_0|(ndr1_0&c4_1(a566)&![X131]:(ndr1_1(a566)=>(~c10_2(a566,X131)|~c6_2(a566,X131)|~c8_2(a566,X131)))&ndr1_1(a566)&c8_2(a566,a567)&~c7_2(a566,a567))|(ndr1_0&~c7_1(a568)&ndr1_1(a568)&c10_2(a568,a569)&c3_2(a568,a569)&c9_2(a568,a569)&ndr1_1(a568)&c5_2(a568,a570)&c8_2(a568,a570)&~c7_2(a568,a570)))&((ndr1_0&c1_1(a571)&c6_1(a571)&c7_1(a571))|(ndr1_0&~c1_1(a572)&![X132]:(ndr1_1(a572)=>(c9_2(a572,X132)|~c2_2(a572,X132)|~c7_2(a572,X132)))&ndr1_1(a572)&c8_2(a572,a573)&~c1_2(a572,a573)&~c10_2(a572,a573)))&(~c7_0|(ndr1_0&c1_1(a574)&~c10_1(a574)&~c3_1(a574)))&(~c9_0|(ndr1_0&![X133]:(ndr1_1(a575)=>(c1_2(a575,X133)|c10_2(a575,X133)|c7_2(a575,X133)))&![X134]:(ndr1_1(a575)=>(c1_2(a575,X134)|~c6_2(a575,X134)|~c9_2(a575,X134)))&![X135]:(ndr1_1(a575)=>(~c5_2(a575,X135)|~c7_2(a575,X135)))))&(![X136]:(ndr1_0=>(c1_1(X136)|c2_1(X136)|~c7_1(X136)))|![X137]:(ndr1_0=>(c8_1(X137)|~c1_1(X137)|(ndr1_1(X137)&c5_2(X137,a576)&~c6_2(X137,a576)&~c7_2(X137,a576))))|![X138]:(ndr1_0=>(![X139]:(ndr1_1(X138)=>(c9_2(X138,X139)|~c1_2(X138,X139)|~c3_2(X138,X139)))|![X140]:(ndr1_1(X138)=>(~c4_2(X138,X140)|~c8_2(X138,X140)|~c9_2(X138,X140)))|(ndr1_1(X138)&c3_2(X138,a577)&c9_2(X138,a577)&~c8_2(X138,a577)))))&(![X141]:(ndr1_0=>(c1_1(X141)|c6_1(X141)|(ndr1_1(X141)&c4_2(X141,a578)&c5_2(X141,a578)&c9_2(X141,a578))))|![X142]:(ndr1_0=>(~c3_1(X142)|![X143]:(ndr1_1(X142)=>~c10_2(X142,X143))|![X144]:(ndr1_1(X142)=>(~c1_2(X142,X144)|~c10_2(X142,X144)|~c5_2(X142,X144)))))|![X145]:(ndr1_0=>(~c4_1(X145)|![X146]:(ndr1_1(X145)=>(c8_2(X145,X146)|~c10_2(X145,X146)|~c4_2(X145,X146)))|![X147]:(ndr1_1(X145)=>(~c5_2(X145,X147)|~c6_2(X145,X147)|~c8_2(X145,X147))))))&(![X148]:(ndr1_0=>(c10_1(X148)|~c3_1(X148)|~c5_1(X148)))|(ndr1_0&c7_1(a579)&~c1_1(a579)&ndr1_1(a579)&~c1_2(a579,a580)&~c3_2(a579,a580)&~c9_2(a579,a580))|(ndr1_0&~c2_1(a581)&![X149]:(ndr1_1(a581)=>(c1_2(a581,X149)|~c4_2(a581,X149)|~c8_2(a581,X149)))&ndr1_1(a581)&c4_2(a581,a582)&~c10_2(a581,a582)))&(![X150]:(ndr1_0=>(c10_1(X150)|![X151]:(ndr1_1(X150)=>(c10_2(X150,X151)|c2_2(X150,X151)|c8_2(X150,X151)))))|![X152]:(ndr1_0=>(~c3_1(X152)|![X153]:(ndr1_1(X152)=>(c5_2(X152,X153)|c6_2(X152,X153)|~c7_2(X152,X153)))|(ndr1_1(X152)&c10_2(X152,a583)&c4_2(X152,a583)&~c6_2(X152,a583))))|(ndr1_0&~c8_1(a584)&![X154]:(ndr1_1(a584)=>(c2_2(a584,X154)|c9_2(a584,X154)|~c7_2(a584,X154)))&ndr1_1(a584)&c7_2(a584,a585)&~c2_2(a584,a585)&~c4_2(a584,a585)))&(![X155]:(ndr1_0=>(c3_1(X155)|~c1_1(X155)|~c2_1(X155)))|(ndr1_0&c1_1(a586)&~c7_1(a586)&ndr1_1(a586)&c9_2(a586,a587)&~c3_2(a586,a587)&~c8_2(a586,a587))|(ndr1_0&~c1_1(a588)&~c3_1(a588)&ndr1_1(a588)&c6_2(a588,a589)&~c1_2(a588,a589)&~c3_2(a588,a589)))&(![X156]:(ndr1_0=>(c3_1(X156)|![X157]:(ndr1_1(X156)=>(c3_2(X156,X157)|~c5_2(X156,X157)|~c9_2(X156,X157)))|(ndr1_1(X156)&~c10_2(X156,a590)&~c9_2(X156,a590))))|(ndr1_0&c6_1(a591)&c9_1(a591)&ndr1_1(a591)&c4_2(a591,a592)&~c1_2(a591,a592)&~c7_2(a591,a592)))&(![X158]:(ndr1_0=>(c4_1(X158)|(ndr1_1(X158)&c5_2(X158,a593)&~c6_2(X158,a593)&~c7_2(X158,a593))|(ndr1_1(X158)&c9_2(X158,a594)&~c10_2(X158,a594))))|![X159]:(ndr1_0=>(~c5_1(X159)|~c8_1(X159)|![X160]:(ndr1_1(X159)=>(c1_2(X159,X160)|~c8_2(X159,X160)))))|(ndr1_0&~c3_1(a595)&~c9_1(a595)&![X161]:(ndr1_1(a595)=>(c1_2(a595,X161)|c9_2(a595,X161)))))&(![X162]:(ndr1_0=>(c5_1(X162)|c8_1(X162)|(ndr1_1(X162)&~c2_2(X162,a596)&~c5_2(X162,a596))))|![X163]:(ndr1_0=>(~c7_1(X163)|(ndr1_1(X163)&c10_2(X163,a597)&~c3_2(X163,a597)&~c5_2(X163,a597)))))&(![X164]:(ndr1_0=>(~c10_1(X164)|(ndr1_1(X164)&c2_2(X164,a598)&~c10_2(X164,a598)&~c6_2(X164,a598))|(ndr1_1(X164)&c6_2(X164,a599)&~c1_2(X164,a599)&~c10_2(X164,a599))))|![X165]:(ndr1_0=>(![X166]:(ndr1_1(X165)=>(c10_2(X165,X166)|~c3_2(X165,X166)|~c6_2(X165,X166)))|![X167]:(ndr1_1(X165)=>(c9_2(X165,X167)|~c4_2(X165,X167)|~c8_2(X165,X167)))|![X168]:(ndr1_1(X165)=>(~c5_2(X165,X168)|~c8_2(X165,X168)|~c9_2(X165,X168)))))|(ndr1_0&c10_1(a600)&![X169]:(ndr1_1(a600)=>(c10_2(a600,X169)|~c1_2(a600,X169)))))&(![X170]:(ndr1_0=>(~c4_1(X170)|(ndr1_1(X170)&c1_2(X170,a601)&~c2_2(X170,a601)&~c4_2(X170,a601))|(ndr1_1(X170)&c6_2(X170,a602)&c7_2(X170,a602)&c9_2(X170,a602))))|(ndr1_0&~c10_1(a603)&~c6_1(a603)&~c8_1(a603))|(ndr1_0&~c6_1(a604)&ndr1_1(a604)&c7_2(a604,a605)&~c3_2(a604,a605)&~c4_2(a604,a605)&ndr1_1(a604)&c8_2(a604,a606)&~c2_2(a604,a606)&~c3_2(a604,a606)))&(![X171]:(ndr1_0=>(~c9_1(X171)|![X172]:(ndr1_1(X171)=>(c2_2(X171,X172)|c4_2(X171,X172)|c9_2(X171,X172)))|(ndr1_1(X171)&~c2_2(X171,a607)&~c3_2(X171,a607)&~c4_2(X171,a607))))|(ndr1_0&c4_1(a608)&![X173]:(ndr1_1(a608)=>(c2_2(a608,X173)|~c10_2(a608,X173)|~c7_2(a608,X173))))|(ndr1_0&~c3_1(a609)&![X174]:(ndr1_1(a609)=>(c10_2(a609,X174)|c7_2(a609,X174)|c8_2(a609,X174)))&![X175]:(ndr1_1(a609)=>(c4_2(a609,X175)|~c8_2(a609,X175)))))&((ndr1_0&c1_1(a610))|(ndr1_0&c6_1(a611)&![X176]:(ndr1_1(a611)=>(c5_2(a611,X176)|~c6_2(a611,X176)|~c9_2(a611,X176)))&ndr1_1(a611)&c1_2(a611,a612)&~c5_2(a611,a612)&~c7_2(a611,a612)))&((ndr1_0&c3_1(a613)&c8_1(a613)&ndr1_1(a613)&~c2_2(a613,a614)&~c4_2(a613,a614)&~c7_2(a613,a614))|(ndr1_0&c7_1(a615)&~c1_1(a615)&![X177]:(ndr1_1(a615)=>(~c4_2(a615,X177)|~c7_2(a615,X177)|~c9_2(a615,X177)))))&((ndr1_0&c6_1(a616)&~c1_1(a616)&![X178]:(ndr1_1(a616)=>(c10_2(a616,X178)|c3_2(a616,X178)|~c6_2(a616,X178))))|(ndr1_0&c6_1(a617)&![X179]:(ndr1_1(a617)=>(~c10_2(a617,X179)|~c4_2(a617,X179)|~c5_2(a617,X179)))&ndr1_1(a617)&c10_2(a617,a618)&~c8_2(a617,a618)&~c9_2(a617,a618))|(ndr1_0&c8_1(a619)&~c3_1(a619)&![X180]:(ndr1_1(a619)=>(c3_2(a619,X180)|~c4_2(a619,X180)|~c7_2(a619,X180)))))))			
../../TPTP-v7.3.0/Problems/SYN/SYN875-1.p		Unsatisfiable	UNKNOWN		UNKNOWN		cnf					
../../TPTP-v7.3.0/Problems/SYN/SYN940+1.p		Theorem	UNKNOWN		UNKNOWN		fof		(![B,C]:(![Z]:q(f(Z))=>?[X,Y]:((p(f(Y))=>(p(X)&(r(Y)=>(r(B)&r(C)))))&q(X))))			
../../TPTP-v7.3.0/Problems/SYN/SYN392+1.p		Theorem	UNKNOWN		UNKNOWN		fof		((p1<=>p2)<=>((p2|~p1)&(~p2|p1)))			
../../TPTP-v7.3.0/Problems/SYN/SYN797-1.p		Satisfiable	UNKNOWN		UNKNOWN		cnf					
../../TPTP-v7.3.0/Problems/SYN/SYN728-1.p		Unsatisfiable	UNKNOWN		UNKNOWN		cnf					
../../TPTP-v7.3.0/Problems/SYN/SYN622-1.p		Unsatisfiable	UNKNOWN		UNKNOWN		cnf					
../../TPTP-v7.3.0/Problems/SYN/SYN132-1.p		Unsatisfiable	UNKNOWN		UNKNOWN		cnf					
../../TPTP-v7.3.0/Problems/SYN/SYN332+1.p		Theorem	UNKNOWN		UNKNOWN		fof		(?[X,Y]:![Z]:(((big_f(X,Y)&big_f(Y,X))<~>big_f(X,Z))=>((big_f(X,Z)<=>big_f(Z,X))=>((big_f(X,Z)<=>big_f(Y,Z))=>(((big_f(Y,X)=>big_f(X,Y))<=>big_f(Z,Z))=>((big_f(X,Y)<=>big_f(Y,X))<=>big_f(Z,Y)))))))			
../../TPTP-v7.3.0/Problems/SYN/SYN437+1.p		CounterSatisfiable	UNKNOWN		UNKNOWN		fof		(~((~hskp0|(ndr1_0&~c3_1(a402)&~c2_1(a402)&~c1_1(a402)))&(~hskp1|(ndr1_0&c2_1(a403)&c3_1(a403)&~c1_1(a403)))&(~hskp2|(ndr1_0&c1_1(a405)&c0_1(a405)&~c2_1(a405)))&(~hskp3|(ndr1_0&~c1_1(a407)&~c0_1(a407)&~c3_1(a407)))&(~hskp4|(ndr1_0&~c2_1(a411)&~c1_1(a411)&~c3_1(a411)))&(~hskp5|(ndr1_0&~c1_1(a413)&c0_1(a413)&~c3_1(a413)))&(~hskp6|(ndr1_0&c2_1(a416)&~c3_1(a416)&~c1_1(a416)))&(~hskp7|(ndr1_0&~c3_1(a418)&c1_1(a418)&~c2_1(a418)))&(~hskp8|(ndr1_0&~c2_1(a420)&c1_1(a420)&~c3_1(a420)))&(~hskp9|(ndr1_0&c3_1(a421)&c2_1(a421)&~c0_1(a421)))&(~hskp10|(ndr1_0&~c1_1(a422)&c0_1(a422)&~c2_1(a422)))&(~hskp11|(ndr1_0&~c0_1(a428)&~c1_1(a428)&~c2_1(a428)))&(~hskp12|(ndr1_0&c1_1(a430)&c3_1(a430)&~c2_1(a430)))&(~hskp13|(ndr1_0&~c2_1(a433)&~c3_1(a433)&~c0_1(a433)))&(~hskp14|(ndr1_0&~c3_1(a437)&~c1_1(a437)&~c2_1(a437)))&(~hskp15|(ndr1_0&c2_1(a440)&c0_1(a440)&~c3_1(a440)))&(~hskp16|(ndr1_0&~c0_1(a441)&c1_1(a441)&~c2_1(a441)))&(~hskp17|(ndr1_0&c2_1(a443)&~c1_1(a443)&~c0_1(a443)))&(~hskp18|(ndr1_0&~c2_1(a444)&c0_1(a444)&~c1_1(a444)))&(~hskp19|(ndr1_0&c2_1(a445)&c0_1(a445)&~c1_1(a445)))&(~hskp20|(ndr1_0&~c0_1(a448)&~c1_1(a448)&~c3_1(a448)))&(~hskp21|(ndr1_0&~c0_1(a450)&c3_1(a450)&~c2_1(a450)))&(~hskp22|(ndr1_0&~c0_1(a451)&~c3_1(a451)&~c2_1(a451)))&(~hskp23|(ndr1_0&~c1_1(a452)&c3_1(a452)&~c0_1(a452)))&(~hskp24|(ndr1_0&c0_1(a454)&~c3_1(a454)&~c2_1(a454)))&(~hskp25|(ndr1_0&c1_1(a460)&c2_1(a460)&~c0_1(a460)))&(~hskp26|(ndr1_0&c1_1(a461)&c3_1(a461)&~c0_1(a461)))&(~hskp27|(ndr1_0&~c3_1(a404)&~c2_1(a404)&c1_1(a404)))&(~hskp28|(ndr1_0&~c0_1(a408)&~c3_1(a408)&c2_1(a408)))&(~hskp29|(ndr1_0&~c1_1(a409)&~c3_1(a409)&c0_1(a409)))&(~hskp30|(ndr1_0&~c0_1(a410)&~c2_1(a410)&c1_1(a410)))&(~hskp31|(ndr1_0&~c3_1(a412)&~c2_1(a412)&c0_1(a412)))&(~hskp32|(ndr1_0&c3_1(a414)&~c0_1(a414)&c1_1(a414)))&(~hskp33|(ndr1_0&c1_1(a415)&~c3_1(a415)&c0_1(a415)))&(~hskp34|(ndr1_0&c1_1(a417)&~c0_1(a417)&c2_1(a417)))&(~hskp35|(ndr1_0&c2_1(a419)&c1_1(a419)&c3_1(a419)))&(~hskp36|(ndr1_0&~c0_1(a424)&c3_1(a424)&c2_1(a424)))&(~hskp37|(ndr1_0&~c1_1(a427)&~c2_1(a427)&c3_1(a427)))&(~hskp38|(ndr1_0&~c0_1(a429)&~c3_1(a429)&c1_1(a429)))&(~hskp39|(ndr1_0&c3_1(a431)&c1_1(a431)&c2_1(a431)))&(~hskp40|(ndr1_0&~c3_1(a432)&c1_1(a432)&c2_1(a432)))&(~hskp41|(ndr1_0&c0_1(a434)&c1_1(a434)&c3_1(a434)))&(~hskp42|(ndr1_0&c2_1(a435)&~c3_1(a435)&c0_1(a435)))&(~hskp43|(ndr1_0&c2_1(a436)&~c0_1(a436)&c3_1(a436)))&(~hskp44|(ndr1_0&~c0_1(a438)&c1_1(a438)&c2_1(a438)))&(~hskp45|(ndr1_0&c3_1(a439)&~c2_1(a439)&c0_1(a439)))&(~hskp46|(ndr1_0&~c2_1(a446)&~c3_1(a446)&c1_1(a446)))&(~hskp47|(ndr1_0&c0_1(a449)&~c3_1(a449)&c1_1(a449)))&(~hskp48|(ndr1_0&c3_1(a455)&c2_1(a455)&c1_1(a455)))&(~hskp49|(ndr1_0&~c2_1(a459)&~c1_1(a459)&c0_1(a459)))&(~hskp50|(ndr1_0&~c1_1(a462)&c3_1(a462)&c0_1(a462)))&(~hskp51|(ndr1_0&c1_1(a464)&~c2_1(a464)&c0_1(a464)))&(![U]:(ndr1_0=>(~c2_1(U)|c0_1(U)|~c3_1(U)))|hskp0|![V]:(ndr1_0=>(c1_1(V)|c2_1(V)|~c0_1(V))))&(![W]:(ndr1_0=>(~c1_1(W)|~c0_1(W)|~c2_1(W)))|![X]:(ndr1_0=>(c1_1(X)|~c3_1(X)|~c2_1(X)))|hskp1)&(hskp27|hskp2|![Y]:(ndr1_0=>(~c2_1(Y)|~c1_1(Y)|c3_1(Y))))&(hskp1|hskp3|hskp28)&(hskp29|![Z]:(ndr1_0=>(c0_1(Z)|~c3_1(Z)|c1_1(Z)))|hskp30)&(![X1]:(ndr1_0=>(c3_1(X1)|c1_1(X1)|~c2_1(X1)))|![X2]:(ndr1_0=>(c1_1(X2)|~c3_1(X2)|c2_1(X2)))|hskp4)&(![X3]:(ndr1_0=>(c0_1(X3)|c3_1(X3)|~c1_1(X3)))|hskp31|![X4]:(ndr1_0=>(c0_1(X4)|~c2_1(X4)|c1_1(X4))))&(![X5]:(ndr1_0=>(c1_1(X5)|~c3_1(X5)|~c0_1(X5)))|hskp5|![X6]:(ndr1_0=>(~c2_1(X6)|c1_1(X6)|~c0_1(X6))))&(![X7]:(ndr1_0=>(~c1_1(X7)|c0_1(X7)|c3_1(X7)))|![X8]:(ndr1_0=>(c3_1(X8)|~c0_1(X8)|~c1_1(X8)))|hskp32)&(hskp33|![X9]:(ndr1_0=>(~c2_1(X9)|c0_1(X9)|c1_1(X9)))|hskp6)&(hskp34|![X10]:(ndr1_0=>(~c2_1(X10)|~c0_1(X10)|c3_1(X10)))|![X11]:(ndr1_0=>(~c2_1(X11)|~c1_1(X11)|c0_1(X11))))&(![X12]:(ndr1_0=>(~c3_1(X12)|~c2_1(X12)|c0_1(X12)))|![X13]:(ndr1_0=>(~c1_1(X13)|~c0_1(X13)|~c3_1(X13)))|![X14]:(ndr1_0=>(~c1_1(X14)|~c3_1(X14)|c2_1(X14))))&(![X15]:(ndr1_0=>(~c0_1(X15)|~c1_1(X15)|~c3_1(X15)))|![X16]:(ndr1_0=>(~c1_1(X16)|~c2_1(X16)|~c3_1(X16)))|hskp7)&(hskp35|![X17]:(ndr1_0=>(c1_1(X17)|c3_1(X17)|~c0_1(X17)))|hskp8)&(![X18]:(ndr1_0=>(c3_1(X18)|~c0_1(X18)|c1_1(X18)))|hskp9|hskp10)&(![X19]:(ndr1_0=>(c0_1(X19)|~c1_1(X19)|c3_1(X19)))|hskp0|![X20]:(ndr1_0=>(~c1_1(X20)|~c2_1(X20)|c0_1(X20))))&(hskp36|![X21]:(ndr1_0=>(~c0_1(X21)|~c3_1(X21)|~c1_1(X21)))|![X22]:(ndr1_0=>(c0_1(X22)|~c3_1(X22)|c1_1(X22))))&(![X23]:(ndr1_0=>(~c0_1(X23)|c1_1(X23)|~c3_1(X23)))|![X24]:(ndr1_0=>(c1_1(X24)|~c3_1(X24)|~c0_1(X24)))|![X25]:(ndr1_0=>(c1_1(X25)|~c0_1(X25)|c2_1(X25))))&(hskp3|hskp2|hskp37)&(![X26]:(ndr1_0=>(~c0_1(X26)|~c2_1(X26)|c1_1(X26)))|hskp11|![X27]:(ndr1_0=>(c2_1(X27)|~c3_1(X27)|~c0_1(X27))))&(hskp38|![X28]:(ndr1_0=>(~c3_1(X28)|~c2_1(X28)|c1_1(X28)))|hskp12)&(hskp39|hskp40|![X29]:(ndr1_0=>(c3_1(X29)|c0_1(X29)|c1_1(X29))))&(hskp13|hskp41|![X30]:(ndr1_0=>(~c1_1(X30)|~c0_1(X30)|c2_1(X30))))&(![X31]:(ndr1_0=>(c0_1(X31)|~c3_1(X31)|~c2_1(X31)))|![X32]:(ndr1_0=>(c0_1(X32)|~c2_1(X32)|~c1_1(X32)))|![X33]:(ndr1_0=>(~c0_1(X33)|~c2_1(X33)|~c1_1(X33))))&(hskp42|![X34]:(ndr1_0=>(~c2_1(X34)|c0_1(X34)|c3_1(X34)))|![X35]:(ndr1_0=>(~c0_1(X35)|c1_1(X35)|c3_1(X35))))&(![X36]:(ndr1_0=>(c3_1(X36)|~c1_1(X36)|~c2_1(X36)))|hskp43|![X37]:(ndr1_0=>(c3_1(X37)|~c2_1(X37)|c1_1(X37))))&(hskp14|![X38]:(ndr1_0=>(c3_1(X38)|c0_1(X38)|c1_1(X38)))|![X39]:(ndr1_0=>(~c0_1(X39)|~c3_1(X39)|c1_1(X39))))&(hskp44|![X40]:(ndr1_0=>(c3_1(X40)|~c0_1(X40)|c1_1(X40)))|![X41]:(ndr1_0=>(~c0_1(X41)|~c1_1(X41)|c2_1(X41))))&(![X42]:(ndr1_0=>(~c0_1(X42)|~c2_1(X42)|~c1_1(X42)))|hskp45|hskp15)&(![X43]:(ndr1_0=>(c2_1(X43)|c3_1(X43)|~c0_1(X43)))|hskp16|![X44]:(ndr1_0=>(c0_1(X44)|~c2_1(X44)|c3_1(X44))))&(![X45]:(ndr1_0=>(c0_1(X45)|~c1_1(X45)|c3_1(X45)))|![X46]:(ndr1_0=>(c3_1(X46)|c1_1(X46)|~c0_1(X46)))|hskp37)&(hskp17|hskp18|![X47]:(ndr1_0=>(c3_1(X47)|~c2_1(X47)|~c1_1(X47))))&(![X48]:(ndr1_0=>(c2_1(X48)|c3_1(X48)|~c1_1(X48)))|![X49]:(ndr1_0=>(~c2_1(X49)|~c0_1(X49)|~c3_1(X49)))|hskp19)&(![X50]:(ndr1_0=>(c1_1(X50)|c0_1(X50)|~c2_1(X50)))|hskp46|![X51]:(ndr1_0=>(~c0_1(X51)|~c1_1(X51)|c2_1(X51))))&(hskp11|![X52]:(ndr1_0=>(~c1_1(X52)|c2_1(X52)|~c3_1(X52)))|hskp20)&(hskp47|![X53]:(ndr1_0=>(~c0_1(X53)|~c1_1(X53)|~c3_1(X53)))|hskp21)&(hskp22|![X54]:(ndr1_0=>(c0_1(X54)|c2_1(X54)|~c3_1(X54)))|hskp23)&(hskp36|![X55]:(ndr1_0=>(~c1_1(X55)|~c3_1(X55)|c0_1(X55)))|![X56]:(ndr1_0=>(~c3_1(X56)|c1_1(X56)|~c2_1(X56))))&(![X57]:(ndr1_0=>(~c3_1(X57)|c0_1(X57)|~c2_1(X57)))|![X58]:(ndr1_0=>(~c3_1(X58)|c2_1(X58)|~c1_1(X58)))|![X59]:(ndr1_0=>(~c0_1(X59)|c3_1(X59)|c1_1(X59))))&(hskp24|hskp48|hskp46)&(hskp40|![X60]:(ndr1_0=>(c1_1(X60)|~c2_1(X60)|~c0_1(X60)))|![X61]:(ndr1_0=>(c2_1(X61)|c3_1(X61)|c1_1(X61))))&(![X62]:(ndr1_0=>(c2_1(X62)|c3_1(X62)|~c0_1(X62)))|![X63]:(ndr1_0=>(c0_1(X63)|~c2_1(X63)|~c1_1(X63)))|![X64]:(ndr1_0=>(~c2_1(X64)|c0_1(X64)|~c3_1(X64))))&(![X65]:(ndr1_0=>(c2_1(X65)|~c1_1(X65)|~c3_1(X65)))|hskp11|hskp49)&(![X66]:(ndr1_0=>(c2_1(X66)|~c1_1(X66)|~c0_1(X66)))|![X67]:(ndr1_0=>(c2_1(X67)|~c3_1(X67)|~c1_1(X67)))|![X68]:(ndr1_0=>(c2_1(X68)|c1_1(X68)|c0_1(X68))))&(![X69]:(ndr1_0=>(c1_1(X69)|c2_1(X69)|~c3_1(X69)))|![X70]:(ndr1_0=>(~c1_1(X70)|c2_1(X70)|c3_1(X70)))|![X71]:(ndr1_0=>(c3_1(X71)|c1_1(X71)|c2_1(X71))))&(![X72]:(ndr1_0=>(c1_1(X72)|c0_1(X72)|c2_1(X72)))|hskp25|hskp26)&(hskp50|hskp17|hskp51)&(hskp34|![X73]:(ndr1_0=>(~c1_1(X73)|c0_1(X73)|~c2_1(X73)))|![X74]:(ndr1_0=>(~c0_1(X74)|~c2_1(X74)|c1_1(X74))))))			
../../TPTP-v7.3.0/Problems/SYN/SYN177-1.p		Unsatisfiable	UNKNOWN		UNKNOWN		cnf					
../../TPTP-v7.3.0/Problems/SYN/SYN406+1.p		Theorem	UNKNOWN		UNKNOWN		fof		((![X]:(f(X)=>g(X))&?[Y]:(f(Y)&h(Y)))=>?[Z]:(g(Z)&h(Z)))			
../../TPTP-v7.3.0/Problems/SYN/SYN986-10.005.p		Unsatisfiable	UNKNOWN		UNKNOWN		cnf	(ifeq(A,A,B,C)=B),(r(Y,zero,succ(Y))=true),(ifeq(r(Z,X,Z1),true,ifeq(r(Y,X,Z),true,r(Y,succ(X),Z1),true),true)=true),(ifeq(A,A,B,C)=B),(r(Y,zero,succ(Y))=true),(ifeq(r(Z,X,Z1),true,ifeq(r(Y,X,Z),true,r(Y,succ(X),Z1),true),true)=true)				
../../TPTP-v7.3.0/Problems/SYN/SYN107-1.p		Unsatisfiable	UNKNOWN		UNKNOWN		cnf					
../../TPTP-v7.3.0/Problems/SYN/SYN067+1.p		Theorem	UNKNOWN		UNKNOWN		fof		(![X]:((big_p(a)&(big_p(X)=>?[Y]:(big_p(Y)&big_r(X,Y))))=>?[Z,W]:(big_p(Z)&big_r(X,W)&big_r(W,Z)))<=>![X1]:((~big_p(a)|big_p(X1)|?[Z1,W1]:(big_p(Z1)&big_r(X1,W1)&big_r(W1,Z1)))&(~big_p(a)|~(?[Y1]:(big_p(Y1)&big_r(X1,Y1)))|?[Z2,W2]:(big_p(Z2)&big_r(X1,W2)&big_r(W2,Z2)))))			
../../TPTP-v7.3.0/Problems/SYN/SYN140-1.p		Unsatisfiable	UNKNOWN		UNKNOWN		cnf					
../../TPTP-v7.3.0/Problems/SYN/SYN214-1.p		Unsatisfiable	UNKNOWN		UNKNOWN		cnf					
../../TPTP-v7.3.0/Problems/SYN/SYN425+1.p		CounterSatisfiable	UNKNOWN		UNKNOWN		fof		(~((~c7_0|![U]:(ndr1_0=>(~c5_1(U)|~c7_1(U)|![V]:(ndr1_1(U)=>(c4_2(U,V)|c2_2(U,V)|c8_2(U,V)))))|c2_0)&((ndr1_0&~c1_1(a1190)&~c4_1(a1190)&![W]:(ndr1_1(a1190)=>(c6_2(a1190,W)|c5_2(a1190,W)|c4_2(a1190,W))))|(ndr1_0&![X]:(ndr1_1(a1191)=>(c3_2(a1191,X)|~c8_2(a1191,X)|~c1_2(a1191,X)))&~c2_1(a1191)&ndr1_1(a1191)&c7_2(a1191,a1192)&~c10_2(a1191,a1192)&~c6_2(a1191,a1192))|~c7_0)&((ndr1_0&![Y]:(ndr1_1(a1193)=>(~c8_2(a1193,Y)|c7_2(a1193,Y)|c2_2(a1193,Y)))&ndr1_1(a1193)&c4_2(a1193,a1194)&c5_2(a1193,a1194)&c9_2(a1193,a1194)&![Z]:(ndr1_1(a1193)=>(~c10_2(a1193,Z)|~c9_2(a1193,Z)|~c8_2(a1193,Z))))|![X1]:(ndr1_0=>((ndr1_1(X1)&c10_2(X1,a1195)&~c3_2(X1,a1195)&~c4_2(X1,a1195))|c8_1(X1)|~c9_1(X1)))|![X2]:(ndr1_0=>(c6_1(X2)|c10_1(X2)|~c1_1(X2))))&(c1_0|~c5_0)&(![X3]:(ndr1_0=>((ndr1_1(X3)&c8_2(X3,a1196)&c4_2(X3,a1196)&~c6_2(X3,a1196))|![X4]:(ndr1_1(X3)=>(c5_2(X3,X4)|~c9_2(X3,X4)|c7_2(X3,X4)))|(ndr1_1(X3)&c6_2(X3,a1197)&~c10_2(X3,a1197)&~c4_2(X3,a1197))))|c4_0|c3_0)&((ndr1_0&~c2_1(a1198)&![X5]:(ndr1_1(a1198)=>(c9_2(a1198,X5)|~c1_2(a1198,X5)))&~c8_1(a1198))|![X6]:(ndr1_0=>(![X7]:(ndr1_1(X6)=>(c2_2(X6,X7)|~c9_2(X6,X7)|c7_2(X6,X7)))|c8_1(X6)|c5_1(X6)))|c4_0)&(~c10_0|![X8]:(ndr1_0=>(![X9]:(ndr1_1(X8)=>(~c1_2(X8,X9)|c9_2(X8,X9)|c4_2(X8,X9)))|~c8_1(X8)|c3_1(X8)))|c7_0)&(c2_0|~c4_0|~c6_0)&(~c6_0|![X10]:(ndr1_0=>(~c9_1(X10)|~c1_1(X10)|(ndr1_1(X10)&c6_2(X10,a1199)&c8_2(X10,a1199)&c4_2(X10,a1199))))|c8_0)&(~c2_0|(ndr1_0&~c6_1(a1200)&![X11]:(ndr1_1(a1200)=>(c2_2(a1200,X11)|c4_2(a1200,X11))))|c8_0)&(~c6_0|(ndr1_0&ndr1_1(a1201)&c4_2(a1201,a1202)&~c6_2(a1201,a1202)&c2_2(a1201,a1202)&ndr1_1(a1201)&c7_2(a1201,a1203)&c9_2(a1201,a1203)&c5_2(a1201,a1203)&~c4_1(a1201))|![X12]:(ndr1_0=>(c9_1(X12)|c1_1(X12)|![X13]:(ndr1_1(X12)=>(c6_2(X12,X13)|~c2_2(X12,X13)|c4_2(X12,X13))))))&(![X14]:(ndr1_0=>(c3_1(X14)|(ndr1_1(X14)&~c10_2(X14,a1204)&c1_2(X14,a1204)&~c8_2(X14,a1204))|~c1_1(X14)))|![X15]:(ndr1_0=>(c4_1(X15)|(ndr1_1(X15)&~c3_2(X15,a1205)&~c2_2(X15,a1205)&c5_2(X15,a1205))|c5_1(X15)))|~c5_0)&(c9_0|~c3_0|~c6_0)&(c9_0|c8_0|(ndr1_0&c2_1(a1206)&![X16]:(ndr1_1(a1206)=>(~c4_2(a1206,X16)|~c9_2(a1206,X16)|~c8_2(a1206,X16)))&c1_1(a1206)))&((ndr1_0&~c8_1(a1207)&![X17]:(ndr1_1(a1207)=>(~c6_2(a1207,X17)|c8_2(a1207,X17)|~c4_2(a1207,X17)))&c9_1(a1207))|~c2_0|(ndr1_0&![X18]:(ndr1_1(a1208)=>(~c10_2(a1208,X18)|~c4_2(a1208,X18)))&c10_1(a1208)&c9_1(a1208)))&(![X19]:(ndr1_0=>(c7_1(X19)|![X20]:(ndr1_1(X19)=>(c6_2(X19,X20)|c10_2(X19,X20)|~c9_2(X19,X20)))|![X21]:(ndr1_1(X19)=>(c3_2(X19,X21)|~c7_2(X19,X21)|~c10_2(X19,X21)))))|~c2_0)&(~c10_0|c9_0)&(c9_0|![X22]:(ndr1_0=>((ndr1_1(X22)&~c10_2(X22,a1209)&~c8_2(X22,a1209)&c9_2(X22,a1209))|![X23]:(ndr1_1(X22)=>(c7_2(X22,X23)|~c1_2(X22,X23)|c9_2(X22,X23)))|c5_1(X22)))|~c6_0)&(~c4_0|(ndr1_0&c10_1(a1210)&~c9_1(a1210)&![X24]:(ndr1_1(a1210)=>(c2_2(a1210,X24)|c5_2(a1210,X24)|~c1_2(a1210,X24))))|c2_0)&(c8_0|(ndr1_0&![X25]:(ndr1_1(a1211)=>(c1_2(a1211,X25)|c2_2(a1211,X25)|~c7_2(a1211,X25)))&~c10_1(a1211)&ndr1_1(a1211)&c10_2(a1211,a1212)&~c8_2(a1211,a1212)&~c2_2(a1211,a1212))|c3_0)&((ndr1_0&c7_1(a1213)&![X26]:(ndr1_1(a1213)=>(~c2_2(a1213,X26)|c1_2(a1213,X26)|c4_2(a1213,X26)))&c2_1(a1213))|c4_0|c6_0)&(c3_0|~c9_0|(ndr1_0&c1_1(a1214)&![X27]:(ndr1_1(a1214)=>(c7_2(a1214,X27)|~c5_2(a1214,X27)))&c3_1(a1214)))&(![X28]:(ndr1_0=>(~c2_1(X28)|c4_1(X28)|c5_1(X28)))|c7_0|(ndr1_0&![X29]:(ndr1_1(a1215)=>(c5_2(a1215,X29)|~c6_2(a1215,X29)|c1_2(a1215,X29)))&ndr1_1(a1215)&~c6_2(a1215,a1216)&~c3_2(a1215,a1216)&c2_2(a1215,a1216)&c6_1(a1215)))&(c2_0|![X30]:(ndr1_0=>(c4_1(X30)|![X31]:(ndr1_1(X30)=>(c9_2(X30,X31)|~c1_2(X30,X31)|c4_2(X30,X31)))|![X32]:(ndr1_1(X30)=>(~c7_2(X30,X32)|c2_2(X30,X32)|~c4_2(X30,X32)))))|![X33]:(ndr1_0=>(![X34]:(ndr1_1(X33)=>(c5_2(X33,X34)|~c4_2(X33,X34)|~c10_2(X33,X34)))|~c6_1(X33)|~c10_1(X33))))&(c4_0|![X35]:(ndr1_0=>(c1_1(X35)|(ndr1_1(X35)&~c7_2(X35,a1217)&c3_2(X35,a1217)&c2_2(X35,a1217))|![X36]:(ndr1_1(X35)=>(~c6_2(X35,X36)|c4_2(X35,X36)))))|c9_0)&(~c2_0|(ndr1_0&![X37]:(ndr1_1(a1218)=>(~c6_2(a1218,X37)|c10_2(a1218,X37)|~c9_2(a1218,X37)))&ndr1_1(a1218)&~c6_2(a1218,a1219)&~c10_2(a1218,a1219)&~c4_2(a1218,a1219)&c2_1(a1218))|(ndr1_0&c2_1(a1220)&~c6_1(a1220)&c10_1(a1220)))&(![X38]:(ndr1_0=>((ndr1_1(X38)&c10_2(X38,a1221)&c4_2(X38,a1221)&~c8_2(X38,a1221))|(ndr1_1(X38)&c2_2(X38,a1222)&c5_2(X38,a1222)&~c4_2(X38,a1222))|c6_1(X38)))|(ndr1_0&~c4_1(a1223)&![X39]:(ndr1_1(a1223)=>(~c3_2(a1223,X39)|c8_2(a1223,X39)|~c7_2(a1223,X39)))&c2_1(a1223))|c6_0)&(![X40]:(ndr1_0=>((ndr1_1(X40)&~c1_2(X40,a1224)&c10_2(X40,a1224)&~c8_2(X40,a1224))|c7_1(X40)|~c1_1(X40)))|c5_0|~c10_0)&(~c8_0|c3_0)&(c9_0|(ndr1_0&![X41]:(ndr1_1(a1225)=>(c4_2(a1225,X41)|c1_2(a1225,X41)|c7_2(a1225,X41)))&![X42]:(ndr1_1(a1225)=>(c8_2(a1225,X42)|c3_2(a1225,X42)|~c4_2(a1225,X42)))&![X43]:(ndr1_1(a1225)=>(c7_2(a1225,X43)|~c5_2(a1225,X43)|c8_2(a1225,X43))))|~c6_0)&(c5_0|(ndr1_0&~c9_1(a1226)&c7_1(a1226)&ndr1_1(a1226)&~c8_2(a1226,a1227)&~c5_2(a1226,a1227)&~c6_2(a1226,a1227))|~c9_0)&(c9_0|c10_0|![X44]:(ndr1_0=>(~c9_1(X44)|~c10_1(X44)|c5_1(X44))))&((ndr1_0&c1_1(a1228)&![X45]:(ndr1_1(a1228)=>(~c10_2(a1228,X45)|~c2_2(a1228,X45)|c5_2(a1228,X45)))&~c7_1(a1228))|c4_0)&((ndr1_0&ndr1_1(a1229)&c4_2(a1229,a1230)&c7_2(a1229,a1230)&c10_2(a1229,a1230)&![X46]:(ndr1_1(a1229)=>(~c4_2(a1229,X46)|c1_2(a1229,X46)|c6_2(a1229,X46))))|![X47]:(ndr1_0=>((ndr1_1(X47)&c9_2(X47,a1231)&c6_2(X47,a1231)&~c7_2(X47,a1231))|~c5_1(X47)|![X48]:(ndr1_1(X47)=>(~c3_2(X47,X48)|~c5_2(X47,X48)|c9_2(X47,X48))))))&(~c7_0|![X49]:(ndr1_0=>(c9_1(X49)|![X50]:(ndr1_1(X49)=>(c10_2(X49,X50)|~c8_2(X49,X50)|c4_2(X49,X50)))))|![X51]:(ndr1_0=>(c3_1(X51)|(ndr1_1(X51)&c1_2(X51,a1232)&~c10_2(X51,a1232)&c8_2(X51,a1232))|c7_1(X51))))&(![X52]:(ndr1_0=>((ndr1_1(X52)&~c3_2(X52,a1233)&c9_2(X52,a1233)&c10_2(X52,a1233))|~c5_1(X52)|(ndr1_1(X52)&c7_2(X52,a1234)&c4_2(X52,a1234)&~c10_2(X52,a1234))))|(ndr1_0&c4_1(a1235)&![X53]:(ndr1_1(a1235)=>(c2_2(a1235,X53)|~c9_2(a1235,X53)|~c4_2(a1235,X53)))&ndr1_1(a1235)&~c8_2(a1235,a1236)&~c3_2(a1235,a1236)&c4_2(a1235,a1236))|c1_0)&((ndr1_0&ndr1_1(a1237)&c5_2(a1237,a1238)&c7_2(a1237,a1238)&c4_2(a1237,a1238)&ndr1_1(a1237)&c5_2(a1237,a1239)&~c6_2(a1237,a1239)&~c2_2(a1237,a1239)&~c8_1(a1237))|![X54]:(ndr1_0=>(~c3_1(X54)|c8_1(X54)))|c8_0)&c9_0&(~c3_0|(ndr1_0&![X55]:(ndr1_1(a1240)=>(c6_2(a1240,X55)|c4_2(a1240,X55)|c5_2(a1240,X55)))&![X56]:(ndr1_1(a1240)=>(~c5_2(a1240,X56)|c3_2(a1240,X56)|c4_2(a1240,X56)))&~c7_1(a1240))|(ndr1_0&![X57]:(ndr1_1(a1241)=>(c6_2(a1241,X57)|~c8_2(a1241,X57)|c7_2(a1241,X57)))&![X58]:(ndr1_1(a1241)=>(~c9_2(a1241,X58)|~c10_2(a1241,X58)))&~c3_1(a1241)))&((ndr1_0&ndr1_1(a1242)&c8_2(a1242,a1243)&c10_2(a1242,a1243)&c2_2(a1242,a1243)&c9_1(a1242))|(ndr1_0&ndr1_1(a1244)&c6_2(a1244,a1245)&c4_2(a1244,a1245)&c7_2(a1244,a1245)&c2_1(a1244)&~c10_1(a1244))|![X59]:(ndr1_0=>(c7_1(X59)|(ndr1_1(X59)&~c1_2(X59,a1246)&c5_2(X59,a1246)&~c9_2(X59,a1246)))))&((ndr1_0&c6_1(a1247)&c9_1(a1247)&![X60]:(ndr1_1(a1247)=>(c5_2(a1247,X60)|~c10_2(a1247,X60)|~c2_2(a1247,X60))))|c5_0|~c10_0)&(~c7_0|![X61]:(ndr1_0=>(![X62]:(ndr1_1(X61)=>(c2_2(X61,X62)|c5_2(X61,X62)|~c7_2(X61,X62)))|![X63]:(ndr1_1(X61)=>(c5_2(X61,X63)|c2_2(X61,X63)|~c1_2(X61,X63)))|~c7_1(X61)))|c4_0)&(~c8_0|~c5_0|(ndr1_0&![X64]:(ndr1_1(a1248)=>(~c4_2(a1248,X64)|~c1_2(a1248,X64)))&~c4_1(a1248)&~c5_1(a1248)))&(![X65]:(ndr1_0=>(![X66]:(ndr1_1(X65)=>(~c9_2(X65,X66)|~c5_2(X65,X66)|~c6_2(X65,X66)))|c9_1(X65)))|![X67]:(ndr1_0=>(c2_1(X67)|![X68]:(ndr1_1(X67)=>(~c2_2(X67,X68)|~c4_2(X67,X68)|~c7_2(X67,X68)))|~c10_1(X67)))|~c1_0)&~c5_0&((ndr1_0&~c1_1(a1249)&![X69]:(ndr1_1(a1249)=>(c3_2(a1249,X69)|c6_2(a1249,X69)|c5_2(a1249,X69)))&c4_1(a1249))|(ndr1_0&c2_1(a1250)&![X70]:(ndr1_1(a1250)=>(c8_2(a1250,X70)|~c7_2(a1250,X70)|c5_2(a1250,X70))))|![X71]:(ndr1_0=>(![X72]:(ndr1_1(X71)=>(c3_2(X71,X72)|c5_2(X71,X72)|c7_2(X71,X72)))|![X73]:(ndr1_1(X71)=>(c10_2(X71,X73)|~c3_2(X71,X73)|c7_2(X71,X73)))|~c2_1(X71))))&(![X74]:(ndr1_0=>(c10_1(X74)|c3_1(X74)|(ndr1_1(X74)&~c3_2(X74,a1251)&~c5_2(X74,a1251)&c8_2(X74,a1251))))|~c10_0|~c3_0)&((ndr1_0&![X75]:(ndr1_1(a1252)=>(~c4_2(a1252,X75)|~c3_2(a1252,X75)|c8_2(a1252,X75)))&ndr1_1(a1252)&~c2_2(a1252,a1253)&c5_2(a1252,a1253)&~c6_2(a1252,a1253)&ndr1_1(a1252)&~c10_2(a1252,a1254)&c2_2(a1252,a1254)&c5_2(a1252,a1254))|c6_0|c3_0)&(~c6_0|![X76]:(ndr1_0=>(![X77]:(ndr1_1(X76)=>(c10_2(X76,X77)|~c9_2(X76,X77)|~c2_2(X76,X77)))|c7_1(X76)|~c2_1(X76)))|![X78]:(ndr1_0=>(~c3_1(X78)|![X79]:(ndr1_1(X78)=>(c7_2(X78,X79)|~c9_2(X78,X79)|~c6_2(X78,X79)))|c4_1(X78))))&(![X80]:(ndr1_0=>(![X81]:(ndr1_1(X80)=>(~c5_2(X80,X81)|c3_2(X80,X81)|c4_2(X80,X81)))|![X82]:(ndr1_1(X80)=>(~c4_2(X80,X82)|c8_2(X80,X82)|~c1_2(X80,X82)))|![X83]:(ndr1_1(X80)=>(~c4_2(X80,X83)|c8_2(X80,X83)|c2_2(X80,X83)))))|c7_0|(ndr1_0&c9_1(a1255)&c1_1(a1255)&ndr1_1(a1255)&~c9_2(a1255,a1256)&~c7_2(a1255,a1256)&c10_2(a1255,a1256)))&(~c10_0|~c8_0|~c2_0)&((ndr1_0&ndr1_1(a1257)&~c4_2(a1257,a1258)&c3_2(a1257,a1258)&c7_2(a1257,a1258)&c8_1(a1257)&~c9_1(a1257))|(ndr1_0&~c6_1(a1259)&c5_1(a1259))|c4_0)&(~c6_0|c4_0|c8_0)&(~c4_0|![X84]:(ndr1_0=>(c7_1(X84)|~c9_1(X84)|![X85]:(ndr1_1(X84)=>(c3_2(X84,X85)|~c6_2(X84,X85)|~c8_2(X84,X85)))))|![X86]:(ndr1_0=>((ndr1_1(X86)&c9_2(X86,a1260)&~c4_2(X86,a1260)&~c1_2(X86,a1260))|~c7_1(X86)|c9_1(X86))))&(![X87]:(ndr1_0=>(~c7_1(X87)|c10_1(X87)|~c3_1(X87)))|c1_0|(ndr1_0&![X88]:(ndr1_1(a1261)=>(c1_2(a1261,X88)|c3_2(a1261,X88)|~c4_2(a1261,X88)))&c10_1(a1261)&![X89]:(ndr1_1(a1261)=>(~c7_2(a1261,X89)|c1_2(a1261,X89)))))&(~c6_0|(ndr1_0&ndr1_1(a1262)&~c9_2(a1262,a1263)&c1_2(a1262,a1263)&c7_2(a1262,a1263)&![X90]:(ndr1_1(a1262)=>(~c8_2(a1262,X90)|~c10_2(a1262,X90)|c2_2(a1262,X90)))&ndr1_1(a1262)&c9_2(a1262,a1264)&c10_2(a1262,a1264)&c5_2(a1262,a1264))|c10_0)&((ndr1_0&c10_1(a1265)&c8_1(a1265))|c4_0|![X91]:(ndr1_0=>(c10_1(X91)|(ndr1_1(X91)&~c3_2(X91,a1266)&c5_2(X91,a1266)&c8_2(X91,a1266))|(ndr1_1(X91)&c5_2(X91,a1267)&~c2_2(X91,a1267)&c3_2(X91,a1267)))))&(![X92]:(ndr1_0=>((ndr1_1(X92)&c7_2(X92,a1268)&~c8_2(X92,a1268)&~c9_2(X92,a1268))|~c9_1(X92)|c8_1(X92)))|~c2_0|(ndr1_0&c7_1(a1269)&~c4_1(a1269)))&(~c3_0|(ndr1_0&~c10_1(a1270)&c9_1(a1270)&ndr1_1(a1270)&c8_2(a1270,a1271)&c4_2(a1270,a1271)&~c7_2(a1270,a1271)))&(~c6_0|![X93]:(ndr1_0=>(![X94]:(ndr1_1(X93)=>(~c1_2(X93,X94)|c10_2(X93,X94)|c7_2(X93,X94)))|c6_1(X93)|c10_1(X93)))|(ndr1_0&~c3_1(a1272)&~c8_1(a1272)&ndr1_1(a1272)&c7_2(a1272,a1273)&c2_2(a1272,a1273)&c8_2(a1272,a1273)))&(c10_0|(ndr1_0&~c10_1(a1274)&ndr1_1(a1274)&~c9_2(a1274,a1275)&~c8_2(a1274,a1275)&~c6_2(a1274,a1275)&![X95]:(ndr1_1(a1274)=>(c6_2(a1274,X95)|c5_2(a1274,X95)|~c3_2(a1274,X95))))|~c6_0)&(~c8_0|![X96]:(ndr1_0=>(![X97]:(ndr1_1(X96)=>(~c8_2(X96,X97)|c5_2(X96,X97)|~c6_2(X96,X97)))|![X98]:(ndr1_1(X96)=>(~c4_2(X96,X98)|~c9_2(X96,X98)|c10_2(X96,X98)))|~c4_1(X96)))|(ndr1_0&ndr1_1(a1276)&~c10_2(a1276,a1277)&c6_2(a1276,a1277)&c8_2(a1276,a1277)&~c8_1(a1276)))&(c3_0|![X99]:(ndr1_0=>(~c2_1(X99)|c6_1(X99)|~c4_1(X99)))|c6_0)&((ndr1_0&![X100]:(ndr1_1(a1278)=>(~c3_2(a1278,X100)|~c8_2(a1278,X100)|c1_2(a1278,X100)))&c7_1(a1278)&![X101]:(ndr1_1(a1278)=>(c3_2(a1278,X101)|~c8_2(a1278,X101)|~c10_2(a1278,X101))))|![X102]:(ndr1_0=>((ndr1_1(X102)&~c5_2(X102,a1279)&~c2_2(X102,a1279)&~c7_2(X102,a1279))|(ndr1_1(X102)&c4_2(X102,a1280)&~c5_2(X102,a1280))|c1_1(X102)))|(ndr1_0&ndr1_1(a1281)&~c3_2(a1281,a1282)&c8_2(a1281,a1282)&c5_2(a1281,a1282)&ndr1_1(a1281)&c7_2(a1281,a1283)&c4_2(a1281,a1283)&c9_2(a1281,a1283)&~c10_1(a1281)))&((ndr1_0&c2_1(a1284)&c1_1(a1284))|(ndr1_0&ndr1_1(a1285)&~c5_2(a1285,a1286)&c2_2(a1285,a1286)&c1_2(a1285,a1286)&~c9_1(a1285))|c1_0)&((ndr1_0&![X103]:(ndr1_1(a1287)=>(~c4_2(a1287,X103)|c1_2(a1287,X103)))&![X104]:(ndr1_1(a1287)=>(~c7_2(a1287,X104)|~c6_2(a1287,X104)|~c1_2(a1287,X104)))&c3_1(a1287))|(ndr1_0&![X105]:(ndr1_1(a1288)=>(c3_2(a1288,X105)|~c1_2(a1288,X105)|c8_2(a1288,X105)))&![X106]:(ndr1_1(a1288)=>(~c8_2(a1288,X106)|c4_2(a1288,X106)|c5_2(a1288,X106)))&![X107]:(ndr1_1(a1288)=>(c1_2(a1288,X107)|c3_2(a1288,X107)|~c2_2(a1288,X107))))|c10_0)&(~c8_0|c2_0|(ndr1_0&ndr1_1(a1289)&c2_2(a1289,a1290)&~c6_2(a1289,a1290)&ndr1_1(a1289)&c2_2(a1289,a1291)&~c4_2(a1289,a1291)&c8_2(a1289,a1291)&~c8_1(a1289)))&(~c6_0|~c3_0)&(![X108]:(ndr1_0=>(![X109]:(ndr1_1(X108)=>(~c7_2(X108,X109)|c6_2(X108,X109)|~c10_2(X108,X109)))|(ndr1_1(X108)&~c6_2(X108,a1292)&c8_2(X108,a1292)&~c10_2(X108,a1292))|![X110]:(ndr1_1(X108)=>(c9_2(X108,X110)|c1_2(X108,X110)|c3_2(X108,X110)))))|(ndr1_0&ndr1_1(a1293)&c10_2(a1293,a1294)&c5_2(a1293,a1294)&![X111]:(ndr1_1(a1293)=>(~c9_2(a1293,X111)|~c6_2(a1293,X111)|~c8_2(a1293,X111)))&![X112]:(ndr1_1(a1293)=>(~c4_2(a1293,X112)|c5_2(a1293,X112)|c7_2(a1293,X112)))))&((ndr1_0&ndr1_1(a1295)&c4_2(a1295,a1296)&c10_2(a1295,a1296)&~c7_2(a1295,a1296)&ndr1_1(a1295)&~c7_2(a1295,a1297)&c1_2(a1295,a1297)&![X113]:(ndr1_1(a1295)=>(~c5_2(a1295,X113)|c6_2(a1295,X113)|~c9_2(a1295,X113))))|~c7_0|~c3_0)&((ndr1_0&ndr1_1(a1298)&c3_2(a1298,a1299)&c4_2(a1298,a1299)&c5_2(a1298,a1299)&~c4_1(a1298)&~c5_1(a1298))|![X114]:(ndr1_0=>(~c10_1(X114)|~c2_1(X114)|(ndr1_1(X114)&c5_2(X114,a1300)&c1_2(X114,a1300)&~c3_2(X114,a1300)))))&(![X115]:(ndr1_0=>(![X116]:(ndr1_1(X115)=>(~c8_2(X115,X116)|~c1_2(X115,X116)|~c9_2(X115,X116)))|(ndr1_1(X115)&c8_2(X115,a1301)&~c10_2(X115,a1301)&~c6_2(X115,a1301))))|![X117]:(ndr1_0=>(c1_1(X117)|~c4_1(X117)|(ndr1_1(X117)&~c1_2(X117,a1302)&~c9_2(X117,a1302)))))&((ndr1_0&c1_1(a1303)&ndr1_1(a1303)&~c6_2(a1303,a1304)&c10_2(a1303,a1304)&c5_2(a1303,a1304)&![X118]:(ndr1_1(a1303)=>(c1_2(a1303,X118)|c2_2(a1303,X118)|~c5_2(a1303,X118))))|![X119]:(ndr1_0=>(~c7_1(X119)|~c8_1(X119)|~c10_1(X119)))|c6_0)&(c3_0|![X120]:(ndr1_0=>(c6_1(X120)|~c9_1(X120)|c8_1(X120)))|~c7_0)&((ndr1_0&ndr1_1(a1305)&c1_2(a1305,a1306)&~c10_2(a1305,a1306)&~c4_2(a1305,a1306)&~c5_1(a1305)&c1_1(a1305))|c7_0|(ndr1_0&ndr1_1(a1307)&~c4_2(a1307,a1308)&c5_2(a1307,a1308)&c7_2(a1307,a1308)&![X121]:(ndr1_1(a1307)=>(~c6_2(a1307,X121)|~c4_2(a1307,X121)|~c5_2(a1307,X121)))&![X122]:(ndr1_1(a1307)=>(c5_2(a1307,X122)|~c9_2(a1307,X122)|~c3_2(a1307,X122)))))&(c2_0|c10_0)&(c7_0|![X123]:(ndr1_0=>(~c10_1(X123)|![X124]:(ndr1_1(X123)=>(c7_2(X123,X124)|~c5_2(X123,X124)|c3_2(X123,X124)))|c6_1(X123)))|![X125]:(ndr1_0=>((ndr1_1(X125)&~c4_2(X125,a1309)&c7_2(X125,a1309))|~c2_1(X125)|![X126]:(ndr1_1(X125)=>(c10_2(X125,X126)|c3_2(X125,X126)|~c6_2(X125,X126))))))&(~c8_0|c2_0)&(![X127]:(ndr1_0=>(~c3_1(X127)|(ndr1_1(X127)&c1_2(X127,a1310)&~c3_2(X127,a1310)&~c2_2(X127,a1310))|c8_1(X127)))|c2_0|(ndr1_0&~c4_1(a1311)&![X128]:(ndr1_1(a1311)=>(c8_2(a1311,X128)|c9_2(a1311,X128)))&~c5_1(a1311)))&(~c8_0|![X129]:(ndr1_0=>(~c3_1(X129)|~c8_1(X129)|c6_1(X129)))|c10_0)&(c10_0|![X130]:(ndr1_0=>(~c4_1(X130)|~c3_1(X130)|![X131]:(ndr1_1(X130)=>(~c6_2(X130,X131)|~c8_2(X130,X131)|c1_2(X130,X131)))))|c3_0)&(~c2_0|![X132]:(ndr1_0=>(c1_1(X132)|c6_1(X132)))|~c8_0)&(~c6_0|c4_0)&(~c8_0|c1_0|~c2_0)&(![X133]:(ndr1_0=>(c6_1(X133)|c7_1(X133)|c9_1(X133)))|c7_0)&(![X134]:(ndr1_0=>(![X135]:(ndr1_1(X134)=>(~c9_2(X134,X135)|~c8_2(X134,X135)|c6_2(X134,X135)))|![X136]:(ndr1_1(X134)=>(c4_2(X134,X136)|~c9_2(X134,X136)|~c7_2(X134,X136)))|c4_1(X134)))|~c6_0|c2_0)&c4_0&(![X137]:(ndr1_0=>(![X138]:(ndr1_1(X137)=>(c9_2(X137,X138)|~c1_2(X137,X138)|~c10_2(X137,X138)))|~c4_1(X137)|(ndr1_1(X137)&~c3_2(X137,a1312)&c6_2(X137,a1312)&~c4_2(X137,a1312))))|c8_0|~c2_0)&(~c10_0|![X139]:(ndr1_0=>((ndr1_1(X139)&~c2_2(X139,a1313)&c1_2(X139,a1313)&~c3_2(X139,a1313))|~c7_1(X139)|(ndr1_1(X139)&~c5_2(X139,a1314)&c4_2(X139,a1314)&c10_2(X139,a1314))))|c6_0)&((ndr1_0&c10_1(a1315)&![X140]:(ndr1_1(a1315)=>(~c8_2(a1315,X140)|~c2_2(a1315,X140)))&![X141]:(ndr1_1(a1315)=>(~c5_2(a1315,X141)|~c6_2(a1315,X141)|~c9_2(a1315,X141))))|~c2_0|(ndr1_0&~c8_1(a1316)&~c5_1(a1316)))&(![X142]:(ndr1_0=>(~c2_1(X142)|(ndr1_1(X142)&~c6_2(X142,a1317)&~c2_2(X142,a1317))|~c10_1(X142)))|![X143]:(ndr1_0=>((ndr1_1(X143)&~c8_2(X143,a1318)&c7_2(X143,a1318)&c3_2(X143,a1318))|![X144]:(ndr1_1(X143)=>(c9_2(X143,X144)|c3_2(X143,X144)|~c1_2(X143,X144)))|(ndr1_1(X143)&~c6_2(X143,a1319)&c1_2(X143,a1319)&c8_2(X143,a1319))))|![X145]:(ndr1_0=>(c3_1(X145)|~c2_1(X145)|c7_1(X145))))&(~c7_0|(ndr1_0&![X146]:(ndr1_1(a1320)=>(c3_2(a1320,X146)|c2_2(a1320,X146)|c5_2(a1320,X146)))&ndr1_1(a1320)&~c5_2(a1320,a1321)&~c10_2(a1320,a1321)&c6_2(a1320,a1321)&ndr1_1(a1320)&~c8_2(a1320,a1322)&c1_2(a1320,a1322))|~c8_0)&(![X147]:(ndr1_0=>(~c2_1(X147)|c7_1(X147)|![X148]:(ndr1_1(X147)=>(c3_2(X147,X148)|c6_2(X147,X148)|c8_2(X147,X148)))))|(ndr1_0&c4_1(a1323)&c6_1(a1323)&ndr1_1(a1323)&c9_2(a1323,a1324)&~c8_2(a1323,a1324)&~c1_2(a1323,a1324))|![X149]:(ndr1_0=>((ndr1_1(X149)&~c1_2(X149,a1325)&~c10_2(X149,a1325)&~c8_2(X149,a1325))|~c2_1(X149)|(ndr1_1(X149)&~c1_2(X149,a1326)&c2_2(X149,a1326)&~c9_2(X149,a1326)))))&((ndr1_0&ndr1_1(a1327)&c8_2(a1327,a1328)&~c3_2(a1327,a1328)&![X150]:(ndr1_1(a1327)=>(~c10_2(a1327,X150)|~c2_2(a1327,X150)|~c3_2(a1327,X150)))&c10_1(a1327))|c3_0|~c2_0)&(![X151]:(ndr1_0=>(c4_1(X151)|(ndr1_1(X151)&c8_2(X151,a1329)&c5_2(X151,a1329)&c7_2(X151,a1329))|c1_1(X151)))|~c7_0|c2_0)&(~c1_0|![X152]:(ndr1_0=>(~c10_1(X152)|![X153]:(ndr1_1(X152)=>(c10_2(X152,X153)|c2_2(X152,X153)|c7_2(X152,X153)))|![X154]:(ndr1_1(X152)=>(~c5_2(X152,X154)|c3_2(X152,X154)|c1_2(X152,X154)))))|![X155]:(ndr1_0=>(![X156]:(ndr1_1(X155)=>(c2_2(X155,X156)|~c8_2(X155,X156)|c5_2(X155,X156)))|~c2_1(X155)|(ndr1_1(X155)&~c8_2(X155,a1330)&c9_2(X155,a1330)&~c2_2(X155,a1330)))))&(~c6_0|(ndr1_0&c3_1(a1331)&ndr1_1(a1331)&c7_2(a1331,a1332)&~c9_2(a1331,a1332)&~c10_2(a1331,a1332)&![X157]:(ndr1_1(a1331)=>(c9_2(a1331,X157)|~c6_2(a1331,X157)|~c5_2(a1331,X157)))))&((ndr1_0&ndr1_1(a1333)&c6_2(a1333,a1334)&~c3_2(a1333,a1334)&~c9_2(a1333,a1334)&c3_1(a1333)&![X158]:(ndr1_1(a1333)=>(~c9_2(a1333,X158)|~c10_2(a1333,X158)|~c4_2(a1333,X158))))|(ndr1_0&ndr1_1(a1335)&~c2_2(a1335,a1336)&c8_2(a1335,a1336)&~c3_1(a1335)))&(![X159]:(ndr1_0=>(![X160]:(ndr1_1(X159)=>(c7_2(X159,X160)|~c6_2(X159,X160)|c1_2(X159,X160)))|(ndr1_1(X159)&c4_2(X159,a1337)&c3_2(X159,a1337)&~c8_2(X159,a1337))|![X161]:(ndr1_1(X159)=>(c6_2(X159,X161)|c5_2(X159,X161)))))|~c7_0)&((ndr1_0&~c8_1(a1338)&![X162]:(ndr1_1(a1338)=>(c6_2(a1338,X162)|c3_2(a1338,X162)|~c9_2(a1338,X162)))&ndr1_1(a1338)&c8_2(a1338,a1339)&c5_2(a1338,a1339)&c4_2(a1338,a1339))|c1_0|c3_0)&(~c2_0|c3_0|![X163]:(ndr1_0=>(![X164]:(ndr1_1(X163)=>(~c1_2(X163,X164)|~c2_2(X163,X164)|~c7_2(X163,X164)))|(ndr1_1(X163)&~c2_2(X163,a1340)&c6_2(X163,a1340)&~c9_2(X163,a1340))|c6_1(X163))))&(c8_0|~c3_0)&(c3_0|![X165]:(ndr1_0=>(~c5_1(X165)|c4_1(X165)|~c1_1(X165))))&(~c8_0|~c7_0|~c3_0)&(c1_0|![X166]:(ndr1_0=>(![X167]:(ndr1_1(X166)=>(c9_2(X166,X167)|c5_2(X166,X167)|~c3_2(X166,X167)))|~c10_1(X166)|c9_1(X166)))|~c2_0)&((ndr1_0&c2_1(a1341)&ndr1_1(a1341)&c7_2(a1341,a1342)&~c3_2(a1341,a1342))|(ndr1_0&c3_1(a1343)&~c1_1(a1343)&![X168]:(ndr1_1(a1343)=>(c3_2(a1343,X168)|~c5_2(a1343,X168)|~c2_2(a1343,X168))))|![X169]:(ndr1_0=>((ndr1_1(X169)&c1_2(X169,a1344)&c9_2(X169,a1344)&c4_2(X169,a1344))|(ndr1_1(X169)&c5_2(X169,a1345)&~c4_2(X169,a1345))|c3_1(X169))))&(~c1_0|(ndr1_0&![X170]:(ndr1_1(a1346)=>(~c6_2(a1346,X170)|~c10_2(a1346,X170)|c8_2(a1346,X170)))&![X171]:(ndr1_1(a1346)=>(~c10_2(a1346,X171)|~c5_2(a1346,X171)|c9_2(a1346,X171)))&ndr1_1(a1346)&c6_2(a1346,a1347)&~c4_2(a1346,a1347)&~c2_2(a1346,a1347)))&(![X172]:(ndr1_0=>(![X173]:(ndr1_1(X172)=>(~c1_2(X172,X173)|c4_2(X172,X173)|c3_2(X172,X173)))|c5_1(X172)|(ndr1_1(X172)&c4_2(X172,a1348)&c5_2(X172,a1348)&~c8_2(X172,a1348))))|(ndr1_0&![X174]:(ndr1_1(a1349)=>(~c7_2(a1349,X174)|~c3_2(a1349,X174)|~c5_2(a1349,X174)))&c6_1(a1349)&c3_1(a1349))|(ndr1_0&~c10_1(a1350)&![X175]:(ndr1_1(a1350)=>(c1_2(a1350,X175)|c7_2(a1350,X175)|c6_2(a1350,X175)))))&![X176]:(ndr1_0=>((ndr1_1(X176)&c10_2(X176,a1351)&c8_2(X176,a1351)&c3_2(X176,a1351))|c2_1(X176)|(ndr1_1(X176)&~c8_2(X176,a1352)&c10_2(X176,a1352)&~c2_2(X176,a1352))))&((ndr1_0&![X177]:(ndr1_1(a1353)=>(c5_2(a1353,X177)|c3_2(a1353,X177)|c2_2(a1353,X177)))&~c5_1(a1353)&~c3_1(a1353))|(ndr1_0&c4_1(a1354)&~c7_1(a1354)))&(c8_0|![X178]:(ndr1_0=>(c8_1(X178)|(ndr1_1(X178)&c9_2(X178,a1355)&c6_2(X178,a1355)&~c4_2(X178,a1355))|(ndr1_1(X178)&~c5_2(X178,a1356)&~c4_2(X178,a1356)&c1_2(X178,a1356))))|(ndr1_0&![X179]:(ndr1_1(a1357)=>(~c10_2(a1357,X179)|c1_2(a1357,X179)|~c9_2(a1357,X179)))&ndr1_1(a1357)&c6_2(a1357,a1358)&c9_2(a1357,a1358)&c1_2(a1357,a1358)&~c6_1(a1357)))&(![X180]:(ndr1_0=>((ndr1_1(X180)&~c4_2(X180,a1359)&c1_2(X180,a1359)&c7_2(X180,a1359))|(ndr1_1(X180)&c6_2(X180,a1360)&c9_2(X180,a1360)&~c10_2(X180,a1360))|c8_1(X180)))|(ndr1_0&![X181]:(ndr1_1(a1361)=>(~c5_2(a1361,X181)|c9_2(a1361,X181)|~c7_2(a1361,X181)))&c8_1(a1361)&~c2_1(a1361))|~c10_0)&(![X182]:(ndr1_0=>(~c8_1(X182)|(ndr1_1(X182)&c4_2(X182,a1362)&~c3_2(X182,a1362)&c10_2(X182,a1362))|![X183]:(ndr1_1(X182)=>(c9_2(X182,X183)|c5_2(X182,X183)|~c4_2(X182,X183)))))|c10_0|~c8_0)&(c2_0|c10_0|~c6_0)&(~c7_0|![X184]:(ndr1_0=>(~c8_1(X184)|c4_1(X184)|![X185]:(ndr1_1(X184)=>(~c3_2(X184,X185)|c6_2(X184,X185)|c5_2(X184,X185))))))&~c7_0&(~c6_0|c1_0)&(c1_0|c2_0)&((ndr1_0&ndr1_1(a1363)&~c7_2(a1363,a1364)&~c1_2(a1363,a1364)&c2_2(a1363,a1364)&~c6_1(a1363)&![X186]:(ndr1_1(a1363)=>(~c10_2(a1363,X186)|c1_2(a1363,X186)|c3_2(a1363,X186))))|c10_0)))			
../../TPTP-v7.3.0/Problems/SYN/SYN529-1.p		Satisfiable	UNKNOWN		UNKNOWN		cnf					
../../TPTP-v7.3.0/Problems/SYN/SYN536-1.p		Satisfiable	UNKNOWN		UNKNOWN		cnf					
../../TPTP-v7.3.0/Problems/SYN/SYN380+1.p		Theorem	UNKNOWN		UNKNOWN		fof		(![W]:~big_r(W,W)=>?[X,Y]:(~big_r(X,Y)&(big_q(Y,X)=>![Z]:big_q(Z,Z))))			
../../TPTP-v7.3.0/Problems/SYN/SYN083+1.p		Theorem	UNKNOWN		UNKNOWN		fof	(![X,Y,Z]:f(X,f(Y,Z))=f(f(X,Y),Z)),(![X,Y,Z]:f(X,f(Y,Z))=f(f(X,Y),Z))	(![X,Y,Z,W]:f(X,f(Y,f(Z,W)))=f(f(f(X,Y),Z),W))			
../../TPTP-v7.3.0/Problems/SYN/SYN717-1.p		Unsatisfiable	UNKNOWN		UNKNOWN		cnf					
../../TPTP-v7.3.0/Problems/SYN/SYN977+1.p		Theorem	UNKNOWN		UNKNOWN		fof		((a<=>b)|a|b)			
../../TPTP-v7.3.0/Problems/SYN/SYN930+1.p		Theorem	UNKNOWN		UNKNOWN		fof		(![X]:(p(X)|c)<=>(![X]:p(X)|c))			
../../TPTP-v7.3.0/Problems/SYN/SYN382+1.p		Theorem	UNKNOWN		UNKNOWN		fof		(![Z]:?[X]:(![Y]:big_p(X,Y)|big_q(X,Z))=>![Y]:?[X]:(big_p(X,Y)|big_q(X,Y)))			
../../TPTP-v7.3.0/Problems/SYN/SYN496+1.p		CounterSatisfiable	UNKNOWN		UNKNOWN		fof		(~((~hskp0|(ndr1_0&~c1_1(a81)&~c3_1(a81)&~c0_1(a81)))&(~hskp1|(ndr1_0&~c3_1(a83)&c2_1(a83)&~c1_1(a83)))&(~hskp2|(ndr1_0&c1_1(a85)&~c0_1(a85)&~c3_1(a85)))&(~hskp3|(ndr1_0&c1_1(a87)&c2_1(a87)&~c3_1(a87)))&(~hskp4|(ndr1_0&~c2_1(a88)&~c0_1(a88)&~c1_1(a88)))&(~hskp5|(ndr1_0&c3_1(a79)&c1_1(a79)&c2_1(a79)))&(~hskp6|(ndr1_0&c3_1(a80)&c0_1(a80)&c1_1(a80)))&(~hskp7|(ndr1_0&~c3_1(a82)&c1_1(a82)&c2_1(a82)))&(~hskp8|(ndr1_0&~c2_1(a84)&c3_1(a84)&c1_1(a84)))&(~hskp9|(ndr1_0&~c3_1(a86)&c0_1(a86)&c2_1(a86)))&(~hskp10|(ndr1_0&~c0_1(a89)&~c2_1(a89)&c1_1(a89)))&(![U]:(ndr1_0=>(~c0_1(U)|~c2_1(U)|c3_1(U)))|![V]:(ndr1_0=>(c2_1(V)|c1_1(V)|c3_1(V)))|hskp5)&(hskp6|hskp0|hskp7)&(hskp1|hskp8|![W]:(ndr1_0=>(c0_1(W)|c3_1(W)|~c2_1(W))))&(![X]:(ndr1_0=>(c2_1(X)|c1_1(X)|c3_1(X)))|![Y]:(ndr1_0=>(c3_1(Y)|~c1_1(Y)|~c2_1(Y)))|![Z]:(ndr1_0=>(~c3_1(Z)|c1_1(Z)|~c0_1(Z))))&(hskp2|![X1]:(ndr1_0=>(c1_1(X1)|c2_1(X1)|c0_1(X1)))|![X2]:(ndr1_0=>(~c1_1(X2)|~c2_1(X2)|c0_1(X2))))&(![X3]:(ndr1_0=>(~c0_1(X3)|~c1_1(X3)|~c2_1(X3)))|![X4]:(ndr1_0=>(~c1_1(X4)|~c0_1(X4)|c3_1(X4)))|hskp9)&(![X5]:(ndr1_0=>(~c2_1(X5)|c3_1(X5)|c1_1(X5)))|hskp3|![X6]:(ndr1_0=>(c2_1(X6)|c0_1(X6)|c3_1(X6))))&(hskp4|hskp10|hskp1)))			
../../TPTP-v7.3.0/Problems/SYN/SYN945+1.p		Theorem	YES	DTS/Alligator/AlexHappy/output/SYN945+1_dts.html	UNKNOWN		fof		(![X]:p(X)=>![A,B]:(p(A)&p(B)))			
../../TPTP-v7.3.0/Problems/SYN/SYN494-1.p		Satisfiable	UNKNOWN		UNKNOWN		cnf					
../../TPTP-v7.3.0/Problems/SYN/SYN087-1.003.p		Satisfiable	UNKNOWN		UNKNOWN		cnf	(p_0|~p_1|~p_2),(p_0|~q_1|~q_2),(p_1|~p_2|~p_3),(p_1|~q_2|~q_3),(p_2|~p_3|~p_4),(p_2|~q_3|~q_4),(p_3|~p_4|~p_5),(p_3|~q_4|~q_5),(q_0|~p_1|~q_2),(q_0|~q_1|~p_2),(q_1|~p_2|~q_3),(q_1|~q_2|~p_3),(q_2|~p_3|~q_4),(q_2|~q_3|~p_4),(q_3|~p_4|~q_5),(q_3|~q_4|~p_5),(p_5|~p_2),(p_6|~p_3),(q_5|~q_2),(q_6|~q_3),(p_0|~p_1|~p_2),(p_0|~q_1|~q_2),(p_1|~p_2|~p_3),(p_1|~q_2|~q_3),(p_2|~p_3|~p_4),(p_2|~q_3|~q_4),(p_3|~p_4|~p_5),(p_3|~q_4|~q_5),(q_0|~p_1|~q_2),(q_0|~q_1|~p_2),(q_1|~p_2|~q_3),(q_1|~q_2|~p_3),(q_2|~p_3|~q_4),(q_2|~q_3|~p_4),(q_3|~p_4|~q_5),(q_3|~q_4|~p_5),(p_5|~p_2),(p_6|~p_3),(q_5|~q_2),(q_6|~q_3)				
../../TPTP-v7.3.0/Problems/SYN/SYN513-1.p		Satisfiable	UNKNOWN		UNKNOWN		cnf					
../../TPTP-v7.3.0/Problems/SYN/SYN986-10.006.p		Unsatisfiable	UNKNOWN		UNKNOWN		cnf	(ifeq(A,A,B,C)=B),(r(Y,zero,succ(Y))=true),(ifeq(r(Z,X,Z1),true,ifeq(r(Y,X,Z),true,r(Y,succ(X),Z1),true),true)=true),(ifeq(A,A,B,C)=B),(r(Y,zero,succ(Y))=true),(ifeq(r(Z,X,Z1),true,ifeq(r(Y,X,Z),true,r(Y,succ(X),Z1),true),true)=true)				
../../TPTP-v7.3.0/Problems/SYN/SYN474-1.p		Unsatisfiable	UNKNOWN		UNKNOWN		cnf					
../../TPTP-v7.3.0/Problems/SYN/SYN720-1.p		Satisfiable	UNKNOWN		UNKNOWN					found nothing to prove		
../../TPTP-v7.3.0/Problems/SYN/SYN003-1.006.p		Unsatisfiable	UNKNOWN		UNKNOWN		cnf					
../../TPTP-v7.3.0/Problems/SYN/SYN555-1.p		Unsatisfiable	UNKNOWN		UNKNOWN		cnf					
../../TPTP-v7.3.0/Problems/SYN/SYN265-1.p		Unsatisfiable	UNKNOWN		UNKNOWN		cnf					
../../TPTP-v7.3.0/Problems/SYN/SYN334-1.p		Unsatisfiable	UNKNOWN		UNKNOWN		cnf					
../../TPTP-v7.3.0/Problems/SYN/SYN863-1.p		Satisfiable	UNKNOWN		UNKNOWN		cnf					
../../TPTP-v7.3.0/Problems/SYN/SYN441-1.p		Satisfiable	UNKNOWN		UNKNOWN		cnf					
../../TPTP-v7.3.0/Problems/SYN/SYN354+1.p		Theorem	UNKNOWN		UNKNOWN		fof		(![X1,X2]:?[Y1,Y2]:![Z]:(big_f(X1,X2)=>(big_g(X1,X2)=>(((big_g(X2,Z)<=>big_g(Y2,Z))=>(big_f(Y1,Y2)=>big_f(X2,Y2)))=>((big_g(X2,Z)<=>big_g(Y1,Z))=>(big_f(X1,Y1)&big_f(X2,Y1)&big_f(Y1,Y2)))))))			
../../TPTP-v7.3.0/Problems/SYN/SYN936+1.p		Theorem	UNKNOWN		UNKNOWN		fof		(![X]:(c=>p(X))<=>(c=>![X]:p(X)))			
../../TPTP-v7.3.0/Problems/SYN/SYN719-1.p		Unsatisfiable	UNKNOWN		UNKNOWN		cnf					
../../TPTP-v7.3.0/Problems/SYN/SYN970+1.p		Theorem	UNKNOWN		UNKNOWN		fof		(![A,B]:?[X,Y]:((p(X)=>r(Y))=>(p(A)=>r(B))))			
../../TPTP-v7.3.0/Problems/SYN/SYN953+1.p		Theorem	YES	DTS/Alligator/AlexHappy/output/SYN953+1_dts.html	UNKNOWN		fof		(![X]:(p(X)=>q(X))=>(![X]:p(X)=>![X]:q(X)))			
../../TPTP-v7.3.0/Problems/SYN/SYN083-1.p		Unsatisfiable	UNKNOWN		UNKNOWN		cnf	(f(X,f(Y,Z))=f(f(X,Y),Z)),(f(X,f(Y,Z))=f(f(X,Y),Z))				
../../TPTP-v7.3.0/Problems/SYN/SYN649-1.p		Unsatisfiable	UNKNOWN		UNKNOWN		cnf					
../../TPTP-v7.3.0/Problems/SYN/SYN658-1.p		Unsatisfiable	UNKNOWN		UNKNOWN		cnf					
../../TPTP-v7.3.0/Problems/SYN/SYN852-1.p		Satisfiable	UNKNOWN		UNKNOWN		cnf					
../../TPTP-v7.3.0/Problems/SYN/SYN986+1.000.p		Theorem	UNKNOWN		UNKNOWN		fof		(?[Z0]:r(zero,zero,Z0))			
../../TPTP-v7.3.0/Problems/SYN/SYN332-1.p		Unsatisfiable	UNKNOWN		UNKNOWN		cnf					
../../TPTP-v7.3.0/Problems/SYN/SYN573-1.p		Unsatisfiable	UNKNOWN		UNKNOWN		cnf					
../../TPTP-v7.3.0/Problems/SYN/SYN198-1.p		Unsatisfiable	UNKNOWN		UNKNOWN		cnf					
../../TPTP-v7.3.0/Problems/SYN/SYN146-1.p		Unsatisfiable	UNKNOWN		UNKNOWN		cnf					
../../TPTP-v7.3.0/Problems/SYN/SYN059-1.p		Satisfiable	UNKNOWN		UNKNOWN		cnf	(big_f(a)),(big_g(b)),(big_f(a)),(big_g(b))				
../../TPTP-v7.3.0/Problems/SYN/SYN045+1.p		Theorem	UNKNOWN		UNKNOWN		fof		((p|(q&r))<=>((p|q)&(p|r)))			
../../TPTP-v7.3.0/Problems/SYN/SYN674-1.p		Unsatisfiable	UNKNOWN		UNKNOWN		cnf					
../../TPTP-v7.3.0/Problems/SYN/SYN525-1.p		Satisfiable	UNKNOWN		UNKNOWN		cnf					
../../TPTP-v7.3.0/Problems/SYN/SYN118-1.p		Unsatisfiable	UNKNOWN		UNKNOWN		cnf					
../../TPTP-v7.3.0/Problems/SYN/SYN152-1.p		Unsatisfiable	UNKNOWN		UNKNOWN		cnf					
../../TPTP-v7.3.0/Problems/SYN/SYN589-1.p		Unsatisfiable	UNKNOWN		UNKNOWN		cnf					
../../TPTP-v7.3.0/Problems/SYN/SYN751-1.p		Satisfiable	UNKNOWN		UNKNOWN		cnf					
../../TPTP-v7.3.0/Problems/SYN/SYN397+1.p		Theorem	UNKNOWN		UNKNOWN		fof		(~(?[X]:f(X))<=>![Y]:~f(Y))			
../../TPTP-v7.3.0/Problems/SYN/SYN754-1.p		Satisfiable	UNKNOWN		UNKNOWN		cnf					
../../TPTP-v7.3.0/Problems/SYN/SYN776-1.p		Satisfiable	UNKNOWN		UNKNOWN		cnf					
../../TPTP-v7.3.0/Problems/SYN/SYN534+1.p		CounterSatisfiable	UNKNOWN		UNKNOWN		fof		(~((c2_0|(ndr1_0&~c2_1(a471)&~c4_1(a471))|~c1_0)&(~c3_0|![U]:(ndr1_0=>(c3_1(U)|c5_1(U)))|c1_0)&(c3_0|c1_0|~c5_0)&((ndr1_0&~c1_1(a472)&c5_1(a472)&ndr1_1(a472)&~c5_2(a472,a473)&~c3_2(a472,a473))|(ndr1_0&![V]:(ndr1_1(a474)=>(c4_2(a474,V)|~c3_2(a474,V)))&![W]:(ndr1_1(a474)=>(~c5_2(a474,W)|c1_2(a474,W)|~c4_2(a474,W)))&ndr1_1(a474)&~c5_2(a474,a475)&c2_2(a474,a475)))&(~c2_0|~c3_0)&(c4_0|~c2_0|![X]:(ndr1_0=>(![Y]:(ndr1_1(X)=>(c3_2(X,Y)|~c4_2(X,Y)|c5_2(X,Y)))|~c3_1(X)|(ndr1_1(X)&~c3_2(X,a476)&~c1_2(X,a476)&~c5_2(X,a476)))))&(![Z]:(ndr1_0=>(c2_1(Z)|~c4_1(Z)|~c1_1(Z)))|![X1]:(ndr1_0=>(c5_1(X1)|(ndr1_1(X1)&~c2_2(X1,a477)&c5_2(X1,a477)&c1_2(X1,a477))|~c2_1(X1)))|(ndr1_0&~c2_1(a478)&![X2]:(ndr1_1(a478)=>(~c2_2(a478,X2)|~c1_2(a478,X2)|~c4_2(a478,X2)))&c1_1(a478)))&(c4_0|(ndr1_0&c5_1(a479)&![X3]:(ndr1_1(a479)=>(~c1_2(a479,X3)|~c5_2(a479,X3)|~c2_2(a479,X3))))|~c3_0)&((ndr1_0&ndr1_1(a480)&~c4_2(a480,a481)&c1_2(a480,a481)&c2_2(a480,a481)&~c5_1(a480))|c5_0|![X4]:(ndr1_0=>(c2_1(X4)|![X5]:(ndr1_1(X4)=>(~c5_2(X4,X5)|~c3_2(X4,X5)|c4_2(X4,X5)))|![X6]:(ndr1_1(X4)=>(~c5_2(X4,X6)|c2_2(X4,X6)|~c4_2(X4,X6))))))&(![X7]:(ndr1_0=>(![X8]:(ndr1_1(X7)=>(~c1_2(X7,X8)|~c4_2(X7,X8)|~c2_2(X7,X8)))|c4_1(X7)|![X9]:(ndr1_1(X7)=>(c1_2(X7,X9)|c5_2(X7,X9)|~c4_2(X7,X9)))))|![X10]:(ndr1_0=>(c1_1(X10)|(ndr1_1(X10)&c3_2(X10,a482)&c1_2(X10,a482)&~c4_2(X10,a482))|~c2_1(X10)))|~c3_0)&(c5_0|c1_0)&(![X11]:(ndr1_0=>((ndr1_1(X11)&c3_2(X11,a483)&c2_2(X11,a483)&c1_2(X11,a483))|~c2_1(X11)))|c4_0|~c2_0)&((ndr1_0&![X12]:(ndr1_1(a484)=>c4_2(a484,X12))&~c3_1(a484)&~c1_1(a484))|(ndr1_0&ndr1_1(a485)&c3_2(a485,a486)&c2_2(a485,a486)&c5_2(a485,a486)&c2_1(a485)&c4_1(a485))|c2_0)&(![X13]:(ndr1_0=>(c1_1(X13)|~c3_1(X13)|![X14]:(ndr1_1(X13)=>(~c1_2(X13,X14)|c5_2(X13,X14)|~c3_2(X13,X14)))))|~c5_0|c2_0)&(![X15]:(ndr1_0=>(![X16]:(ndr1_1(X15)=>(~c2_2(X15,X16)|~c5_2(X15,X16)|~c4_2(X15,X16)))|c4_1(X15)|c1_1(X15)))|![X17]:(ndr1_0=>c2_1(X17))|c4_0)&(c3_0|![X18]:(ndr1_0=>(c1_1(X18)|c3_1(X18)))|c5_0)&(~c5_0|(ndr1_0&![X19]:(ndr1_1(a487)=>(~c2_2(a487,X19)|c4_2(a487,X19)|~c5_2(a487,X19)))&~c2_1(a487))|(ndr1_0&c4_1(a488)&![X20]:(ndr1_1(a488)=>(c1_2(a488,X20)|c4_2(a488,X20)))&c2_1(a488)))&(c3_0|~c5_0|![X21]:(ndr1_0=>(c2_1(X21)|(ndr1_1(X21)&c3_2(X21,a489)&c5_2(X21,a489)&~c2_2(X21,a489))|(ndr1_1(X21)&c1_2(X21,a490)&~c3_2(X21,a490)))))&(![X22]:(ndr1_0=>(~c3_1(X22)|c4_1(X22)|~c5_1(X22)))|c5_0|~c2_0)&((ndr1_0&c3_1(a491)&c5_1(a491))|c3_0)))			
../../TPTP-v7.3.0/Problems/SYN/SYN769-1.p		Satisfiable	UNKNOWN		UNKNOWN		cnf					
../../TPTP-v7.3.0/Problems/SYN/SYN375+1.p		Theorem	UNKNOWN		UNKNOWN		fof		(![X]:(big_p(X)<=>?[Y]:big_p(Y))<=>(![X]:big_p(X)<=>?[Y]:big_p(Y)))			
../../TPTP-v7.3.0/Problems/SYN/SYN692-1.p		Unsatisfiable	UNKNOWN		UNKNOWN		cnf					
../../TPTP-v7.3.0/Problems/SYN/SYN341+1.p		Theorem	UNKNOWN		UNKNOWN		fof		(?[X1]:![X2]:?[X3]:![X4]:(big_f(X1,X2,X3)=>big_f(X2,X3,X4)))			
../../TPTP-v7.3.0/Problems/SYN/SYN413+1.p		Theorem	UNKNOWN		UNKNOWN		fof		(![Z]:?[Y]:![X]:(f(X,Y)<=>(f(X,Z)&~f(X,X)))=>~(?[V]:![U]:f(U,V)))			
../../TPTP-v7.3.0/Problems/SYN/SYN915-1.p		Unsatisfiable	NO	DTS/Alligator/AlexHappy/output/SYN915-1_dts.html	UNKNOWN		cnf					
../../TPTP-v7.3.0/Problems/SYN/SYN399+1.p		Theorem	UNKNOWN		UNKNOWN		fof		(![X]:(f(X)<=>p)=>(![Y]:f(Y)<=>p))			
../../TPTP-v7.3.0/Problems/SYN/SYN794-1.p		Satisfiable	UNKNOWN		UNKNOWN		cnf					
../../TPTP-v7.3.0/Problems/SYN/SYN098-1.002.p		Unsatisfiable	UNKNOWN		UNKNOWN		cnf	(~u_1),(u_2|p_0|~p_1|~p_2),(p_0|~u_2),(u_3|p_0|~q_1|~q_2),(p_0|~u_3),(u_4|p_1|~p_2|~p_3),(p_1|~u_4),(u_5|p_1|~q_2|~q_3),(p_1|~u_5),(u_6|q_0|~p_1|~q_2),(q_0|~u_6),(u_7|q_0|~q_1|~p_2),(q_0|~u_7),(u_8|q_1|~p_2|~q_3),(q_1|~u_8),(u_9|q_1|~q_2|~p_3),(q_1|~u_9),(u_10|p_3|~p_1),(p_3|~u_10),(u_11|p_4|~p_2),(p_4|~u_11),(u_12|q_3|~q_1),(q_3|~u_12),(u_13|q_4|~q_2),(q_4|~u_13),(u_14|p_2),(p_2|~u_14),(u_15|p_3),(p_3|~u_15),(u_16|q_2),(q_2|~u_16),(u_17|q_3),(q_3|~u_17),(~sym_u_1|sym_p_0|sym_q_0),(sym_u_1),(~sym_u_2|~sym_p_0|sym_p_1|sym_p_2),(~sym_p_0|sym_u_2),(~sym_u_3|~sym_p_0|sym_q_1|sym_q_2),(~sym_p_0|sym_u_3),(~sym_u_4|~sym_p_1|sym_p_2|sym_p_3),(~sym_p_1|sym_u_4),(~sym_u_5|~sym_p_1|sym_q_2|sym_q_3),(~sym_p_1|sym_u_5),(~sym_u_6|~sym_q_0|sym_p_1|sym_q_2),(~sym_q_0|sym_u_6),(~sym_u_7|~sym_q_0|sym_q_1|sym_p_2),(~sym_q_0|sym_u_7),(~sym_u_8|~sym_q_1|sym_p_2|sym_q_3),(~sym_q_1|sym_u_8),(~sym_u_9|~sym_q_1|sym_q_2|sym_p_3),(~sym_q_1|sym_u_9),(~sym_u_10|~sym_p_3|sym_p_1),(~sym_p_3|sym_u_10),(~sym_u_11|~sym_p_4|sym_p_2),(~sym_p_4|sym_u_11),(~sym_u_12|~sym_q_3|sym_q_1),(~sym_q_3|sym_u_12),(~sym_u_13|~sym_q_4|sym_q_2),(~sym_q_4|sym_u_13),(~sym_u_14|~sym_p_2),(~sym_p_2|sym_u_14),(~sym_u_15|~sym_p_3),(~sym_p_3|sym_u_15),(~sym_u_16|~sym_q_2),(~sym_q_2|sym_u_16),(~sym_u_17|~sym_q_3),(~sym_q_3|sym_u_17),(~u_1),(u_2|p_0|~p_1|~p_2),(p_0|~u_2),(u_3|p_0|~q_1|~q_2),(p_0|~u_3),(u_4|p_1|~p_2|~p_3),(p_1|~u_4),(u_5|p_1|~q_2|~q_3),(p_1|~u_5),(u_6|q_0|~p_1|~q_2),(q_0|~u_6),(u_7|q_0|~q_1|~p_2),(q_0|~u_7),(u_8|q_1|~p_2|~q_3),(q_1|~u_8),(u_9|q_1|~q_2|~p_3),(q_1|~u_9),(u_10|p_3|~p_1),(p_3|~u_10),(u_11|p_4|~p_2),(p_4|~u_11),(u_12|q_3|~q_1),(q_3|~u_12),(u_13|q_4|~q_2),(q_4|~u_13),(u_14|p_2),(p_2|~u_14),(u_15|p_3),(p_3|~u_15),(u_16|q_2),(q_2|~u_16),(u_17|q_3),(q_3|~u_17),(~sym_u_1|sym_p_0|sym_q_0),(sym_u_1),(~sym_u_2|~sym_p_0|sym_p_1|sym_p_2),(~sym_p_0|sym_u_2),(~sym_u_3|~sym_p_0|sym_q_1|sym_q_2),(~sym_p_0|sym_u_3),(~sym_u_4|~sym_p_1|sym_p_2|sym_p_3),(~sym_p_1|sym_u_4),(~sym_u_5|~sym_p_1|sym_q_2|sym_q_3),(~sym_p_1|sym_u_5),(~sym_u_6|~sym_q_0|sym_p_1|sym_q_2),(~sym_q_0|sym_u_6),(~sym_u_7|~sym_q_0|sym_q_1|sym_p_2),(~sym_q_0|sym_u_7),(~sym_u_8|~sym_q_1|sym_p_2|sym_q_3),(~sym_q_1|sym_u_8),(~sym_u_9|~sym_q_1|sym_q_2|sym_p_3),(~sym_q_1|sym_u_9),(~sym_u_10|~sym_p_3|sym_p_1),(~sym_p_3|sym_u_10),(~sym_u_11|~sym_p_4|sym_p_2),(~sym_p_4|sym_u_11),(~sym_u_12|~sym_q_3|sym_q_1),(~sym_q_3|sym_u_12),(~sym_u_13|~sym_q_4|sym_q_2),(~sym_q_4|sym_u_13),(~sym_u_14|~sym_p_2),(~sym_p_2|sym_u_14),(~sym_u_15|~sym_p_3),(~sym_p_3|sym_u_15),(~sym_u_16|~sym_q_2),(~sym_q_2|sym_u_16),(~sym_u_17|~sym_q_3),(~sym_q_3|sym_u_17)				
../../TPTP-v7.3.0/Problems/SYN/SYN593-1.p		Unsatisfiable	UNKNOWN		UNKNOWN		cnf					
../../TPTP-v7.3.0/Problems/SYN/SYN487-1.p		Unsatisfiable	UNKNOWN		UNKNOWN		cnf					
../../TPTP-v7.3.0/Problems/SYN/SYN321+1.p		Theorem	UNKNOWN		UNKNOWN		fof		(?[X,Y]:((?[Z]:big_f(X,Z)=>![Z]:big_g(X,Z))=>(![Z]:(big_g(Z,Z)=>big_f(Z,Y))=>(big_f(X,Y)<=>![Z]:big_g(X,Z)))))			
../../TPTP-v7.3.0/Problems/SYN/SYN560-1.p		Unsatisfiable	UNKNOWN		UNKNOWN		cnf					
../../TPTP-v7.3.0/Problems/SYN/SYN907-1.p		Satisfiable	UNKNOWN		UNKNOWN		cnf					
../../TPTP-v7.3.0/Problems/SYN/SYN093-1.002.p		Unsatisfiable	UNKNOWN		UNKNOWN		cnf	(~u_1),(u_2|p_1_2|~p_2_2|~p_1_1),(p_1_2|~u_2),(u_3|p_1_2|~q_2_2|~q_1_1),(p_1_2|~u_3),(u_4|q_1_2|~p_2_2|~q_1_1),(q_1_2|~u_4),(u_5|q_1_2|~q_2_2|~p_1_1),(q_1_2|~u_5),(u_6|p_1_1|~p_1_2),(p_1_1|~u_6),(u_7|q_1_1|~q_1_2),(q_1_1|~u_7),(u_8|p_2_2|~p_1_2),(p_2_2|~u_8),(u_9|q_2_2|~q_1_2),(q_2_2|~u_9),(u_10|p_1_1),(p_1_1|~u_10),(u_11|q_1_1),(q_1_1|~u_11),(u_12|p_2_2),(p_2_2|~u_12),(u_13|q_2_2),(q_2_2|~u_13),(~u_1),(u_2|p_1_2|~p_2_2|~p_1_1),(p_1_2|~u_2),(u_3|p_1_2|~q_2_2|~q_1_1),(p_1_2|~u_3),(u_4|q_1_2|~p_2_2|~q_1_1),(q_1_2|~u_4),(u_5|q_1_2|~q_2_2|~p_1_1),(q_1_2|~u_5),(u_6|p_1_1|~p_1_2),(p_1_1|~u_6),(u_7|q_1_1|~q_1_2),(q_1_1|~u_7),(u_8|p_2_2|~p_1_2),(p_2_2|~u_8),(u_9|q_2_2|~q_1_2),(q_2_2|~u_9),(u_10|p_1_1),(p_1_1|~u_10),(u_11|q_1_1),(q_1_1|~u_11),(u_12|p_2_2),(p_2_2|~u_12),(u_13|q_2_2),(q_2_2|~u_13)				
../../TPTP-v7.3.0/Problems/SYN/SYN503-1.p		Unsatisfiable	UNKNOWN		UNKNOWN		cnf					
../../TPTP-v7.3.0/Problems/SYN/SYN204-1.p		Unsatisfiable	UNKNOWN		UNKNOWN		cnf					
../../TPTP-v7.3.0/Problems/SYN/SYN550+1.p		Theorem	UNKNOWN		UNKNOWN		fof	(![X]:reachable(X,X)),(![X,Y,Z]:((reachable(X,Y)&reachable(Y,Z))=>reachable(X,Z))),(![X]:reachable(X,X)),(![X,Y,Z]:((reachable(X,Y)&reachable(Y,Z))=>reachable(X,Z)))	(?[X]:(reachable(initial_world,X)&![Y]:(reachable(X,Y)=>p(Y)))<=>?[X]:(reachable(initial_world,X)&![Y]:(reachable(X,Y)=>?[Z]:(reachable(Y,Z)&![W]:(reachable(Z,W)=>p(W))))))			
../../TPTP-v7.3.0/Problems/SYN/SYN475-1.p		Unsatisfiable	UNKNOWN		UNKNOWN		cnf					
../../TPTP-v7.3.0/Problems/SYN/SYN133-1.p		Unsatisfiable	UNKNOWN		UNKNOWN		cnf					
../../TPTP-v7.3.0/Problems/SYN/SYN896-1.p		Unsatisfiable	UNKNOWN		UNKNOWN		cnf					
../../TPTP-v7.3.0/Problems/SYN/SYN639-1.p		Unsatisfiable	UNKNOWN		UNKNOWN		cnf					
../../TPTP-v7.3.0/Problems/SYN/SYN533-1.p		Satisfiable	UNKNOWN		UNKNOWN		cnf					
../../TPTP-v7.3.0/Problems/SYN/SYN337-10.p		Satisfiable	UNKNOWN		UNKNOWN		cnf	(ifeq(A,A,B,C)=B),(ifeq(A,A,B,C)=B)				
../../TPTP-v7.3.0/Problems/SYN/SYN513+1.p		CounterSatisfiable	UNKNOWN		UNKNOWN		fof		(~(((ndr1_0&~c5_1(a775)&~c3_1(a775)&c1_1(a775))|~c4_0)&(c5_0|(ndr1_0&ndr1_1(a776)&~c3_2(a776,a777)&c2_2(a776,a777)&~c1_2(a776,a777)&~c2_1(a776)&![U]:(ndr1_1(a776)=>(c5_2(a776,U)|~c3_2(a776,U))))|![V]:(ndr1_0=>(~c2_1(V)|(ndr1_1(V)&c3_2(V,a778)&c1_2(V,a778)&c4_2(V,a778))|![W]:(ndr1_1(V)=>(c1_2(V,W)|c3_2(V,W)|c5_2(V,W))))))&((ndr1_0&~c3_1(a779)&![X]:(ndr1_1(a779)=>(~c1_2(a779,X)|c2_2(a779,X)|c3_2(a779,X))))|c3_0|(ndr1_0&![Y]:(ndr1_1(a780)=>(c2_2(a780,Y)|c3_2(a780,Y)|c1_2(a780,Y)))&c3_1(a780)))&(~c2_0|c4_0)&((ndr1_0&~c4_1(a781)&![Z]:(ndr1_1(a781)=>(~c2_2(a781,Z)|c4_2(a781,Z)|~c1_2(a781,Z))))|~c4_0|![X1]:(ndr1_0=>(![X2]:(ndr1_1(X1)=>(c1_2(X1,X2)|~c2_2(X1,X2)|c4_2(X1,X2)))|![X3]:(ndr1_1(X1)=>(~c4_2(X1,X3)|~c2_2(X1,X3)))|c1_1(X1))))&(~c1_0|~c4_0|![X4]:(ndr1_0=>(~c3_1(X4)|(ndr1_1(X4)&~c2_2(X4,a782)&~c5_2(X4,a782)&~c1_2(X4,a782))|~c1_1(X4))))&(c4_0|~c1_0|![X5]:(ndr1_0=>(~c5_1(X5)|c1_1(X5)|(ndr1_1(X5)&~c4_2(X5,a783)&~c2_2(X5,a783)&~c3_2(X5,a783)))))&(![X6]:(ndr1_0=>(![X7]:(ndr1_1(X6)=>(~c5_2(X6,X7)|c3_2(X6,X7)|~c4_2(X6,X7)))|~c5_1(X6)|![X8]:(ndr1_1(X6)=>(~c5_2(X6,X8)|~c1_2(X6,X8)))))|![X9]:(ndr1_0=>((ndr1_1(X9)&c3_2(X9,a784)&c2_2(X9,a784)&~c1_2(X9,a784))|~c4_1(X9)))|![X10]:(ndr1_0=>((ndr1_1(X10)&c5_2(X10,a785)&~c2_2(X10,a785)&~c1_2(X10,a785))|c2_1(X10))))&((ndr1_0&![X11]:(ndr1_1(a786)=>(c3_2(a786,X11)|~c1_2(a786,X11)|c5_2(a786,X11)))&![X12]:(ndr1_1(a786)=>(c5_2(a786,X12)|c4_2(a786,X12)|~c2_2(a786,X12)))&~c4_1(a786))|![X13]:(ndr1_0=>((ndr1_1(X13)&~c4_2(X13,a787)&~c3_2(X13,a787)&c5_2(X13,a787))|(ndr1_1(X13)&~c2_2(X13,a788)&c3_2(X13,a788)&c1_2(X13,a788))|c3_1(X13)))|(ndr1_0&~c5_1(a789)&ndr1_1(a789)&c5_2(a789,a790)&c1_2(a789,a790)&~c4_2(a789,a790)&c1_1(a789)))&(![X14]:(ndr1_0=>(![X15]:(ndr1_1(X14)=>(c1_2(X14,X15)|c5_2(X14,X15)|c3_2(X14,X15)))|~c2_1(X14)|c5_1(X14)))|~c3_0|c2_0)&(![X16]:(ndr1_0=>(![X17]:(ndr1_1(X16)=>(c4_2(X16,X17)|~c5_2(X16,X17)|c2_2(X16,X17)))|(ndr1_1(X16)&c4_2(X16,a791)&c3_2(X16,a791)&c1_2(X16,a791))|c5_1(X16)))|![X18]:(ndr1_0=>(~c2_1(X18)|c4_1(X18)|c1_1(X18)))|c2_0)&(c4_0|~c2_0|c1_0)&((ndr1_0&ndr1_1(a792)&~c5_2(a792,a793)&c1_2(a792,a793)&c4_1(a792)&ndr1_1(a792)&~c4_2(a792,a794)&c3_2(a792,a794)&~c1_2(a792,a794))|(ndr1_0&![X19]:(ndr1_1(a795)=>(~c2_2(a795,X19)|c1_2(a795,X19)|~c5_2(a795,X19)))&![X20]:(ndr1_1(a795)=>(~c1_2(a795,X20)|c5_2(a795,X20)|c3_2(a795,X20)))&~c1_1(a795))|~c3_0)&(~c2_0|~c4_0|c3_0)&(![X21]:(ndr1_0=>(![X22]:(ndr1_1(X21)=>(c4_2(X21,X22)|~c5_2(X21,X22)|c3_2(X21,X22)))|![X23]:(ndr1_1(X21)=>(c3_2(X21,X23)|c2_2(X21,X23)))|~c3_1(X21)))|(ndr1_0&ndr1_1(a796)&~c5_2(a796,a797)&c2_2(a796,a797)&c1_2(a796,a797)&ndr1_1(a796)&~c2_2(a796,a798)&~c3_2(a796,a798)&~c2_1(a796)))&(c5_0|![X24]:(ndr1_0=>((ndr1_1(X24)&c3_2(X24,a799)&c4_2(X24,a799)&~c1_2(X24,a799))|c4_1(X24)))|c4_0)&(c1_0|(ndr1_0&c2_1(a800)&![X25]:(ndr1_1(a800)=>(~c4_2(a800,X25)|~c1_2(a800,X25)|~c5_2(a800,X25)))&![X26]:(ndr1_1(a800)=>(c5_2(a800,X26)|c2_2(a800,X26)))))&((ndr1_0&ndr1_1(a801)&c5_2(a801,a802)&c1_2(a801,a802)&c4_2(a801,a802)&![X27]:(ndr1_1(a801)=>(c5_2(a801,X27)|~c1_2(a801,X27)|~c3_2(a801,X27)))&c2_1(a801))|![X28]:(ndr1_0=>(~c4_1(X28)|c2_1(X28)))|![X29]:(ndr1_0=>((ndr1_1(X29)&c2_2(X29,a803)&~c5_2(X29,a803)&c4_2(X29,a803))|~c3_1(X29)|![X30]:(ndr1_1(X29)=>(~c2_2(X29,X30)|~c4_2(X29,X30)|~c3_2(X29,X30))))))&(~c3_0|(ndr1_0&![X31]:(ndr1_1(a804)=>(c1_2(a804,X31)|c3_2(a804,X31)|c4_2(a804,X31)))&c5_1(a804))|![X32]:(ndr1_0=>((ndr1_1(X32)&c2_2(X32,a805)&c4_2(X32,a805)&~c5_2(X32,a805))|~c4_1(X32))))&(![X33]:(ndr1_0=>((ndr1_1(X33)&c5_2(X33,a806)&c2_2(X33,a806)&c4_2(X33,a806))|(ndr1_1(X33)&~c3_2(X33,a807)&~c2_2(X33,a807))|(ndr1_1(X33)&c5_2(X33,a808)&~c2_2(X33,a808)&c4_2(X33,a808))))|![X34]:(ndr1_0=>(~c2_1(X34)|~c3_1(X34)|(ndr1_1(X34)&c5_2(X34,a809)&c3_2(X34,a809)&c1_2(X34,a809))))|c4_0)&(![X35]:(ndr1_0=>(~c5_1(X35)|c3_1(X35)|~c4_1(X35)))|~c5_0)&(c4_0|(ndr1_0&c2_1(a810)&c4_1(a810))|c5_0)&(![X36]:(ndr1_0=>(~c3_1(X36)|c1_1(X36)|(ndr1_1(X36)&~c2_2(X36,a811)&c3_2(X36,a811))))|(ndr1_0&~c3_1(a812)&ndr1_1(a812)&c3_2(a812,a813)&c1_2(a812,a813)&c2_2(a812,a813)))&(![X37]:(ndr1_0=>(~c5_1(X37)|~c4_1(X37)))|c3_0)&(~c1_0|(ndr1_0&c3_1(a814)&c2_1(a814))|~c2_0)&((ndr1_0&ndr1_1(a815)&c1_2(a815,a816)&c3_2(a815,a816)&~c5_2(a815,a816)&c3_1(a815)&~c5_1(a815))|c2_0|c5_0)&((ndr1_0&c4_1(a817)&c2_1(a817))|(ndr1_0&c3_1(a818)&ndr1_1(a818)&~c3_2(a818,a819)&~c2_2(a818,a819)&~c5_2(a818,a819)&![X38]:(ndr1_1(a818)=>(~c1_2(a818,X38)|c4_2(a818,X38)|c5_2(a818,X38))))|(ndr1_0&ndr1_1(a820)&~c3_2(a820,a821)&c1_2(a820,a821)&~c5_2(a820,a821)&ndr1_1(a820)&~c5_2(a820,a822)&~c2_2(a820,a822)))&((ndr1_0&![X39]:(ndr1_1(a823)=>(~c3_2(a823,X39)|~c2_2(a823,X39)|c1_2(a823,X39)))&c5_1(a823))|c5_0|~c2_0)&(c3_0|![X40]:(ndr1_0=>(~c5_1(X40)|c4_1(X40)))|(ndr1_0&~c2_1(a824)&![X41]:(ndr1_1(a824)=>(~c4_2(a824,X41)|~c1_2(a824,X41)))&~c4_1(a824)))&(![X42]:(ndr1_0=>((ndr1_1(X42)&c3_2(X42,a825)&~c2_2(X42,a825)&c1_2(X42,a825))|c1_1(X42)|~c2_1(X42)))|~c5_0|![X43]:(ndr1_0=>(c1_1(X43)|(ndr1_1(X43)&~c1_2(X43,a826)&~c2_2(X43,a826)&c5_2(X43,a826))|![X44]:(ndr1_1(X43)=>(c5_2(X43,X44)|~c2_2(X43,X44)|c4_2(X43,X44))))))&(~c1_0|c3_0)&((ndr1_0&~c5_1(a827)&![X45]:(ndr1_1(a827)=>(c1_2(a827,X45)|~c2_2(a827,X45)|c5_2(a827,X45))))|![X46]:(ndr1_0=>(c4_1(X46)|![X47]:(ndr1_1(X46)=>(~c3_2(X46,X47)|c5_2(X46,X47)|c4_2(X46,X47)))|![X48]:(ndr1_1(X46)=>(c4_2(X46,X48)|~c2_2(X46,X48)|c1_2(X46,X48)))))|c2_0)&(![X49]:(ndr1_0=>(![X50]:(ndr1_1(X49)=>(~c4_2(X49,X50)|~c1_2(X49,X50)|c2_2(X49,X50)))|c2_1(X49)|~c4_1(X49)))|c3_0|~c2_0)&(~c4_0|~c5_0)&(![X51]:(ndr1_0=>(c2_1(X51)|~c1_1(X51)|~c5_1(X51)))|c3_0|(ndr1_0&![X52]:(ndr1_1(a828)=>(c2_2(a828,X52)|c4_2(a828,X52)))&ndr1_1(a828)&~c1_2(a828,a829)&~c4_2(a828,a829)&![X53]:(ndr1_1(a828)=>(c4_2(a828,X53)|c3_2(a828,X53)|~c5_2(a828,X53)))))&(c2_0|(ndr1_0&c2_1(a830)&![X54]:(ndr1_1(a830)=>(c2_2(a830,X54)|~c1_2(a830,X54)|~c3_2(a830,X54)))&![X55]:(ndr1_1(a830)=>(c5_2(a830,X55)|c1_2(a830,X55)))))&(c4_0|~c1_0|![X56]:(ndr1_0=>(![X57]:(ndr1_1(X56)=>(c3_2(X56,X57)|c1_2(X56,X57)))|~c1_1(X56)|![X58]:(ndr1_1(X56)=>(c4_2(X56,X58)|c5_2(X56,X58)|c3_2(X56,X58))))))&((ndr1_0&c3_1(a831)&~c4_1(a831))|![X59]:(ndr1_0=>((ndr1_1(X59)&~c2_2(X59,a832)&~c1_2(X59,a832)&c3_2(X59,a832))|![X60]:(ndr1_1(X59)=>(~c4_2(X59,X60)|c5_2(X59,X60)))|![X61]:(ndr1_1(X59)=>(~c5_2(X59,X61)|~c2_2(X59,X61)|c3_2(X59,X61)))))|c2_0)&(![X62]:(ndr1_0=>((ndr1_1(X62)&c1_2(X62,a833)&~c5_2(X62,a833)&c3_2(X62,a833))|(ndr1_1(X62)&~c2_2(X62,a834)&~c5_2(X62,a834))|![X63]:(ndr1_1(X62)=>(c1_2(X62,X63)|~c3_2(X62,X63)|~c2_2(X62,X63)))))|c3_0)&(c5_0|~c4_0|![X64]:(ndr1_0=>(~c3_1(X64)|(ndr1_1(X64)&~c5_2(X64,a835)&c1_2(X64,a835)&~c4_2(X64,a835)))))&(c5_0|(ndr1_0&ndr1_1(a836)&c4_2(a836,a837)&~c1_2(a836,a837)&~c2_2(a836,a837)&c5_1(a836)&c1_1(a836))|(ndr1_0&![X65]:(ndr1_1(a838)=>(c2_2(a838,X65)|~c4_2(a838,X65)|c3_2(a838,X65)))&~c4_1(a838)))&(~c5_0|(ndr1_0&ndr1_1(a839)&c4_2(a839,a840)&~c5_2(a839,a840)&c2_2(a839,a840)&ndr1_1(a839)&~c2_2(a839,a841)&~c4_2(a839,a841)&![X66]:(ndr1_1(a839)=>(c4_2(a839,X66)|~c5_2(a839,X66)))))&(~c2_0|c3_0|![X67]:(ndr1_0=>(~c2_1(X67)|c3_1(X67)|(ndr1_1(X67)&c4_2(X67,a842)&c5_2(X67,a842)&~c2_2(X67,a842)))))&(c3_0|![X68]:(ndr1_0=>(c3_1(X68)|c1_1(X68))))&(~c5_0|~c1_0)&(~c3_0|(ndr1_0&c5_1(a843)&~c1_1(a843))|c4_0)&(~c4_0|c5_0|~c2_0)&(~c1_0|~c5_0|c4_0)&(~c2_0|(ndr1_0&~c3_1(a844))|(ndr1_0&~c2_1(a845)&~c1_1(a845)&~c3_1(a845)))&(c3_0|![X69]:(ndr1_0=>(~c3_1(X69)|~c1_1(X69)|![X70]:(ndr1_1(X69)=>(c3_2(X69,X70)|c5_2(X69,X70)|c4_2(X69,X70)))))|![X71]:(ndr1_0=>((ndr1_1(X71)&c4_2(X71,a846)&c5_2(X71,a846)&c3_2(X71,a846))|c3_1(X71)|~c1_1(X71))))&(![X72]:(ndr1_0=>((ndr1_1(X72)&c3_2(X72,a847)&~c4_2(X72,a847))|(ndr1_1(X72)&~c5_2(X72,a848)&c3_2(X72,a848)&~c4_2(X72,a848))|~c2_1(X72)))|![X73]:(ndr1_0=>(![X74]:(ndr1_1(X73)=>(~c4_2(X73,X74)|~c5_2(X73,X74)))|~c1_1(X73)))|~c2_0)&((ndr1_0&~c5_1(a849)&ndr1_1(a849)&~c3_2(a849,a850)&~c4_2(a849,a850)&c1_2(a849,a850)&ndr1_1(a849)&c1_2(a849,a851)&~c5_2(a849,a851))|(ndr1_0&![X75]:(ndr1_1(a852)=>(c1_2(a852,X75)|~c4_2(a852,X75)|~c5_2(a852,X75)))&c1_1(a852))|~c5_0)&((ndr1_0&![X76]:(ndr1_1(a853)=>(~c1_2(a853,X76)|c2_2(a853,X76)))&ndr1_1(a853)&c3_2(a853,a854)&c2_2(a853,a854)&![X77]:(ndr1_1(a853)=>(~c1_2(a853,X77)|c3_2(a853,X77)|c5_2(a853,X77))))|~c5_0)&(![X78]:(ndr1_0=>(~c2_1(X78)|c5_1(X78)|~c3_1(X78)))|c3_0|(ndr1_0&ndr1_1(a855)&c1_2(a855,a856)&c5_2(a855,a856)&c2_2(a855,a856)&~c1_1(a855)&![X79]:(ndr1_1(a855)=>(c2_2(a855,X79)|~c5_2(a855,X79)|~c1_2(a855,X79)))))&(c1_0|~c4_0|![X80]:(ndr1_0=>(~c5_1(X80)|(ndr1_1(X80)&~c4_2(X80,a857)&c2_2(X80,a857)&~c5_2(X80,a857))|c2_1(X80))))&((ndr1_0&c5_1(a858)&ndr1_1(a858)&~c1_2(a858,a859)&c3_2(a858,a859)&c2_2(a858,a859))|c1_0)&((ndr1_0&c2_1(a860)&![X81]:(ndr1_1(a860)=>(~c4_2(a860,X81)|~c2_2(a860,X81)|~c1_2(a860,X81))))|(ndr1_0&~c2_1(a861)&~c1_1(a861)&ndr1_1(a861)&c3_2(a861,a862)&c1_2(a861,a862))|~c4_0)&(![X82]:(ndr1_0=>(~c5_1(X82)|c3_1(X82)))|(ndr1_0&![X83]:(ndr1_1(a863)=>(c3_2(a863,X83)|c4_2(a863,X83)))&c5_1(a863)&~c1_1(a863))|![X84]:(ndr1_0=>(c3_1(X84)|~c4_1(X84)|c2_1(X84))))&(~c1_0|(ndr1_0&~c4_1(a864)&ndr1_1(a864)&c1_2(a864,a865)&c2_2(a864,a865)&c4_2(a864,a865)))&(~c5_0|![X85]:(ndr1_0=>(~c5_1(X85)|(ndr1_1(X85)&c3_2(X85,a866)&~c2_2(X85,a866))|![X86]:(ndr1_1(X85)=>(~c3_2(X85,X86)|c2_2(X85,X86)|c1_2(X85,X86))))))&(c4_0|c5_0)&(~c5_0|~c3_0|(ndr1_0&ndr1_1(a867)&~c3_2(a867,a868)&c5_2(a867,a868)&![X87]:(ndr1_1(a867)=>(c5_2(a867,X87)|c3_2(a867,X87)|~c4_2(a867,X87)))&ndr1_1(a867)&c2_2(a867,a869)&~c4_2(a867,a869)&c3_2(a867,a869)))&(![X88]:(ndr1_0=>(~c1_1(X88)|(ndr1_1(X88)&c1_2(X88,a870)&~c4_2(X88,a870)&~c3_2(X88,a870))|~c2_1(X88)))|~c1_0)&(![X89]:(ndr1_0=>((ndr1_1(X89)&c3_2(X89,a871)&c5_2(X89,a871))|(ndr1_1(X89)&~c5_2(X89,a872)&~c4_2(X89,a872)&c3_2(X89,a872))))|c4_0|~c5_0)&(~c1_0|(ndr1_0&c3_1(a873)&ndr1_1(a873)&~c3_2(a873,a874)&c5_2(a873,a874)&~c1_2(a873,a874)))&(c3_0|(ndr1_0&~c4_1(a875)&c2_1(a875)&![X90]:(ndr1_1(a875)=>(~c1_2(a875,X90)|~c4_2(a875,X90)))))&(c2_0|~c4_0)&(~c2_0|![X91]:(ndr1_0=>((ndr1_1(X91)&~c2_2(X91,a876)&c5_2(X91,a876)&c3_2(X91,a876))|(ndr1_1(X91)&c2_2(X91,a877)&c4_2(X91,a877)&c1_2(X91,a877))|c3_1(X91)))|![X92]:(ndr1_0=>(~c5_1(X92)|~c4_1(X92)|(ndr1_1(X92)&~c3_2(X92,a878)&c5_2(X92,a878)&c2_2(X92,a878)))))&(c3_0|~c5_0|~c1_0)&(~c2_0|~c1_0)&(c3_0|(ndr1_0&ndr1_1(a879)&~c3_2(a879,a880)&~c4_2(a879,a880)&c2_1(a879)&![X93]:(ndr1_1(a879)=>(c2_2(a879,X93)|~c1_2(a879,X93)|~c4_2(a879,X93))))|~c4_0)&(c1_0|![X94]:(ndr1_0=>(~c4_1(X94)|c2_1(X94)|~c3_1(X94))))&(c1_0|c5_0|![X95]:(ndr1_0=>((ndr1_1(X95)&c2_2(X95,a881)&~c5_2(X95,a881))|(ndr1_1(X95)&~c3_2(X95,a882)&~c2_2(X95,a882)&c5_2(X95,a882))|c1_1(X95))))&(![X96]:(ndr1_0=>(![X97]:(ndr1_1(X96)=>(~c3_2(X96,X97)|c5_2(X96,X97)|c2_2(X96,X97)))|c5_1(X96)|![X98]:(ndr1_1(X96)=>(c5_2(X96,X98)|c3_2(X96,X98)|c1_2(X96,X98)))))|c4_0|c3_0)&(![X99]:(ndr1_0=>(c5_1(X99)|(ndr1_1(X99)&~c2_2(X99,a883)&c1_2(X99,a883)&c3_2(X99,a883))|(ndr1_1(X99)&c4_2(X99,a884)&~c2_2(X99,a884)&~c3_2(X99,a884))))|![X100]:(ndr1_0=>(~c4_1(X100)|![X101]:(ndr1_1(X100)=>(~c5_2(X100,X101)|c1_2(X100,X101)|c4_2(X100,X101)))|c3_1(X100)))|c1_0)&(~c1_0|c3_0|(ndr1_0&![X102]:(ndr1_1(a885)=>(~c1_2(a885,X102)|~c3_2(a885,X102)))&~c5_1(a885)))&(![X103]:(ndr1_0=>(![X104]:(ndr1_1(X103)=>(~c2_2(X103,X104)|c5_2(X103,X104)))|(ndr1_1(X103)&c4_2(X103,a886)&c5_2(X103,a886))))|~c5_0)&((ndr1_0&ndr1_1(a887)&~c4_2(a887,a888)&c1_2(a887,a888)&c3_2(a887,a888)&c5_1(a887))|![X105]:(ndr1_0=>(~c1_1(X105)|(ndr1_1(X105)&c2_2(X105,a889)&~c4_2(X105,a889)&c3_2(X105,a889))|(ndr1_1(X105)&c4_2(X105,a890)&c2_2(X105,a890)&c3_2(X105,a890))))|(ndr1_0&![X106]:(ndr1_1(a891)=>(~c1_2(a891,X106)|~c5_2(a891,X106)|~c4_2(a891,X106)))&~c3_1(a891)&![X107]:(ndr1_1(a891)=>(~c5_2(a891,X107)|c3_2(a891,X107)))))&(c5_0|![X108]:(ndr1_0=>(~c3_1(X108)|c1_1(X108))))&((ndr1_0&![X109]:(ndr1_1(a892)=>(c1_2(a892,X109)|c3_2(a892,X109)|~c2_2(a892,X109)))&c5_1(a892)&~c4_1(a892))|(ndr1_0&![X110]:(ndr1_1(a893)=>(c1_2(a893,X110)|c4_2(a893,X110)))&~c5_1(a893)&![X111]:(ndr1_1(a893)=>(c4_2(a893,X111)|~c5_2(a893,X111))))|(ndr1_0&~c2_1(a894)&c4_1(a894)&ndr1_1(a894)&~c5_2(a894,a895)&c3_2(a894,a895)&~c1_2(a894,a895)))&(c5_0|![X112]:(ndr1_0=>((ndr1_1(X112)&~c5_2(X112,a896)&c3_2(X112,a896)&~c2_2(X112,a896))|![X113]:(ndr1_1(X112)=>(c3_2(X112,X113)|~c4_2(X112,X113)|c1_2(X112,X113)))|c5_1(X112))))))			
../../TPTP-v7.3.0/Problems/SYN/SYN630-1.p		Unsatisfiable	UNKNOWN		UNKNOWN		cnf					
../../TPTP-v7.3.0/Problems/SYN/SYN318+1.p		Theorem	UNKNOWN		UNKNOWN		fof		(?[Y]:(![X]:(big_f(X)=>(big_f(Y)=>big_g(X)))=>(p=>![X]:(big_f(X)=>big_g(Y)))))			
../../TPTP-v7.3.0/Problems/SYN/SYN604-1.p		Unsatisfiable	UNKNOWN		UNKNOWN		cnf					
../../TPTP-v7.3.0/Problems/SYN/SYN860-1.p		Unsatisfiable	UNKNOWN		UNKNOWN		cnf					
../../TPTP-v7.3.0/Problems/SYN/SYN064-1.p		Unsatisfiable	UNKNOWN		UNKNOWN		cnf					
../../TPTP-v7.3.0/Problems/SYN/SYN740-1.p		Satisfiable	UNKNOWN		UNKNOWN		cnf					
../../TPTP-v7.3.0/Problems/SYN/SYN353-1.p		Unsatisfiable	UNKNOWN		UNKNOWN		cnf					
../../TPTP-v7.3.0/Problems/SYN/SYN383+1.p		Theorem	UNKNOWN		UNKNOWN		fof		(?[X]:![Y]:((big_p(X)&big_q(Y))=>(big_q(X)|big_p(Y))))			
../../TPTP-v7.3.0/Problems/SYN/SYN747-1.p		Satisfiable	UNKNOWN		UNKNOWN		cnf					
../../TPTP-v7.3.0/Problems/SYN/SYN721-1.p		Unsatisfiable	UNKNOWN		UNKNOWN		cnf					
../../TPTP-v7.3.0/Problems/SYN/SYN091-1.003.p		Satisfiable	UNKNOWN		UNKNOWN		cnf	(p_1_2|~p_2_2|~p_1_1),(p_1_2|~q_2_2|~q_1_1),(p_1_3|~p_2_3|~p_1_2),(p_1_3|~q_2_3|~q_1_2),(p_2_3|~p_3_3|~p_2_2),(p_2_3|~q_3_3|~q_2_2),(q_1_2|~p_2_2|~q_1_1),(q_1_2|~q_2_2|~p_1_1),(q_1_3|~p_2_3|~q_1_2),(q_1_3|~q_2_3|~p_1_2),(q_2_3|~p_3_3|~q_2_2),(q_2_3|~q_3_3|~p_2_2),(p_1_1|~p_1_2),(q_1_1|~q_1_2),(p_2_2|~p_1_2),(p_3_3|~p_2_3),(q_2_2|~q_1_2),(q_3_3|~q_2_3),(sym_p_1_3),(~sym_p_1_2|sym_p_2_2|sym_p_1_1),(~sym_p_1_2|sym_q_2_2|sym_q_1_1),(~sym_p_1_3|sym_p_2_3|sym_p_1_2),(~sym_p_1_3|sym_q_2_3|sym_q_1_2),(~sym_p_2_3|sym_p_3_3|sym_p_2_2),(~sym_p_2_3|sym_q_3_3|sym_q_2_2),(~sym_q_1_2|sym_p_2_2|sym_q_1_1),(~sym_q_1_2|sym_q_2_2|sym_p_1_1),(~sym_q_1_3|sym_p_2_3|sym_q_1_2),(~sym_q_1_3|sym_q_2_3|sym_p_1_2),(~sym_q_2_3|sym_p_3_3|sym_q_2_2),(~sym_q_2_3|sym_q_3_3|sym_p_2_2),(~sym_p_1_1|sym_p_1_2),(~sym_q_1_1|sym_q_1_2),(~sym_p_2_2|sym_p_1_2),(~sym_p_3_3|sym_p_2_3),(~sym_q_2_2|sym_q_1_2),(~sym_q_3_3|sym_q_2_3),(p_1_2|~p_2_2|~p_1_1),(p_1_2|~q_2_2|~q_1_1),(p_1_3|~p_2_3|~p_1_2),(p_1_3|~q_2_3|~q_1_2),(p_2_3|~p_3_3|~p_2_2),(p_2_3|~q_3_3|~q_2_2),(q_1_2|~p_2_2|~q_1_1),(q_1_2|~q_2_2|~p_1_1),(q_1_3|~p_2_3|~q_1_2),(q_1_3|~q_2_3|~p_1_2),(q_2_3|~p_3_3|~q_2_2),(q_2_3|~q_3_3|~p_2_2),(p_1_1|~p_1_2),(q_1_1|~q_1_2),(p_2_2|~p_1_2),(p_3_3|~p_2_3),(q_2_2|~q_1_2),(q_3_3|~q_2_3),(sym_p_1_3),(~sym_p_1_2|sym_p_2_2|sym_p_1_1),(~sym_p_1_2|sym_q_2_2|sym_q_1_1),(~sym_p_1_3|sym_p_2_3|sym_p_1_2),(~sym_p_1_3|sym_q_2_3|sym_q_1_2),(~sym_p_2_3|sym_p_3_3|sym_p_2_2),(~sym_p_2_3|sym_q_3_3|sym_q_2_2),(~sym_q_1_2|sym_p_2_2|sym_q_1_1),(~sym_q_1_2|sym_q_2_2|sym_p_1_1),(~sym_q_1_3|sym_p_2_3|sym_q_1_2),(~sym_q_1_3|sym_q_2_3|sym_p_1_2),(~sym_q_2_3|sym_p_3_3|sym_q_2_2),(~sym_q_2_3|sym_q_3_3|sym_p_2_2),(~sym_p_1_1|sym_p_1_2),(~sym_q_1_1|sym_q_1_2),(~sym_p_2_2|sym_p_1_2),(~sym_p_3_3|sym_p_2_3),(~sym_q_2_2|sym_q_1_2),(~sym_q_3_3|sym_q_2_3)				
../../TPTP-v7.3.0/Problems/SYN/SYN669-1.p		Unsatisfiable	UNKNOWN		UNKNOWN		cnf					
../../TPTP-v7.3.0/Problems/SYN/SYN473-1.p		Unsatisfiable	UNKNOWN		UNKNOWN		cnf					
../../TPTP-v7.3.0/Problems/SYN/SYN347+1.p		Theorem	UNKNOWN		UNKNOWN		fof		(![Z1,Z2]:?[X1,X2]:![Y]:(((big_f(X1,Y)<=>big_f(X2,Y))<=>big_f(Z1,Z2))|(big_f(Z1,Y)<=>big_f(Z2,Y))))			
../../TPTP-v7.3.0/Problems/SYN/SYN855-1.p		Satisfiable	UNKNOWN		UNKNOWN		cnf					
../../TPTP-v7.3.0/Problems/SYN/SYN076-1.p		Unsatisfiable	UNKNOWN		UNKNOWN		cnf	(c2!=c1),(c2!=c1)		found nothing to prove		
../../TPTP-v7.3.0/Problems/SYN/SYN880-1.p		Unsatisfiable	UNKNOWN		UNKNOWN		cnf					
../../TPTP-v7.3.0/Problems/SYN/SYN072+1.p		Theorem	UNKNOWN		UNKNOWN		fof	(big_p(a)),(big_p(b)),(a!=b),(big_p(a)),(big_p(b)),(a!=b)	(![X]:big_p(X))	error in process(?[X,Y]:![Z]:(Z=X|Z=Y))		
../../TPTP-v7.3.0/Problems/SYN/SYN697-1.p		Unsatisfiable	UNKNOWN		UNKNOWN		cnf					
../../TPTP-v7.3.0/Problems/SYN/SYN104-1.p		Unsatisfiable	UNKNOWN		UNKNOWN		cnf					
../../TPTP-v7.3.0/Problems/SYN/SYN898-1.p		Unsatisfiable	UNKNOWN		UNKNOWN		cnf					
../../TPTP-v7.3.0/Problems/SYN/SYN535-1.p		Satisfiable	UNKNOWN		UNKNOWN		cnf					
../../TPTP-v7.3.0/Problems/SYN/SYN004-1.007.p		Unsatisfiable	UNKNOWN		UNKNOWN		cnf					
../../TPTP-v7.3.0/Problems/SYN/SYN015-2.p		Unsatisfiable	UNKNOWN		UNKNOWN		cnf	(equalish(X,X)),(~equalish(X,Y)|equalish(Y,X)),(~equalish(X,Y)|~equalish(Y,Z)|equalish(X,Z)),(~equalish(A,B)|~element(C,A)|element(C,B)),(~element(A,B)|~equalish(A,C)|element(C,B)),(equalish(X,X)),(~equalish(X,Y)|equalish(Y,X)),(~equalish(X,Y)|~equalish(Y,Z)|equalish(X,Z)),(~equalish(A,B)|~element(C,A)|element(C,B)),(~element(A,B)|~equalish(A,C)|element(C,B))				
../../TPTP-v7.3.0/Problems/SYN/SYN061+1.p		Theorem	UNKNOWN		UNKNOWN		fof	(~(?[X]:(big_f(X)&(big_g(X)|big_h(X))))),(?[X]:(big_i(X)&big_f(X))),(![X]:(~big_h(X)=>big_j(X))),(~(?[X]:(big_f(X)&(big_g(X)|big_h(X))))),(?[X]:(big_i(X)&big_f(X))),(![X]:(~big_h(X)=>big_j(X)))	(?[X]:(big_i(X)&big_j(X)))			
../../TPTP-v7.3.0/Problems/SYN/SYN281-1.p		Unsatisfiable	UNKNOWN		UNKNOWN		cnf					
../../TPTP-v7.3.0/Problems/SYN/SYN511-1.p		Unsatisfiable	UNKNOWN		UNKNOWN		cnf					
../../TPTP-v7.3.0/Problems/SYN/SYN516-1.p		Satisfiable	UNKNOWN		UNKNOWN		cnf					
../../TPTP-v7.3.0/Problems/SYN/SYN522+1.p		CounterSatisfiable	UNKNOWN		UNKNOWN		fof		(~((![U]:(ndr1_0=>(![V]:(ndr1_1(U)=>(c2_2(U,V)|~c5_2(U,V)|c3_2(U,V)))|(ndr1_1(U)&c4_2(U,a104)&c3_2(U,a104)&~c1_2(U,a104))|(ndr1_1(U)&~c4_2(U,a105)&~c3_2(U,a105)&c2_2(U,a105))))|(ndr1_0&~c5_1(a106)&ndr1_1(a106)&c1_2(a106,a107)&c4_2(a106,a107)&c2_2(a106,a107))|(ndr1_0&c3_1(a108)&~c4_1(a108)&![W]:(ndr1_1(a108)=>(c4_2(a108,W)|c2_2(a108,W)|c1_2(a108,W)))))&((ndr1_0&~c1_1(a109)&c3_1(a109))|(ndr1_0&~c4_1(a110)&~c3_1(a110)&![X]:(ndr1_1(a110)=>(c1_2(a110,X)|c5_2(a110,X))))|![Y]:(ndr1_0=>(~c5_1(Y)|![Z]:(ndr1_1(Y)=>(~c5_2(Y,Z)|~c1_2(Y,Z)|~c3_2(Y,Z)))|~c3_1(Y))))&(![X1]:(ndr1_0=>((ndr1_1(X1)&c5_2(X1,a111)&~c3_2(X1,a111)&c2_2(X1,a111))|![X2]:(ndr1_1(X1)=>(c1_2(X1,X2)|c4_2(X1,X2)|~c2_2(X1,X2)))|~c4_1(X1)))|~c1_0|(ndr1_0&![X3]:(ndr1_1(a112)=>(c5_2(a112,X3)|c1_2(a112,X3)))&![X4]:(ndr1_1(a112)=>(c1_2(a112,X4)|c5_2(a112,X4)))&ndr1_1(a112)&c2_2(a112,a113)&~c5_2(a112,a113)&~c3_2(a112,a113)))&(~c1_0|c5_0|![X5]:(ndr1_0=>(~c3_1(X5)|~c4_1(X5)|![X6]:(ndr1_1(X5)=>(c4_2(X5,X6)|c5_2(X5,X6))))))&(c2_0|(ndr1_0&~c1_1(a114)&![X7]:(ndr1_1(a114)=>(~c3_2(a114,X7)|c5_2(a114,X7)))&![X8]:(ndr1_1(a114)=>(c1_2(a114,X8)|c5_2(a114,X8)|c4_2(a114,X8)))))&(~c3_0|![X9]:(ndr1_0=>((ndr1_1(X9)&c2_2(X9,a115)&c5_2(X9,a115)&~c4_2(X9,a115))|(ndr1_1(X9)&c5_2(X9,a116)&~c2_2(X9,a116)&c1_2(X9,a116))|(ndr1_1(X9)&c4_2(X9,a117)&~c5_2(X9,a117)&c3_2(X9,a117))))|![X10]:(ndr1_0=>(c2_1(X10)|~c4_1(X10))))&(~c5_0|c3_0|~c1_0)&((ndr1_0&c5_1(a118)&c1_1(a118)&~c2_1(a118))|c1_0)&(~c4_0|c3_0|![X11]:(ndr1_0=>((ndr1_1(X11)&~c3_2(X11,a119)&c4_2(X11,a119)&~c2_2(X11,a119))|c4_1(X11)|(ndr1_1(X11)&c2_2(X11,a120)&c5_2(X11,a120)&~c1_2(X11,a120)))))&(~c1_0|(ndr1_0&ndr1_1(a121)&c3_2(a121,a122)&~c2_2(a121,a122)&![X12]:(ndr1_1(a121)=>(c3_2(a121,X12)|~c1_2(a121,X12)|~c4_2(a121,X12)))&![X13]:(ndr1_1(a121)=>(~c5_2(a121,X13)|~c1_2(a121,X13)|c3_2(a121,X13)))))&(c4_0|(ndr1_0&ndr1_1(a123)&c1_2(a123,a124)&~c2_2(a123,a124)&c5_1(a123)&~c1_1(a123)))&((ndr1_0&ndr1_1(a125)&~c3_2(a125,a126)&~c5_2(a125,a126)&c1_2(a125,a126)&~c4_1(a125)&ndr1_1(a125)&~c4_2(a125,a127)&~c3_2(a125,a127)&~c2_2(a125,a127))|(ndr1_0&ndr1_1(a128)&~c1_2(a128,a129)&c4_2(a128,a129)&c2_2(a128,a129)&~c2_1(a128)&c3_1(a128))|(ndr1_0&![X14]:(ndr1_1(a130)=>(~c3_2(a130,X14)|~c2_2(a130,X14)|~c4_2(a130,X14)))&![X15]:(ndr1_1(a130)=>(c5_2(a130,X15)|c2_2(a130,X15)))&~c1_1(a130)))&(![X16]:(ndr1_0=>((ndr1_1(X16)&~c4_2(X16,a131)&~c1_2(X16,a131))|c5_1(X16)|(ndr1_1(X16)&c2_2(X16,a132)&c5_2(X16,a132)&c1_2(X16,a132))))|c2_0|(ndr1_0&~c5_1(a133)&~c2_1(a133)))&((ndr1_0&![X17]:(ndr1_1(a134)=>(c4_2(a134,X17)|~c5_2(a134,X17)|c1_2(a134,X17)))&![X18]:(ndr1_1(a134)=>(~c2_2(a134,X18)|~c3_2(a134,X18)|~c1_2(a134,X18)))&~c2_1(a134))|(ndr1_0&~c3_1(a135)&ndr1_1(a135)&~c3_2(a135,a136)&~c1_2(a135,a136)&c1_1(a135))|c4_0)&((ndr1_0&c4_1(a137)&c1_1(a137))|~c3_0|~c4_0)&(~c2_0|![X19]:(ndr1_0=>((ndr1_1(X19)&c5_2(X19,a138)&~c4_2(X19,a138))|c5_1(X19)|![X20]:(ndr1_1(X19)=>(c5_2(X19,X20)|c2_2(X19,X20)|c3_2(X19,X20)))))|~c4_0)&c4_0&(![X21]:(ndr1_0=>(![X22]:(ndr1_1(X21)=>(c1_2(X21,X22)|c2_2(X21,X22)|c3_2(X21,X22)))|~c4_1(X21)|~c5_1(X21)))|c3_0|(ndr1_0&ndr1_1(a139)&c2_2(a139,a140)&c1_2(a139,a140)&~c4_2(a139,a140)&~c5_1(a139)))))			
../../TPTP-v7.3.0/Problems/SYN/SYN529+1.p		CounterSatisfiable	UNKNOWN		UNKNOWN		fof		(~((c2_0|~c5_0)&(~c4_0|~c3_0|~c2_0)&(c4_0|(ndr1_0&ndr1_1(a314)&~c3_2(a314,a315)&~c2_2(a314,a315)&~c1_2(a314,a315)&c4_1(a314)&![U]:(ndr1_1(a314)=>(~c1_2(a314,U)|c4_2(a314,U)|c3_2(a314,U))))|![V]:(ndr1_0=>(![W]:(ndr1_1(V)=>(c4_2(V,W)|c3_2(V,W)|c1_2(V,W)))|~c4_1(V)|c5_1(V))))&((ndr1_0&~c4_1(a316)&ndr1_1(a316)&c3_2(a316,a317)&~c4_2(a316,a317)&c2_2(a316,a317)&c1_1(a316))|(ndr1_0&ndr1_1(a318)&c4_2(a318,a319)&c2_2(a318,a319)&ndr1_1(a318)&c2_2(a318,a320)&~c4_2(a318,a320))|~c4_0)&(![X]:(ndr1_0=>(![Y]:(ndr1_1(X)=>(~c4_2(X,Y)|c2_2(X,Y)|~c3_2(X,Y)))|(ndr1_1(X)&~c1_2(X,a321)&c5_2(X,a321)&~c2_2(X,a321))|~c2_1(X)))|c4_0|(ndr1_0&c3_1(a322)&ndr1_1(a322)&~c4_2(a322,a323)&c5_2(a322,a323)&~c1_2(a322,a323)))&(![Z]:(ndr1_0=>(c1_1(Z)|c5_1(Z)))|![X1]:(ndr1_0=>(~c2_1(X1)|c4_1(X1)))|![X2]:(ndr1_0=>(c4_1(X2)|![X3]:(ndr1_1(X2)=>(c5_2(X2,X3)|c4_2(X2,X3)))|c2_1(X2))))&(c2_0|~c3_0)&(c5_0|(ndr1_0&![X4]:(ndr1_1(a324)=>(c3_2(a324,X4)|c2_2(a324,X4)|~c4_2(a324,X4)))&ndr1_1(a324)&c1_2(a324,a325)&c5_2(a324,a325)&![X5]:(ndr1_1(a324)=>(c3_2(a324,X5)|c1_2(a324,X5))))|(ndr1_0&c2_1(a326)&c4_1(a326)&ndr1_1(a326)&~c2_2(a326,a327)&~c5_2(a326,a327)&c3_2(a326,a327)))&((ndr1_0&~c2_1(a328)&c5_1(a328))|c4_0|(ndr1_0&ndr1_1(a329)&~c2_2(a329,a330)&![X6]:(ndr1_1(a329)=>(~c4_2(a329,X6)|~c5_2(a329,X6)|c1_2(a329,X6)))&c1_1(a329)))&(~c4_0|(ndr1_0&ndr1_1(a331)&c1_2(a331,a332)&c2_2(a331,a332)&~c5_2(a331,a332)&c5_1(a331)&c3_1(a331))|(ndr1_0&~c3_1(a333)))&(![X7]:(ndr1_0=>(c3_1(X7)|(ndr1_1(X7)&c4_2(X7,a334)&c2_2(X7,a334))|c5_1(X7)))|c1_0)&((ndr1_0&ndr1_1(a335)&c4_2(a335,a336)&c5_2(a335,a336)&c2_2(a335,a336)&ndr1_1(a335)&c1_2(a335,a337)&c5_2(a335,a337)&~c3_2(a335,a337))|c4_0|c5_0)&(~c5_0|(ndr1_0&c1_1(a338)&c4_1(a338)&ndr1_1(a338)&c1_2(a338,a339)&~c3_2(a338,a339)&~c4_2(a338,a339))|![X8]:(ndr1_0=>(![X9]:(ndr1_1(X8)=>(~c3_2(X8,X9)|c2_2(X8,X9)|c1_2(X8,X9)))|(ndr1_1(X8)&~c4_2(X8,a340)&~c1_2(X8,a340)&c2_2(X8,a340))|(ndr1_1(X8)&c2_2(X8,a341)&c4_2(X8,a341)&c3_2(X8,a341)))))&(c3_0|c5_0|~c1_0)&(c4_0|![X10]:(ndr1_0=>((ndr1_1(X10)&c5_2(X10,a342)&c2_2(X10,a342))|~c4_1(X10)|c5_1(X10))))&(~c3_0|~c5_0|c4_0)&(![X11]:(ndr1_0=>(![X12]:(ndr1_1(X11)=>(c4_2(X11,X12)|c3_2(X11,X12)|c2_2(X11,X12)))|c3_1(X11)|~c2_1(X11)))|c5_0)&((ndr1_0&~c1_1(a343)&c2_1(a343))|c3_0)&((ndr1_0&ndr1_1(a344)&c3_2(a344,a345)&~c1_2(a344,a345)&~c2_1(a344)&![X13]:(ndr1_1(a344)=>(~c2_2(a344,X13)|~c1_2(a344,X13)|~c5_2(a344,X13))))|c5_0|(ndr1_0&c4_1(a346)&ndr1_1(a346)&~c5_2(a346,a347)&c1_2(a346,a347)&c3_1(a346)))&((ndr1_0&~c3_1(a348)&![X14]:(ndr1_1(a348)=>(c5_2(a348,X14)|~c4_2(a348,X14)|~c2_2(a348,X14)))&ndr1_1(a348)&~c5_2(a348,a349)&c2_2(a348,a349))|![X15]:(ndr1_0=>((ndr1_1(X15)&c2_2(X15,a350)&~c3_2(X15,a350)&~c1_2(X15,a350))|~c3_1(X15)|![X16]:(ndr1_1(X15)=>(c1_2(X15,X16)|~c4_2(X15,X16)|c5_2(X15,X16))))))&(c4_0|~c1_0|~c5_0)&((ndr1_0&~c1_1(a351)&ndr1_1(a351)&c2_2(a351,a352)&~c1_2(a351,a352)&~c4_2(a351,a352)&c4_1(a351))|c3_0|(ndr1_0&![X17]:(ndr1_1(a353)=>(~c2_2(a353,X17)|c3_2(a353,X17)|~c5_2(a353,X17)))&ndr1_1(a353)&c2_2(a353,a354)&c3_2(a353,a354)&![X18]:(ndr1_1(a353)=>(~c1_2(a353,X18)|~c4_2(a353,X18)|c3_2(a353,X18)))))&((ndr1_0&ndr1_1(a355)&~c4_2(a355,a356)&~c5_2(a355,a356)&![X19]:(ndr1_1(a355)=>(c3_2(a355,X19)|~c1_2(a355,X19)))&~c3_1(a355))|c2_0|c5_0)))			
../../TPTP-v7.3.0/Problems/SYN/SYN840-1.p		Satisfiable	UNKNOWN		UNKNOWN		cnf					
../../TPTP-v7.3.0/Problems/SYN/SYN294-1.p		Unsatisfiable	UNKNOWN		UNKNOWN		cnf					
../../TPTP-v7.3.0/Problems/SYN/SYN036-4.p		Unsatisfiable	UNKNOWN		UNKNOWN		cnf					
../../TPTP-v7.3.0/Problems/SYN/SYN067-1.p		Unsatisfiable	UNKNOWN		UNKNOWN		cnf					
../../TPTP-v7.3.0/Problems/SYN/SYN333-1.p		Unsatisfiable	UNKNOWN		UNKNOWN		cnf					
../../TPTP-v7.3.0/Problems/SYN/SYN143-1.p		Unsatisfiable	UNKNOWN		UNKNOWN		cnf					
../../TPTP-v7.3.0/Problems/SYN/SYN814-1.p		Satisfiable	UNKNOWN		UNKNOWN		cnf					
../../TPTP-v7.3.0/Problems/SYN/SYN183-1.p		Unsatisfiable	UNKNOWN		UNKNOWN		cnf					
../../TPTP-v7.3.0/Problems/SYN/SYN954+1.p		Theorem	UNKNOWN		UNKNOWN		fof		(![A,B]:(![Z]:(q(Z)=>p(Z))=>?[X]:((p(X)=>p(A))&(q(X)=>p(B)))))			
../../TPTP-v7.3.0/Problems/SYN/SYN471-1.p		Unsatisfiable	UNKNOWN		UNKNOWN		cnf					
../../TPTP-v7.3.0/Problems/SYN/SYN613-1.p		Unsatisfiable	UNKNOWN		UNKNOWN		cnf					
../../TPTP-v7.3.0/Problems/SYN/SYN079+1.p		Theorem	UNKNOWN		UNKNOWN		fof	(big_f(f(a,b),f(b,c))),(big_f(f(b,c),f(a,c))),(![X,Y,Z]:((big_f(X,Y)&big_f(Y,Z))=>big_f(X,Z))),(big_f(f(a,b),f(b,c))),(big_f(f(b,c),f(a,c))),(![X,Y,Z]:((big_f(X,Y)&big_f(Y,Z))=>big_f(X,Z)))	(big_f(f(a,b),f(a,c)))			
../../TPTP-v7.3.0/Problems/SYN/SYN144-1.p		Unsatisfiable	UNKNOWN		UNKNOWN		cnf					
../../TPTP-v7.3.0/Problems/SYN/SYN071-1.p		Unsatisfiable	UNKNOWN		UNKNOWN		cnf			error in process(a=c|b=d)		
../../TPTP-v7.3.0/Problems/SYN/SYN262-1.p		Unsatisfiable	UNKNOWN		UNKNOWN		cnf					
../../TPTP-v7.3.0/Problems/SYN/SYN070-1.p		Unsatisfiable	UNKNOWN		UNKNOWN		cnf	(~big_f(X)|big_f(f(X))|big_g(X)),(~big_f(X)|big_h(f(X),X)|big_g(X)),(~big_f(X)|~big_g(f(X))|big_g(X)),(~big_f(X)|big_g(X)|big_f(a)),(~big_f(X)|big_g(X)|~big_g(a)),(~big_f(X)|big_g(X)|~big_f(Y)|big_g(Y)|big_j(a,Y)),(~big_f(X)|~big_f(Y)|~big_h(X,Y)|~big_j(Y,X)),(~big_f(X)|big_f(f(X))|big_g(X)),(~big_f(X)|big_h(f(X),X)|big_g(X)),(~big_f(X)|~big_g(f(X))|big_g(X)),(~big_f(X)|big_g(X)|big_f(a)),(~big_f(X)|big_g(X)|~big_g(a)),(~big_f(X)|big_g(X)|~big_f(Y)|big_g(Y)|big_j(a,Y)),(~big_f(X)|~big_f(Y)|~big_h(X,Y)|~big_j(Y,X))				
../../TPTP-v7.3.0/Problems/SYN/SYN738-1.p		Satisfiable	UNKNOWN		UNKNOWN		cnf					
../../TPTP-v7.3.0/Problems/SYN/SYN442+1.p		Theorem	UNKNOWN		UNKNOWN		fof		(~((~hskp0|(ndr1_0&c2_1(a124)&c3_1(a124)&~c0_1(a124)))&(~hskp1|(ndr1_0&c0_1(a125)&c1_1(a125)&~c3_1(a125)))&(~hskp2|(ndr1_0&c0_1(a126)&~c1_1(a126)&~c2_1(a126)))&(~hskp3|(ndr1_0&~c0_1(a128)&~c2_1(a128)&~c3_1(a128)))&(~hskp4|(ndr1_0&c1_1(a130)&c2_1(a130)&~c3_1(a130)))&(~hskp5|(ndr1_0&c1_1(a131)&c3_1(a131)&~c2_1(a131)))&(~hskp6|(ndr1_0&~c0_1(a133)&~c1_1(a133)&~c2_1(a133)))&(~hskp7|(ndr1_0&c1_1(a134)&~c0_1(a134)&~c3_1(a134)))&(~hskp8|(ndr1_0&c2_1(a135)&c3_1(a135)&~c1_1(a135)))&(~hskp9|(ndr1_0&c0_1(a136)&c2_1(a136)&~c3_1(a136)))&(~hskp10|(ndr1_0&c0_1(a138)&c3_1(a138)&~c1_1(a138)))&(~hskp11|(ndr1_0&c0_1(a139)&~c1_1(a139)&~c3_1(a139)))&(~hskp12|(ndr1_0&c1_1(a140)&c3_1(a140)&~c0_1(a140)))&(~hskp13|(ndr1_0&c2_1(a144)&~c0_1(a144)&~c3_1(a144)))&(~hskp14|(ndr1_0&~c0_1(a145)&~c1_1(a145)&~c3_1(a145)))&(~hskp15|(ndr1_0&c3_1(a149)&~c1_1(a149)&~c2_1(a149)))&(~hskp16|(ndr1_0&c0_1(a151)&c1_1(a151)&~c2_1(a151)))&(~hskp17|(ndr1_0&c1_1(a158)&~c2_1(a158)&~c3_1(a158)))&(~hskp18|(ndr1_0&c0_1(a159)&~c2_1(a159)&~c3_1(a159)))&(~hskp19|(ndr1_0&c0_1(a162)&c3_1(a162)&~c2_1(a162)))&(~hskp20|(ndr1_0&c1_1(a168)&~c0_1(a168)&~c2_1(a168)))&(~hskp21|(ndr1_0&c3_1(a170)&~c0_1(a170)&~c2_1(a170)))&(~hskp22|(ndr1_0&c0_1(a179)&c2_1(a179)&~c1_1(a179)))&(~hskp23|(ndr1_0&c1_1(a181)&c2_1(a181)&~c0_1(a181)))&(~hskp24|(ndr1_0&~c1_1(a183)&~c2_1(a183)&~c3_1(a183)))&(~hskp25|(ndr1_0&c2_1(a192)&~c1_1(a192)&~c3_1(a192)))&(~hskp26|(ndr1_0&c2_1(a196)&~c0_1(a196)&~c1_1(a196)))&(~hskp27|(ndr1_0&c1_1(a137)&c2_1(a137)&c3_1(a137)))&(~hskp28|(ndr1_0&c0_1(a143)&c2_1(a143)&c3_1(a143)))&(~hskp29|(ndr1_0&c0_1(a150)&c1_1(a150)&c3_1(a150)))&(~hskp30|(ndr1_0&c0_1(a199)&c1_1(a199)&c2_1(a199)))&(![U]:(ndr1_0=>(c0_1(U)|c1_1(U)|c2_1(U)))|![V]:(ndr1_0=>(c0_1(V)|c1_1(V)|c3_1(V)))|![W]:(ndr1_0=>(c1_1(W)|c2_1(W)|~c0_1(W))))&(![X]:(ndr1_0=>(c0_1(X)|c1_1(X)|c2_1(X)))|![Y]:(ndr1_0=>(c0_1(Y)|c2_1(Y)|c3_1(Y)))|![Z]:(ndr1_0=>(c1_1(Z)|~c0_1(Z)|~c3_1(Z))))&(![X1]:(ndr1_0=>(c0_1(X1)|c1_1(X1)|c3_1(X1)))|![X2]:(ndr1_0=>(c0_1(X2)|c1_1(X2)|~c3_1(X2)))|hskp0)&(![X3]:(ndr1_0=>(c0_1(X3)|c1_1(X3)|c3_1(X3)))|hskp1|hskp2)&(![X4]:(ndr1_0=>(c0_1(X4)|c1_1(X4)|~c2_1(X4)))|hskp1|hskp3)&(![X5]:(ndr1_0=>(c0_1(X5)|c1_1(X5)|~c3_1(X5)))|![X6]:(ndr1_0=>(c1_1(X6)|~c2_1(X6)|~c3_1(X6)))|hskp2)&(![X7]:(ndr1_0=>(c0_1(X7)|c1_1(X7)|~c3_1(X7)))|hskp4|hskp5)&(![X8]:(ndr1_0=>(c0_1(X8)|c1_1(X8)|~c3_1(X8)))|hskp4|hskp6)&(![X9]:(ndr1_0=>(c0_1(X9)|c1_1(X9)|~c3_1(X9)))|hskp7|hskp8)&(![X10]:(ndr1_0=>(c0_1(X10)|c2_1(X10)|c3_1(X10)))|![X11]:(ndr1_0=>(c0_1(X11)|c2_1(X11)|~c3_1(X11)))|hskp9)&(![X12]:(ndr1_0=>(c0_1(X12)|c2_1(X12)|c3_1(X12)))|![X13]:(ndr1_0=>(c0_1(X13)|c2_1(X13)|~c3_1(X13)))|hskp27)&(![X14]:(ndr1_0=>(c0_1(X14)|c2_1(X14)|~c1_1(X14)))|hskp10|hskp11)&(![X15]:(ndr1_0=>(c0_1(X15)|c2_1(X15)|~c1_1(X15)))|hskp12|hskp8)&(![X16]:(ndr1_0=>(c0_1(X16)|c2_1(X16)|~c3_1(X16)))|![X17]:(ndr1_0=>(c1_1(X17)|c3_1(X17)|~c2_1(X17)))|hskp3)&(![X18]:(ndr1_0=>(c0_1(X18)|c2_1(X18)|~c3_1(X18)))|hskp28|hskp13)&(![X19]:(ndr1_0=>(c0_1(X19)|c2_1(X19)|~c3_1(X19)))|hskp14|hskp3)&(![X20]:(ndr1_0=>(c0_1(X20)|c3_1(X20)|~c1_1(X20)))|![X21]:(ndr1_0=>(c0_1(X21)|~c1_1(X21)|~c3_1(X21)))|hskp6)&(![X22]:(ndr1_0=>(c0_1(X22)|c3_1(X22)|~c1_1(X22)))|hskp27|hskp15)&(![X23]:(ndr1_0=>(c0_1(X23)|c3_1(X23)|~c2_1(X23)))|![X24]:(ndr1_0=>(c0_1(X24)|~c1_1(X24)|~c2_1(X24)))|hskp29)&(![X25]:(ndr1_0=>(c0_1(X25)|c3_1(X25)|~c2_1(X25)))|![X26]:(ndr1_0=>(c1_1(X26)|c2_1(X26)|c3_1(X26)))|![X27]:(ndr1_0=>(~c1_1(X27)|~c2_1(X27)|~c3_1(X27))))&(![X28]:(ndr1_0=>(c0_1(X28)|c3_1(X28)|~c2_1(X28)))|![X29]:(ndr1_0=>(c2_1(X29)|c3_1(X29)|~c1_1(X29)))|hskp16)&(![X30]:(ndr1_0=>(c0_1(X30)|c3_1(X30)|~c2_1(X30)))|![X31]:(ndr1_0=>(~c0_1(X31)|~c2_1(X31)|~c3_1(X31)))|hskp28)&(![X32]:(ndr1_0=>(c0_1(X32)|c3_1(X32)|~c2_1(X32)))|hskp29|hskp3)&(![X33]:(ndr1_0=>(c0_1(X33)|c3_1(X33)|~c2_1(X33)))|hskp9|hskp10)&(![X34]:(ndr1_0=>(c0_1(X34)|c3_1(X34)|~c2_1(X34)))|hskp7|hskp17)&(![X35]:(ndr1_0=>(c0_1(X35)|~c1_1(X35)|~c2_1(X35)))|![X36]:(ndr1_0=>(~c0_1(X36)|~c2_1(X36)|~c3_1(X36)))|hskp18)&(![X37]:(ndr1_0=>(c0_1(X37)|~c2_1(X37)|~c3_1(X37)))|![X38]:(ndr1_0=>(c1_1(X38)|c2_1(X38)|~c3_1(X38)))|![X39]:(ndr1_0=>(c2_1(X39)|~c1_1(X39)|~c3_1(X39))))&(![X40]:(ndr1_0=>(c1_1(X40)|c2_1(X40)|c3_1(X40)))|![X41]:(ndr1_0=>(~c0_1(X41)|~c1_1(X41)|~c3_1(X41)))|hskp7)&(![X42]:(ndr1_0=>(c1_1(X42)|c2_1(X42)|~c0_1(X42)))|![X43]:(ndr1_0=>(~c0_1(X43)|~c2_1(X43)|~c3_1(X43)))|hskp16)&(![X44]:(ndr1_0=>(c1_1(X44)|c3_1(X44)|~c0_1(X44)))|![X45]:(ndr1_0=>(c1_1(X45)|~c0_1(X45)|~c3_1(X45)))|hskp19)&(![X46]:(ndr1_0=>(c1_1(X46)|c3_1(X46)|~c0_1(X46)))|![X47]:(ndr1_0=>(c2_1(X47)|~c0_1(X47)|~c3_1(X47)))|![X48]:(ndr1_0=>(~c1_1(X48)|~c2_1(X48)|~c3_1(X48))))&(![X49]:(ndr1_0=>(c1_1(X49)|c3_1(X49)|~c0_1(X49)))|hskp4|hskp5)&(![X50]:(ndr1_0=>(c1_1(X50)|c3_1(X50)|~c2_1(X50)))|![X51]:(ndr1_0=>(c2_1(X51)|c3_1(X51)|~c1_1(X51)))|![X52]:(ndr1_0=>(c2_1(X52)|~c1_1(X52)|~c3_1(X52))))&(![X53]:(ndr1_0=>(c1_1(X53)|c3_1(X53)|~c2_1(X53)))|![X54]:(ndr1_0=>(c2_1(X54)|~c0_1(X54)|~c1_1(X54)))|![X55]:(ndr1_0=>(~c1_1(X55)|~c2_1(X55)|~c3_1(X55))))&(![X56]:(ndr1_0=>(c1_1(X56)|c3_1(X56)|~c2_1(X56)))|![X57]:(ndr1_0=>(c2_1(X57)|~c0_1(X57)|~c3_1(X57)))|hskp8)&(![X58]:(ndr1_0=>(c1_1(X58)|c3_1(X58)|~c2_1(X58)))|hskp16|hskp17)&(![X59]:(ndr1_0=>(c1_1(X59)|~c0_1(X59)|~c2_1(X59)))|![X60]:(ndr1_0=>(c2_1(X60)|~c1_1(X60)|~c3_1(X60)))|hskp20)&(![X61]:(ndr1_0=>(c1_1(X61)|~c0_1(X61)|~c3_1(X61)))|hskp16|hskp21)&(![X62]:(ndr1_0=>(c1_1(X62)|~c0_1(X62)|~c3_1(X62)))|hskp10|hskp13)&(![X63]:(ndr1_0=>(c2_1(X63)|c3_1(X63)|~c0_1(X63)))|![X64]:(ndr1_0=>(c2_1(X64)|~c0_1(X64)|~c3_1(X64)))|hskp17)&(![X65]:(ndr1_0=>(c2_1(X65)|c3_1(X65)|~c0_1(X65)))|hskp1|hskp3)&(![X66]:(ndr1_0=>(c2_1(X66)|c3_1(X66)|~c1_1(X66)))|hskp18|hskp21)&(![X67]:(ndr1_0=>(c2_1(X67)|~c0_1(X67)|~c1_1(X67)))|hskp15)&(![X68]:(ndr1_0=>(c2_1(X68)|~c0_1(X68)|~c3_1(X68)))|![X69]:(ndr1_0=>(~c0_1(X69)|~c1_1(X69)|~c2_1(X69)))|hskp22)&(![X70]:(ndr1_0=>(c2_1(X70)|~c0_1(X70)|~c3_1(X70)))|hskp16|hskp23)&(![X71]:(ndr1_0=>(c2_1(X71)|~c0_1(X71)|~c3_1(X71)))|hskp5|hskp24)&(![X72]:(ndr1_0=>(c2_1(X72)|~c1_1(X72)|~c3_1(X72)))|hskp4|hskp24)&(![X73]:(ndr1_0=>(c3_1(X73)|~c0_1(X73)|~c1_1(X73)))|![X74]:(ndr1_0=>(~c0_1(X74)|~c1_1(X74)|~c2_1(X74)))|hskp13)&(![X75]:(ndr1_0=>(c3_1(X75)|~c0_1(X75)|~c1_1(X75)))|hskp12)&(![X76]:(ndr1_0=>(~c0_1(X76)|~c1_1(X76)|~c2_1(X76)))|hskp19|hskp13)&(![X77]:(ndr1_0=>(~c0_1(X77)|~c1_1(X77)|~c3_1(X77)))|hskp10|hskp15)&(![X78]:(ndr1_0=>(~c0_1(X78)|~c1_1(X78)|~c3_1(X78)))|hskp25|hskp24)&(![X79]:(ndr1_0=>(~c0_1(X79)|~c2_1(X79)|~c3_1(X79)))|![X80]:(ndr1_0=>(~c1_1(X80)|~c2_1(X80)|~c3_1(X80)))|hskp1)&(![X81]:(ndr1_0=>(~c0_1(X81)|~c2_1(X81)|~c3_1(X81)))|hskp27|hskp26)&(![X82]:(ndr1_0=>(~c1_1(X82)|~c2_1(X82)|~c3_1(X82)))|hskp18|hskp12)&(hskp30|hskp10|hskp18)&(hskp9|hskp21|hskp6)&(hskp10|hskp5|hskp0)&(hskp11|hskp8)&(hskp12|hskp5|hskp15)))			
../../TPTP-v7.3.0/Problems/SYN/SYN537-1.p		Satisfiable	UNKNOWN		UNKNOWN		cnf					
../../TPTP-v7.3.0/Problems/SYN/SYN785-1.p		Satisfiable	UNKNOWN		UNKNOWN		cnf					
../../TPTP-v7.3.0/Problems/SYN/SYN673-1.p		Unsatisfiable	UNKNOWN		UNKNOWN		cnf					
../../TPTP-v7.3.0/Problems/SYN/SYN081-1.p		Unsatisfiable	UNKNOWN		UNKNOWN		cnf	(~big_f(X)|~big_f(f(X))),(big_f(f(X))|big_f(X)),(~big_f(X)|~big_f(f(X))),(big_f(f(X))|big_f(X))				
../../TPTP-v7.3.0/Problems/SYN/SYN723+1.p		Theorem	UNKNOWN		UNKNOWN		fof		(?[X]:![Y]:(p(X)<=>p(Y))<=>((?[X]:q(X)<=>![Y]:r(Y))<=>((?[X]:![Y]:(q(X)<=>q(Y))<=>(?[X]:r(X)<=>![Y]:s(Y)))<=>(?[X]:![Y]:(r(X)<=>r(Y))<=>((?[X]:s(X)<=>![Y]:p(Y))<=>(?[X]:![Y]:(s(X)<=>s(Y))<=>(?[X]:p(X)<=>![Y]:q(Y))))))))			
../../TPTP-v7.3.0/Problems/SYN/SYN465-1.p		Unsatisfiable	UNKNOWN		UNKNOWN		cnf					
../../TPTP-v7.3.0/Problems/SYN/SYN359+1.p		Theorem	UNKNOWN		UNKNOWN		fof		((?[X]:big_r(X)&![Y]:(big_r(Y)=>?[Z]:big_q(Y,Z))&![X,Y]:(big_q(X,Y)=>big_q(X,X)))=>?[X,Y]:(big_q(X,Y)&big_r(Y)))			
../../TPTP-v7.3.0/Problems/SYN/SYN229-1.p		Unsatisfiable	UNKNOWN		UNKNOWN		cnf					
../../TPTP-v7.3.0/Problems/SYN/SYN844-1.p		Unsatisfiable	UNKNOWN		UNKNOWN		cnf					
../../TPTP-v7.3.0/Problems/SYN/SYN605-1.p		Unsatisfiable	UNKNOWN		UNKNOWN		cnf					
../../TPTP-v7.3.0/Problems/SYN/SYN651-1.p		Unsatisfiable	UNKNOWN		UNKNOWN		cnf					
../../TPTP-v7.3.0/Problems/SYN/SYN563-1.p		Unsatisfiable	UNKNOWN		UNKNOWN		cnf					
../../TPTP-v7.3.0/Problems/SYN/SYN821-1.p		Satisfiable	UNKNOWN		UNKNOWN		cnf					
../../TPTP-v7.3.0/Problems/SYN/SYN251-1.p		Unsatisfiable	UNKNOWN		UNKNOWN		cnf					
../../TPTP-v7.3.0/Problems/SYN/SYN428-1.p		Satisfiable	UNKNOWN		UNKNOWN		cnf					
../../TPTP-v7.3.0/Problems/SYN/SYN526-1.p		Satisfiable	UNKNOWN		UNKNOWN		cnf					
../../TPTP-v7.3.0/Problems/SYN/SYN492-1.p		Satisfiable	UNKNOWN		UNKNOWN		cnf					
../../TPTP-v7.3.0/Problems/SYN/SYN361+1.p		Theorem	UNKNOWN		UNKNOWN		fof		((?[V]:![X]:big_p(X,V)&![X]:(big_s(X)=>?[Y]:big_q(Y,X))&![X,Y]:(big_p(X,Y)=>~big_q(X,Y)))=>?[U]:~big_s(U))			
../../TPTP-v7.3.0/Problems/SYN/SYN327-1.p		Unsatisfiable	UNKNOWN		UNKNOWN		cnf					
../../TPTP-v7.3.0/Problems/SYN/SYN481-1.p		Unsatisfiable	UNKNOWN		UNKNOWN		cnf					
../../TPTP-v7.3.0/Problems/SYN/SYN044+1.p		Theorem	UNKNOWN		UNKNOWN		fof	(q=>r),(r=>(p&q)),(p=>(q|r)),(q=>r),(r=>(p&q)),(p=>(q|r))	(p<=>q)			
../../TPTP-v7.3.0/Problems/SYN/SYN721+1.p		Theorem	UNKNOWN		UNKNOWN		fof		((r(a,b)&![X]:(?[Y]:r(X,Y)=>q(X,X))&![U,V]:(q(U,V)=>![Z]:r(Z,V)))=>?[W]:(r(b,W)&q(W,a)))			
../../TPTP-v7.3.0/Problems/SYN/SYN518+1.p		CounterSatisfiable	UNKNOWN		UNKNOWN		fof		(~((![U]:(ndr1_0=>((ndr1_1(U)&~c2_2(U,a999)&c3_2(U,a999)&c1_2(U,a999))|~c1_1(U)|![V]:(ndr1_1(U)=>(c3_2(U,V)|c2_2(U,V)|c5_2(U,V)))))|c3_0|![W]:(ndr1_0=>(![X]:(ndr1_1(W)=>(c1_2(W,X)|~c4_2(W,X)))|![Y]:(ndr1_1(W)=>(c1_2(W,Y)|c2_2(W,Y)|c5_2(W,Y)))|c3_1(W))))&(c2_0|~c4_0|c3_0)&(c5_0|(ndr1_0&~c2_1(a1000)&![Z]:(ndr1_1(a1000)=>(c5_2(a1000,Z)|~c1_2(a1000,Z)|c2_2(a1000,Z)))&ndr1_1(a1000)&c3_2(a1000,a1001)&~c4_2(a1000,a1001)&~c5_2(a1000,a1001)))&(~c3_0|![X1]:(ndr1_0=>(c3_1(X1)|c5_1(X1)|![X2]:(ndr1_1(X1)=>(~c2_2(X1,X2)|c5_2(X1,X2)|c3_2(X1,X2)))))|![X3]:(ndr1_0=>(![X4]:(ndr1_1(X3)=>(~c3_2(X3,X4)|~c5_2(X3,X4)|c4_2(X3,X4)))|(ndr1_1(X3)&c4_2(X3,a1002)&c2_2(X3,a1002)&~c1_2(X3,a1002)))))&(c2_0|~c3_0|c5_0)&(![X5]:(ndr1_0=>(~c2_1(X5)|(ndr1_1(X5)&c3_2(X5,a1003)&~c1_2(X5,a1003)&c5_2(X5,a1003))|(ndr1_1(X5)&c4_2(X5,a1004)&c3_2(X5,a1004)&~c5_2(X5,a1004))))|(ndr1_0&![X6]:(ndr1_1(a1005)=>(c5_2(a1005,X6)|~c4_2(a1005,X6)))&~c3_1(a1005)&c4_1(a1005))|![X7]:(ndr1_0=>(c5_1(X7)|~c1_1(X7)|(ndr1_1(X7)&~c3_2(X7,a1006)&~c4_2(X7,a1006)))))&(~c1_0|~c5_0|(ndr1_0&![X8]:(ndr1_1(a1007)=>(c1_2(a1007,X8)|~c4_2(a1007,X8)))&~c5_1(a1007)&ndr1_1(a1007)&c1_2(a1007,a1008)&c2_2(a1007,a1008)))&(c2_0|(ndr1_0&![X9]:(ndr1_1(a1009)=>(~c5_2(a1009,X9)|c2_2(a1009,X9)))&c2_1(a1009))|(ndr1_0&ndr1_1(a1010)&~c5_2(a1010,a1011)&c2_2(a1010,a1011)&~c3_2(a1010,a1011)&ndr1_1(a1010)&~c5_2(a1010,a1012)&c2_2(a1010,a1012)&~c1_2(a1010,a1012)&![X10]:(ndr1_1(a1010)=>(c3_2(a1010,X10)|~c2_2(a1010,X10)|~c1_2(a1010,X10)))))&(~c2_0|c1_0|(ndr1_0&c3_1(a1013)&![X11]:(ndr1_1(a1013)=>(c1_2(a1013,X11)|~c5_2(a1013,X11)|c4_2(a1013,X11)))&~c2_1(a1013)))&(~c5_0|(ndr1_0&ndr1_1(a1014)&~c3_2(a1014,a1015)&~c2_2(a1014,a1015)&c1_2(a1014,a1015)&~c2_1(a1014)))&(![X12]:(ndr1_0=>(~c3_1(X12)|![X13]:(ndr1_1(X12)=>(~c2_2(X12,X13)|~c3_2(X12,X13)))))|c2_0|c1_0)&(~c1_0|~c2_0|~c3_0)&(c5_0|~c2_0|c4_0)&(~c3_0|~c4_0|(ndr1_0&c1_1(a1016)&~c4_1(a1016)&ndr1_1(a1016)&c2_2(a1016,a1017)&c5_2(a1016,a1017)&~c1_2(a1016,a1017)))&(~c2_0|(ndr1_0&~c5_1(a1018)&ndr1_1(a1018)&c5_2(a1018,a1019)&~c3_2(a1018,a1019)&~c4_2(a1018,a1019)&![X14]:(ndr1_1(a1018)=>(c1_2(a1018,X14)|c5_2(a1018,X14)|~c4_2(a1018,X14))))|~c5_0)&(![X15]:(ndr1_0=>((ndr1_1(X15)&c4_2(X15,a1020)&~c5_2(X15,a1020)&c1_2(X15,a1020))|c4_1(X15)))|~c5_0)&(~c4_0|(ndr1_0&![X16]:(ndr1_1(a1021)=>(c3_2(a1021,X16)|c2_2(a1021,X16)))&![X17]:(ndr1_1(a1021)=>(~c5_2(a1021,X17)|c4_2(a1021,X17)|~c1_2(a1021,X17)))&~c3_1(a1021))|~c1_0)&(~c2_0|![X18]:(ndr1_0=>((ndr1_1(X18)&c3_2(X18,a1022)&~c5_2(X18,a1022))|~c3_1(X18)|![X19]:(ndr1_1(X18)=>(c5_2(X18,X19)|c4_2(X18,X19)))))|![X20]:(ndr1_0=>(~c2_1(X20)|~c4_1(X20)|![X21]:(ndr1_1(X20)=>(~c4_2(X20,X21)|c2_2(X20,X21))))))&(c4_0|(ndr1_0&ndr1_1(a1023)&~c2_2(a1023,a1024)&c1_2(a1023,a1024)&c3_2(a1023,a1024)&c1_1(a1023)&~c2_1(a1023))|(ndr1_0&![X22]:(ndr1_1(a1025)=>(~c4_2(a1025,X22)|c5_2(a1025,X22)|~c1_2(a1025,X22)))&![X23]:(ndr1_1(a1025)=>(~c3_2(a1025,X23)|c5_2(a1025,X23)|~c1_2(a1025,X23)))))&((ndr1_0&![X24]:(ndr1_1(a1026)=>(~c5_2(a1026,X24)|c2_2(a1026,X24)|~c4_2(a1026,X24)))&~c3_1(a1026))|~c3_0|(ndr1_0&c4_1(a1027)&c5_1(a1027)&![X25]:(ndr1_1(a1027)=>(c1_2(a1027,X25)|~c4_2(a1027,X25)))))&(~c5_0|c4_0)&((ndr1_0&![X26]:(ndr1_1(a1028)=>(c5_2(a1028,X26)|~c3_2(a1028,X26)|~c2_2(a1028,X26)))&c3_1(a1028))|c1_0|![X27]:(ndr1_0=>(![X28]:(ndr1_1(X27)=>(c2_2(X27,X28)|~c3_2(X27,X28)|c1_2(X27,X28)))|(ndr1_1(X27)&~c4_2(X27,a1029)&c2_2(X27,a1029)&c3_2(X27,a1029))|(ndr1_1(X27)&~c5_2(X27,a1030)&~c4_2(X27,a1030)))))&((ndr1_0&c2_1(a1031)&ndr1_1(a1031)&~c2_2(a1031,a1032)&c5_2(a1031,a1032)&c4_1(a1031))|(ndr1_0&![X29]:(ndr1_1(a1033)=>(c5_2(a1033,X29)|~c3_2(a1033,X29)|c4_2(a1033,X29)))&~c5_1(a1033)&c3_1(a1033))|~c1_0)&(![X30]:(ndr1_0=>(c5_1(X30)|c3_1(X30)|c2_1(X30)))|~c5_0|~c1_0)&(![X31]:(ndr1_0=>((ndr1_1(X31)&~c5_2(X31,a1034)&c1_2(X31,a1034)&~c4_2(X31,a1034))|![X32]:(ndr1_1(X31)=>(~c4_2(X31,X32)|~c3_2(X31,X32)|c2_2(X31,X32)))))|c2_0)&(![X33]:(ndr1_0=>((ndr1_1(X33)&~c2_2(X33,a1035)&c4_2(X33,a1035)&c5_2(X33,a1035))|c3_1(X33)|~c2_1(X33)))|~c2_0)&((ndr1_0&![X34]:(ndr1_1(a1036)=>(c1_2(a1036,X34)|~c3_2(a1036,X34)|c4_2(a1036,X34)))&~c4_1(a1036))|c1_0|![X35]:(ndr1_0=>(c4_1(X35)|c2_1(X35))))&(c5_0|![X36]:(ndr1_0=>(c5_1(X36)|![X37]:(ndr1_1(X36)=>(~c3_2(X36,X37)|~c2_2(X36,X37)|c1_2(X36,X37)))))|c4_0)&(![X38]:(ndr1_0=>(~c2_1(X38)|(ndr1_1(X38)&~c1_2(X38,a1037)&c3_2(X38,a1037)&c5_2(X38,a1037))|c4_1(X38)))|~c1_0|![X39]:(ndr1_0=>(~c1_1(X39)|(ndr1_1(X39)&~c4_2(X39,a1038)&~c2_2(X39,a1038)&~c3_2(X39,a1038))|![X40]:(ndr1_1(X39)=>(~c3_2(X39,X40)|c2_2(X39,X40)|~c5_2(X39,X40))))))&(c4_0|(ndr1_0&ndr1_1(a1039)&~c5_2(a1039,a1040)&c2_2(a1039,a1040)&~c3_2(a1039,a1040)&![X41]:(ndr1_1(a1039)=>(c3_2(a1039,X41)|c2_2(a1039,X41)|c4_2(a1039,X41)))&ndr1_1(a1039)&c4_2(a1039,a1041)&c2_2(a1039,a1041)&c3_2(a1039,a1041))|![X42]:(ndr1_0=>(![X43]:(ndr1_1(X42)=>(~c1_2(X42,X43)|~c2_2(X42,X43)))|c5_1(X42)|~c1_1(X42))))&(c4_0|(ndr1_0&ndr1_1(a1042)&~c3_2(a1042,a1043)&c5_2(a1042,a1043)&~c2_2(a1042,a1043)&ndr1_1(a1042)&~c2_2(a1042,a1044)&~c5_2(a1042,a1044)&ndr1_1(a1042)&c1_2(a1042,a1045)&~c3_2(a1042,a1045))|(ndr1_0&c2_1(a1046)&~c5_1(a1046)&~c4_1(a1046)))&(![X44]:(ndr1_0=>(~c3_1(X44)|![X45]:(ndr1_1(X44)=>(c2_2(X44,X45)|c1_2(X44,X45)|~c4_2(X44,X45)))|~c1_1(X44)))|~c4_0|(ndr1_0&ndr1_1(a1047)&c5_2(a1047,a1048)&~c3_2(a1047,a1048)&c4_2(a1047,a1048)&![X46]:(ndr1_1(a1047)=>(c2_2(a1047,X46)|c5_2(a1047,X46)|~c4_2(a1047,X46)))&![X47]:(ndr1_1(a1047)=>(c2_2(a1047,X47)|~c4_2(a1047,X47)|c3_2(a1047,X47)))))&(~c1_0|(ndr1_0&c5_1(a1049)&![X48]:(ndr1_1(a1049)=>(~c2_2(a1049,X48)|c1_2(a1049,X48)|~c3_2(a1049,X48)))&~c3_1(a1049)))&(~c1_0|(ndr1_0&![X49]:(ndr1_1(a1050)=>(c4_2(a1050,X49)|~c2_2(a1050,X49)|c3_2(a1050,X49)))&~c2_1(a1050))|c3_0)&(~c2_0|c4_0)&(![X50]:(ndr1_0=>(c1_1(X50)|~c3_1(X50)))|c5_0|(ndr1_0&~c2_1(a1051)&![X51]:(ndr1_1(a1051)=>(~c2_2(a1051,X51)|c4_2(a1051,X51)|~c5_2(a1051,X51)))&ndr1_1(a1051)&~c4_2(a1051,a1052)&c5_2(a1051,a1052)&c1_2(a1051,a1052)))&(c4_0|(ndr1_0&c1_1(a1053)&c4_1(a1053)&![X52]:(ndr1_1(a1053)=>(c4_2(a1053,X52)|c2_2(a1053,X52)|~c1_2(a1053,X52))))|(ndr1_0&ndr1_1(a1054)&~c4_2(a1054,a1055)&~c2_2(a1054,a1055)&ndr1_1(a1054)&c3_2(a1054,a1056)&c5_2(a1054,a1056)&c4_2(a1054,a1056)&c2_1(a1054)))&(~c5_0|~c1_0)&(~c2_0|c1_0|![X53]:(ndr1_0=>(~c5_1(X53)|c2_1(X53)|![X54]:(ndr1_1(X53)=>(c5_2(X53,X54)|c4_2(X53,X54))))))&((ndr1_0&~c2_1(a1057)&~c5_1(a1057)&ndr1_1(a1057)&~c4_2(a1057,a1058)&c3_2(a1057,a1058))|(ndr1_0&ndr1_1(a1059)&c5_2(a1059,a1060)&c2_2(a1059,a1060)&~c1_2(a1059,a1060)&![X55]:(ndr1_1(a1059)=>(c3_2(a1059,X55)|~c5_2(a1059,X55)|c1_2(a1059,X55)))&ndr1_1(a1059)&c3_2(a1059,a1061)&c1_2(a1059,a1061))|(ndr1_0&![X56]:(ndr1_1(a1062)=>(~c1_2(a1062,X56)|c5_2(a1062,X56)|c2_2(a1062,X56)))&~c5_1(a1062)&c4_1(a1062)))&(c5_0|c2_0|(ndr1_0&![X57]:(ndr1_1(a1063)=>(~c5_2(a1063,X57)|~c3_2(a1063,X57)))&~c1_1(a1063)))&(~c1_0|~c4_0)&(c2_0|![X58]:(ndr1_0=>(~c4_1(X58)|![X59]:(ndr1_1(X58)=>(c2_2(X58,X59)|~c5_2(X58,X59)|~c4_2(X58,X59)))|~c5_1(X58)))|![X60]:(ndr1_0=>(c2_1(X60)|c1_1(X60))))&(~c2_0|![X61]:(ndr1_0=>(c3_1(X61)|![X62]:(ndr1_1(X61)=>(~c5_2(X61,X62)|~c2_2(X61,X62)|~c4_2(X61,X62)))|![X63]:(ndr1_1(X61)=>(c4_2(X61,X63)|c5_2(X61,X63)))))|(ndr1_0&ndr1_1(a1064)&~c2_2(a1064,a1065)&c4_2(a1064,a1065)&~c1_2(a1064,a1065)&c2_1(a1064)&ndr1_1(a1064)&~c5_2(a1064,a1066)&~c1_2(a1064,a1066)))&((ndr1_0&ndr1_1(a1067)&~c1_2(a1067,a1068)&c2_2(a1067,a1068)&c3_2(a1067,a1068)&~c3_1(a1067)&~c4_1(a1067))|c5_0|c2_0)&((ndr1_0&~c4_1(a1069)&c1_1(a1069)&~c2_1(a1069))|~c2_0|![X64]:(ndr1_0=>(~c4_1(X64)|c2_1(X64))))&((ndr1_0&~c4_1(a1070)&![X65]:(ndr1_1(a1070)=>(~c3_2(a1070,X65)|c4_2(a1070,X65)|~c2_2(a1070,X65)))&![X66]:(ndr1_1(a1070)=>(~c4_2(a1070,X66)|c3_2(a1070,X66)|~c2_2(a1070,X66))))|![X67]:(ndr1_0=>(![X68]:(ndr1_1(X67)=>(c4_2(X67,X68)|~c5_2(X67,X68)))|~c5_1(X67)|c4_1(X67))))&(c3_0|~c1_0|~c4_0)&((ndr1_0&~c1_1(a1071)&~c2_1(a1071)&![X69]:(ndr1_1(a1071)=>(c5_2(a1071,X69)|c4_2(a1071,X69)|c1_2(a1071,X69))))|c1_0)&(~c4_0|![X70]:(ndr1_0=>(c5_1(X70)|c3_1(X70)|~c4_1(X70)))|c1_0)&((ndr1_0&ndr1_1(a1072)&c2_2(a1072,a1073)&~c3_2(a1072,a1073)&c4_2(a1072,a1073)&c1_1(a1072)&ndr1_1(a1072)&~c3_2(a1072,a1074)&~c4_2(a1072,a1074))|c2_0|(ndr1_0&![X71]:(ndr1_1(a1075)=>(c5_2(a1075,X71)|c1_2(a1075,X71)|c4_2(a1075,X71)))&ndr1_1(a1075)&~c2_2(a1075,a1076)&~c4_2(a1075,a1076)&~c1_2(a1075,a1076)))&(c4_0|(ndr1_0&ndr1_1(a1077)&~c2_2(a1077,a1078)&c5_2(a1077,a1078)&~c4_2(a1077,a1078)&c5_1(a1077)&c4_1(a1077))|(ndr1_0&~c1_1(a1079)&~c2_1(a1079)))&(![X72]:(ndr1_0=>(c3_1(X72)|c1_1(X72)|~c2_1(X72)))|~c5_0|~c2_0)&(~c3_0|c1_0)&((ndr1_0&c1_1(a1080)&ndr1_1(a1080)&~c5_2(a1080,a1081)&~c4_2(a1080,a1081)&c4_1(a1080))|c3_0|![X73]:(ndr1_0=>(~c2_1(X73)|![X74]:(ndr1_1(X73)=>(~c1_2(X73,X74)|~c4_2(X73,X74)|~c5_2(X73,X74)))|c1_1(X73))))&(~c1_0|~c5_0|c2_0)&(c1_0|~c2_0|(ndr1_0&![X75]:(ndr1_1(a1082)=>(~c5_2(a1082,X75)|c4_2(a1082,X75)|c2_2(a1082,X75)))&~c1_1(a1082)&![X76]:(ndr1_1(a1082)=>(c3_2(a1082,X76)|~c2_2(a1082,X76)|c5_2(a1082,X76)))))&((ndr1_0&![X77]:(ndr1_1(a1083)=>(c1_2(a1083,X77)|c5_2(a1083,X77)))&~c1_1(a1083)&c2_1(a1083))|(ndr1_0&ndr1_1(a1084)&c1_2(a1084,a1085)&c2_2(a1084,a1085)&c3_2(a1084,a1085)&ndr1_1(a1084)&c3_2(a1084,a1086)&~c2_2(a1084,a1086)&~c4_2(a1084,a1086))|c4_0)&(![X78]:(ndr1_0=>((ndr1_1(X78)&c1_2(X78,a1087)&c5_2(X78,a1087)&c3_2(X78,a1087))|(ndr1_1(X78)&~c5_2(X78,a1088))|~c2_1(X78)))|~c4_0|(ndr1_0&![X79]:(ndr1_1(a1089)=>(c2_2(a1089,X79)|c3_2(a1089,X79)|c1_2(a1089,X79)))&~c1_1(a1089)&![X80]:(ndr1_1(a1089)=>(~c2_2(a1089,X80)|~c3_2(a1089,X80)|c1_2(a1089,X80)))))&(![X81]:(ndr1_0=>((ndr1_1(X81)&c2_2(X81,a1090)&~c1_2(X81,a1090)&c5_2(X81,a1090))|(ndr1_1(X81)&~c2_2(X81,a1091)&c5_2(X81,a1091)&c4_2(X81,a1091))|![X82]:(ndr1_1(X81)=>(~c5_2(X81,X82)|~c4_2(X81,X82)))))|![X83]:(ndr1_0=>((ndr1_1(X83)&~c1_2(X83,a1092)&c2_2(X83,a1092)&c4_2(X83,a1092))|![X84]:(ndr1_1(X83)=>(~c5_2(X83,X84)|c2_2(X83,X84)|~c1_2(X83,X84)))|(ndr1_1(X83)&c1_2(X83,a1093)&~c4_2(X83,a1093)&c2_2(X83,a1093))))|(ndr1_0&![X85]:(ndr1_1(a1094)=>(c2_2(a1094,X85)|~c4_2(a1094,X85)|~c5_2(a1094,X85)))&~c2_1(a1094)&ndr1_1(a1094)&~c4_2(a1094,a1095)&c2_2(a1094,a1095)))&(![X86]:(ndr1_0=>(c1_1(X86)|(ndr1_1(X86)&c4_2(X86,a1096)&~c2_2(X86,a1096))|![X87]:(ndr1_1(X86)=>(~c2_2(X86,X87)|~c3_2(X86,X87)|~c1_2(X86,X87)))))|~c2_0|c5_0)&(~c1_0|(ndr1_0&~c2_1(a1097)&~c5_1(a1097)&ndr1_1(a1097)&c1_2(a1097,a1098)&c5_2(a1097,a1098)&c3_2(a1097,a1098)))&(![X88]:(ndr1_0=>(~c3_1(X88)|c2_1(X88)))|~c2_0|~c5_0)&((ndr1_0&c5_1(a1099)&~c2_1(a1099)&~c3_1(a1099))|~c3_0|~c2_0)&(~c3_0|~c1_0|~c4_0)&(![X89]:(ndr1_0=>(c2_1(X89)|![X90]:(ndr1_1(X89)=>(c3_2(X89,X90)|~c5_2(X89,X90)))|(ndr1_1(X89)&~c3_2(X89,a1100)&c1_2(X89,a1100))))|c4_0|~c3_0)&(c2_0|![X91]:(ndr1_0=>(![X92]:(ndr1_1(X91)=>(~c3_2(X91,X92)|c4_2(X91,X92)|~c2_2(X91,X92)))|(ndr1_1(X91)&~c5_2(X91,a1101)&~c1_2(X91,a1101)&~c3_2(X91,a1101))|c3_1(X91)))|c3_0)&((ndr1_0&![X93]:(ndr1_1(a1102)=>(c2_2(a1102,X93)|c3_2(a1102,X93)|c5_2(a1102,X93)))&![X94]:(ndr1_1(a1102)=>(c3_2(a1102,X94)|c1_2(a1102,X94)|c2_2(a1102,X94))))|c1_0|~c4_0)&(~c2_0|![X95]:(ndr1_0=>(c2_1(X95)|![X96]:(ndr1_1(X95)=>(c2_2(X95,X96)|c1_2(X95,X96)|c3_2(X95,X96)))|![X97]:(ndr1_1(X95)=>(~c1_2(X95,X97)|~c3_2(X95,X97)|~c5_2(X95,X97)))))|![X98]:(ndr1_0=>(c5_1(X98)|~c4_1(X98)|![X99]:(ndr1_1(X98)=>(c4_2(X98,X99)|c5_2(X98,X99))))))&(c3_0|![X100]:(ndr1_0=>(~c1_1(X100)|![X101]:(ndr1_1(X100)=>(c1_2(X100,X101)|~c2_2(X100,X101)|~c5_2(X100,X101)))|![X102]:(ndr1_1(X100)=>(c5_2(X100,X102)|~c3_2(X100,X102)|c1_2(X100,X102)))))|~c2_0)&(c1_0|c3_0)&((ndr1_0&![X103]:(ndr1_1(a1103)=>(c5_2(a1103,X103)|c1_2(a1103,X103)|c3_2(a1103,X103)))&![X104]:(ndr1_1(a1103)=>(~c3_2(a1103,X104)|~c1_2(a1103,X104)|c5_2(a1103,X104)))&c5_1(a1103))|~c1_0)&(![X105]:(ndr1_0=>(~c3_1(X105)|c1_1(X105)|![X106]:(ndr1_1(X105)=>(c3_2(X105,X106)|~c5_2(X105,X106)|c1_2(X105,X106)))))|c2_0|c4_0)&(c5_0|(ndr1_0&~c2_1(a1104)&ndr1_1(a1104)&c3_2(a1104,a1105)&~c5_2(a1104,a1105))|~c1_0)&(c5_0|~c4_0)&(![X107]:(ndr1_0=>(![X108]:(ndr1_1(X107)=>(~c1_2(X107,X108)|~c2_2(X107,X108)|c5_2(X107,X108)))|c3_1(X107)|(ndr1_1(X107)&c5_2(X107,a1106)&~c3_2(X107,a1106)&c4_2(X107,a1106))))|c2_0|![X109]:(ndr1_0=>((ndr1_1(X109)&~c4_2(X109,a1107)&c1_2(X109,a1107)&~c5_2(X109,a1107))|![X110]:(ndr1_1(X109)=>(~c5_2(X109,X110)|~c1_2(X109,X110)|c2_2(X109,X110)))|(ndr1_1(X109)&~c5_2(X109,a1108)&c4_2(X109,a1108)))))&(~c5_0|c1_0|![X111]:(ndr1_0=>((ndr1_1(X111)&c5_2(X111,a1109)&~c3_2(X111,a1109))|c1_1(X111))))&(c2_0|(ndr1_0&ndr1_1(a1110)&~c4_2(a1110,a1111)&c1_2(a1110,a1111)&c5_2(a1110,a1111)&c4_1(a1110)&c2_1(a1110))|(ndr1_0&![X112]:(ndr1_1(a1112)=>(~c5_2(a1112,X112)|c1_2(a1112,X112)|~c2_2(a1112,X112)))&![X113]:(ndr1_1(a1112)=>(~c4_2(a1112,X113)|~c3_2(a1112,X113)|~c2_2(a1112,X113)))&c2_1(a1112)))&(c4_0|(ndr1_0&c1_1(a1113)&c2_1(a1113)&![X114]:(ndr1_1(a1113)=>(c2_2(a1113,X114)|~c4_2(a1113,X114)))))&(c1_0|(ndr1_0&![X115]:(ndr1_1(a1114)=>(c3_2(a1114,X115)|~c2_2(a1114,X115)|~c4_2(a1114,X115)))&ndr1_1(a1114)&~c5_2(a1114,a1115)&~c4_2(a1114,a1115)&c3_2(a1114,a1115)&![X116]:(ndr1_1(a1114)=>(c3_2(a1114,X116)|~c5_2(a1114,X116))))|~c5_0)&((ndr1_0&~c4_1(a1116)&ndr1_1(a1116)&~c5_2(a1116,a1117)&~c3_2(a1116,a1117)&c4_2(a1116,a1117)&![X117]:(ndr1_1(a1116)=>(c4_2(a1116,X117)|c2_2(a1116,X117)|c3_2(a1116,X117))))|~c2_0|(ndr1_0&![X118]:(ndr1_1(a1118)=>(~c1_2(a1118,X118)|c4_2(a1118,X118)|~c3_2(a1118,X118)))&ndr1_1(a1118)&c4_2(a1118,a1119)&c5_2(a1118,a1119)&c2_2(a1118,a1119)))&(~c1_0|![X119]:(ndr1_0=>((ndr1_1(X119)&c5_2(X119,a1120)&c4_2(X119,a1120)&~c3_2(X119,a1120))|c3_1(X119)|~c4_1(X119))))&((ndr1_0&c3_1(a1121)&~c1_1(a1121)&~c4_1(a1121))|c4_0)&(~c4_0|c5_0)&(~c3_0|c5_0)&((ndr1_0&ndr1_1(a1122)&c2_2(a1122,a1123)&~c1_2(a1122,a1123)&ndr1_1(a1122)&c5_2(a1122,a1124)&c2_2(a1122,a1124)&~c3_2(a1122,a1124)&![X120]:(ndr1_1(a1122)=>(~c4_2(a1122,X120)|c1_2(a1122,X120)|c2_2(a1122,X120))))|![X121]:(ndr1_0=>(~c4_1(X121)|![X122]:(ndr1_1(X121)=>(~c2_2(X121,X122)|~c1_2(X121,X122)))|![X123]:(ndr1_1(X121)=>(c1_2(X121,X123)|~c2_2(X121,X123)))))|~c1_0)&(~c3_0|c2_0|c5_0)&(c5_0|~c2_0)&(~c2_0|![X124]:(ndr1_0=>(c4_1(X124)|(ndr1_1(X124)&c4_2(X124,a1125)&c1_2(X124,a1125))|~c3_1(X124)))|(ndr1_0&![X125]:(ndr1_1(a1126)=>(c3_2(a1126,X125)|c1_2(a1126,X125)|c2_2(a1126,X125)))&![X126]:(ndr1_1(a1126)=>(c1_2(a1126,X126)|~c4_2(a1126,X126)))))&(![X127]:(ndr1_0=>((ndr1_1(X127)&~c4_2(X127,a1127)&c1_2(X127,a1127)&~c5_2(X127,a1127))|(ndr1_1(X127)&~c4_2(X127,a1128)&~c5_2(X127,a1128)&c2_2(X127,a1128))|c3_1(X127)))|c5_0|(ndr1_0&~c2_1(a1129)&c4_1(a1129)&![X128]:(ndr1_1(a1129)=>(c3_2(a1129,X128)|c4_2(a1129,X128)|~c5_2(a1129,X128)))))&(![X129]:(ndr1_0=>(![X130]:(ndr1_1(X129)=>(~c1_2(X129,X130)|c2_2(X129,X130)))|![X131]:(ndr1_1(X129)=>(c1_2(X129,X131)|c2_2(X129,X131)|~c4_2(X129,X131)))|(ndr1_1(X129)&~c4_2(X129,a1130)&c3_2(X129,a1130)&~c1_2(X129,a1130))))|c3_0|![X132]:(ndr1_0=>(~c4_1(X132)|~c1_1(X132)|c5_1(X132))))&(~c2_0|c5_0|c1_0)&((ndr1_0&c1_1(a1131)&ndr1_1(a1131)&c3_2(a1131,a1132)&c2_2(a1131,a1132)&c1_2(a1131,a1132)&~c4_1(a1131))|~c2_0|c5_0)&(c1_0|![X133]:(ndr1_0=>(~c5_1(X133)|c3_1(X133)|c4_1(X133))))&(~c3_0|~c1_0|![X134]:(ndr1_0=>(c1_1(X134)|![X135]:(ndr1_1(X134)=>(c2_2(X134,X135)|~c3_2(X134,X135)|c4_2(X134,X135))))))&(c1_0|![X136]:(ndr1_0=>(c1_1(X136)|![X137]:(ndr1_1(X136)=>(c1_2(X136,X137)|c2_2(X136,X137)|~c3_2(X136,X137)))|(ndr1_1(X136)&c4_2(X136,a1133)&~c1_2(X136,a1133))))|c3_0)&(c5_0|![X138]:(ndr1_0=>![X139]:(ndr1_1(X138)=>(c1_2(X138,X139)|~c5_2(X138,X139)|~c3_2(X138,X139))))|![X140]:(ndr1_0=>((ndr1_1(X140)&~c5_2(X140,a1134)&c4_2(X140,a1134))|c1_1(X140)|![X141]:(ndr1_1(X140)=>(c5_2(X140,X141)|c1_2(X140,X141))))))&(![X142]:(ndr1_0=>(c2_1(X142)|~c5_1(X142)|~c1_1(X142)))|![X143]:(ndr1_0=>(c5_1(X143)|c4_1(X143)))|~c2_0)&((ndr1_0&ndr1_1(a1135)&c4_2(a1135,a1136)&c1_2(a1135,a1136)&c2_2(a1135,a1136)&![X144]:(ndr1_1(a1135)=>(~c5_2(a1135,X144)|~c1_2(a1135,X144)|~c3_2(a1135,X144)))&c4_1(a1135))|~c4_0)&(![X145]:(ndr1_0=>(![X146]:(ndr1_1(X145)=>(c4_2(X145,X146)|c1_2(X145,X146)|~c5_2(X145,X146)))|![X147]:(ndr1_1(X145)=>(~c5_2(X145,X147)|c4_2(X145,X147)))|(ndr1_1(X145)&c1_2(X145,a1137)&~c2_2(X145,a1137))))|![X148]:(ndr1_0=>(~c3_1(X148)|(ndr1_1(X148)&~c3_2(X148,a1138)&c2_2(X148,a1138))|![X149]:(ndr1_1(X148)=>(~c3_2(X148,X149)|c5_2(X148,X149)|c4_2(X148,X149)))))|c2_0)&(~c5_0|~c3_0|![X150]:(ndr1_0=>(c2_1(X150)|![X151]:(ndr1_1(X150)=>(c4_2(X150,X151)|~c5_2(X150,X151)|c2_2(X150,X151)))|(ndr1_1(X150)&~c2_2(X150,a1139)&~c3_2(X150,a1139)&~c1_2(X150,a1139)))))&(~c3_0|~c5_0)&(~c2_0|![X152]:(ndr1_0=>(c1_1(X152)|(ndr1_1(X152)&c2_2(X152,a1140)&~c5_2(X152,a1140)))))&((ndr1_0&ndr1_1(a1141)&c1_2(a1141,a1142)&~c2_2(a1141,a1142)&ndr1_1(a1141)&c4_2(a1141,a1143)&~c3_2(a1141,a1143)&c1_2(a1141,a1143)&~c5_1(a1141))|c4_0)&(~c4_0|~c1_0|![X153]:(ndr1_0=>(c3_1(X153)|~c5_1(X153))))&(c4_0|~c2_0)&((ndr1_0&c4_1(a1144)&![X154]:(ndr1_1(a1144)=>(c3_2(a1144,X154)|c5_2(a1144,X154)))&![X155]:(ndr1_1(a1144)=>(~c2_2(a1144,X155)|c4_2(a1144,X155)|~c1_2(a1144,X155))))|(ndr1_0&ndr1_1(a1145)&~c2_2(a1145,a1146)&c1_2(a1145,a1146)&~c3_2(a1145,a1146)&~c2_1(a1145)&~c4_1(a1145))|~c5_0)&(c2_0|~c1_0|~c5_0)&((ndr1_0&![X156]:(ndr1_1(a1147)=>(~c5_2(a1147,X156)|~c2_2(a1147,X156)|c3_2(a1147,X156)))&ndr1_1(a1147)&c5_2(a1147,a1148)&c4_2(a1147,a1148)&c2_2(a1147,a1148)&![X157]:(ndr1_1(a1147)=>(c1_2(a1147,X157)|~c2_2(a1147,X157)|c3_2(a1147,X157))))|(ndr1_0&~c3_1(a1149)&ndr1_1(a1149)&c4_2(a1149,a1150)&c3_2(a1149,a1150)&c5_1(a1149))|~c1_0)&((ndr1_0&![X158]:(ndr1_1(a1151)=>(c5_2(a1151,X158)|~c1_2(a1151,X158)|~c2_2(a1151,X158)))&c5_1(a1151)&ndr1_1(a1151)&~c1_2(a1151,a1152))|(ndr1_0&c2_1(a1153)&ndr1_1(a1153)&c4_2(a1153,a1154)&~c2_2(a1153,a1154)&c5_2(a1153,a1154)&~c4_1(a1153))|~c1_0)&((ndr1_0&~c3_1(a1155)&c5_1(a1155))|![X159]:(ndr1_0=>(~c1_1(X159)|(ndr1_1(X159)&~c1_2(X159,a1156)&c3_2(X159,a1156)&~c2_2(X159,a1156))|![X160]:(ndr1_1(X159)=>(~c2_2(X159,X160)|~c5_2(X159,X160)))))|c1_0)&(![X161]:(ndr1_0=>(![X162]:(ndr1_1(X161)=>(c4_2(X161,X162)|~c2_2(X161,X162)))|~c1_1(X161)|~c3_1(X161)))|c3_0|(ndr1_0&c5_1(a1157)&![X163]:(ndr1_1(a1157)=>(c2_2(a1157,X163)|~c4_2(a1157,X163)|c1_2(a1157,X163)))))))			
../../TPTP-v7.3.0/Problems/SYN/SYN421+1.p		CounterSatisfiable	UNKNOWN		UNKNOWN		fof		(~(((ndr1_0&c3_1(a449)&c8_1(a449)&![U]:(ndr1_1(a449)=>(c9_2(a449,U)|c4_2(a449,U))))|![V]:(ndr1_0=>((ndr1_1(V)&c9_2(V,a450)&~c8_2(V,a450)&~c6_2(V,a450))|~c5_1(V)|~c1_1(V)))|c6_0)&(~c9_0|~c2_0|![W]:(ndr1_0=>((ndr1_1(W)&c4_2(W,a451)&c7_2(W,a451))|(ndr1_1(W)&~c2_2(W,a452)&c1_2(W,a452)&c9_2(W,a452))|(ndr1_1(W)&~c1_2(W,a453)&c4_2(W,a453)))))&(c7_0|c4_0|(ndr1_0&~c4_1(a454)&c5_1(a454)&~c9_1(a454)))&((ndr1_0&c1_1(a455)&~c8_1(a455)&c9_1(a455))|![X]:(ndr1_0=>(~c4_1(X)|(ndr1_1(X)&~c1_2(X,a456)&~c6_2(X,a456)&~c7_2(X,a456))|~c3_1(X)))|c4_0)&((ndr1_0&~c2_1(a457)&c5_1(a457)&ndr1_1(a457)&~c10_2(a457,a458)&~c9_2(a457,a458))|~c2_0|~c9_0)&(~c4_0|![Y]:(ndr1_0=>(c10_1(Y)|![Z]:(ndr1_1(Y)=>(c10_2(Y,Z)|c2_2(Y,Z)|c7_2(Y,Z)))|(ndr1_1(Y)&~c9_2(Y,a459)&c2_2(Y,a459)&c8_2(Y,a459)))))&(![X1]:(ndr1_0=>(![X2]:(ndr1_1(X1)=>(~c7_2(X1,X2)|~c8_2(X1,X2)|c3_2(X1,X2)))|c7_1(X1)|~c6_1(X1)))|c1_0|c3_0)&((ndr1_0&~c7_1(a460)&c6_1(a460)&ndr1_1(a460)&c4_2(a460,a461)&c3_2(a460,a461)&~c10_2(a460,a461))|~c9_0|~c7_0)&(c5_0|![X3]:(ndr1_0=>(![X4]:(ndr1_1(X3)=>(c6_2(X3,X4)|~c9_2(X3,X4)|c8_2(X3,X4)))|(ndr1_1(X3)&~c1_2(X3,a462)&c10_2(X3,a462)&c2_2(X3,a462))|![X5]:(ndr1_1(X3)=>(c7_2(X3,X5)|~c1_2(X3,X5)|c6_2(X3,X5)))))|(ndr1_0&![X6]:(ndr1_1(a463)=>(c6_2(a463,X6)|~c3_2(a463,X6)|c5_2(a463,X6)))&~c9_1(a463)&~c7_1(a463)))&(~c1_0|(ndr1_0&ndr1_1(a464)&c10_2(a464,a465)&~c6_2(a464,a465)&~c2_2(a464,a465)&c3_1(a464)&ndr1_1(a464)&c5_2(a464,a466)&~c7_2(a464,a466))|~c9_0)&(c4_0|(ndr1_0&c4_1(a467)&ndr1_1(a467)&c3_2(a467,a468)&c6_2(a467,a468)&~c10_2(a467,a468)&c2_1(a467))|![X7]:(ndr1_0=>(~c8_1(X7)|~c2_1(X7)|~c7_1(X7))))&(c10_0|(ndr1_0&![X8]:(ndr1_1(a469)=>(~c8_2(a469,X8)|~c6_2(a469,X8)|c1_2(a469,X8)))&c6_1(a469)&c10_1(a469))|(ndr1_0&~c2_1(a470)&![X9]:(ndr1_1(a470)=>(c8_2(a470,X9)|~c4_2(a470,X9)|~c5_2(a470,X9)))&c8_1(a470)))&(~c2_0|(ndr1_0&c9_1(a471)&ndr1_1(a471)&c6_2(a471,a472)&~c4_2(a471,a472)&c3_2(a471,a472)&~c3_1(a471))|(ndr1_0&c7_1(a473)&c9_1(a473)&![X10]:(ndr1_1(a473)=>(c3_2(a473,X10)|c8_2(a473,X10)|~c6_2(a473,X10)))))&(![X11]:(ndr1_0=>(c7_1(X11)|![X12]:(ndr1_1(X11)=>(c5_2(X11,X12)|~c9_2(X11,X12)|c6_2(X11,X12)))|c1_1(X11)))|c9_0|~c2_0)&(c6_0|![X13]:(ndr1_0=>(c10_1(X13)|c9_1(X13)|(ndr1_1(X13)&c8_2(X13,a474)&c7_2(X13,a474)&~c6_2(X13,a474))))|(ndr1_0&ndr1_1(a475)&c9_2(a475,a476)&~c10_2(a475,a476)&~c7_2(a475,a476)))&((ndr1_0&~c5_1(a477)&c1_1(a477)&c6_1(a477))|~c5_0|~c8_0)&((ndr1_0&c7_1(a478)&ndr1_1(a478)&c3_2(a478,a479)&~c1_2(a478,a479)&~c8_2(a478,a479)&ndr1_1(a478)&c7_2(a478,a480)&~c4_2(a478,a480)&c2_2(a478,a480))|c3_0|(ndr1_0&![X14]:(ndr1_1(a481)=>(~c7_2(a481,X14)|~c3_2(a481,X14)|~c5_2(a481,X14)))&ndr1_1(a481)&c4_2(a481,a482)&c10_2(a481,a482)&c6_2(a481,a482)&ndr1_1(a481)&c5_2(a481,a483)&c10_2(a481,a483)&~c7_2(a481,a483)))&(~c4_0|~c8_0)&((ndr1_0&![X15]:(ndr1_1(a484)=>(~c5_2(a484,X15)|c7_2(a484,X15)))&![X16]:(ndr1_1(a484)=>(c10_2(a484,X16)|c8_2(a484,X16)))&ndr1_1(a484)&~c4_2(a484,a485)&~c8_2(a484,a485)&~c3_2(a484,a485))|c1_0|c5_0)&(~c3_0|![X17]:(ndr1_0=>((ndr1_1(X17)&~c1_2(X17,a486)&~c2_2(X17,a486)&~c9_2(X17,a486))|![X18]:(ndr1_1(X17)=>(~c8_2(X17,X18)|c6_2(X17,X18)|~c4_2(X17,X18)))|(ndr1_1(X17)&~c10_2(X17,a487)&c9_2(X17,a487)))))&((ndr1_0&~c9_1(a488)&c2_1(a488))|c6_0|(ndr1_0&ndr1_1(a489)&~c2_2(a489,a490)&~c1_2(a489,a490)&~c5_2(a489,a490)&~c6_1(a489)&~c10_1(a489)))&(c4_0|![X19]:(ndr1_0=>(~c1_1(X19)|c7_1(X19)))|c3_0)&(~c2_0|~c9_0|c8_0)&((ndr1_0&ndr1_1(a491)&~c6_2(a491,a492)&c7_2(a491,a492)&~c2_2(a491,a492)&![X20]:(ndr1_1(a491)=>(~c4_2(a491,X20)|c10_2(a491,X20)|~c9_2(a491,X20)))&c1_1(a491))|~c4_0|![X21]:(ndr1_0=>(c3_1(X21)|![X22]:(ndr1_1(X21)=>(c6_2(X21,X22)|c10_2(X21,X22)|c1_2(X21,X22)))|c1_1(X21))))&(~c1_0|(ndr1_0&c9_1(a493)&![X23]:(ndr1_1(a493)=>(~c6_2(a493,X23)|c5_2(a493,X23))))|(ndr1_0&ndr1_1(a494)&~c9_2(a494,a495)&c10_2(a494,a495)&~c6_2(a494,a495)&~c4_1(a494)&~c1_1(a494)))&(c1_0|![X24]:(ndr1_0=>((ndr1_1(X24)&c2_2(X24,a496)&~c10_2(X24,a496)&c6_2(X24,a496))|~c1_1(X24)|![X25]:(ndr1_1(X24)=>(c5_2(X24,X25)|c2_2(X24,X25)|c8_2(X24,X25)))))|![X26]:(ndr1_0=>((ndr1_1(X26)&~c4_2(X26,a497)&c2_2(X26,a497)&c9_2(X26,a497))|(ndr1_1(X26)&c10_2(X26,a498)&c1_2(X26,a498))|![X27]:(ndr1_1(X26)=>(~c6_2(X26,X27)|~c1_2(X26,X27)|c8_2(X26,X27))))))&(c5_0|c6_0|![X28]:(ndr1_0=>(c7_1(X28)|![X29]:(ndr1_1(X28)=>(~c4_2(X28,X29)|c7_2(X28,X29)|~c9_2(X28,X29)))|c5_1(X28))))&(~c5_0|~c8_0|(ndr1_0&~c4_1(a499)&ndr1_1(a499)&c10_2(a499,a500)&~c7_2(a499,a500)&c2_2(a499,a500)&ndr1_1(a499)&c10_2(a499,a501)&c6_2(a499,a501)&~c9_2(a499,a501)))&(c8_0|(ndr1_0&~c5_1(a502)&~c9_1(a502)&ndr1_1(a502)&~c1_2(a502,a503)&c8_2(a502,a503))|![X30]:(ndr1_0=>(![X31]:(ndr1_1(X30)=>(c10_2(X30,X31)|~c7_2(X30,X31)|~c9_2(X30,X31)))|c9_1(X30)|c1_1(X30))))&((ndr1_0&c10_1(a504)&![X32]:(ndr1_1(a504)=>(c1_2(a504,X32)|~c9_2(a504,X32)|c7_2(a504,X32)))&ndr1_1(a504)&~c3_2(a504,a505)&~c9_2(a504,a505)&~c2_2(a504,a505))|~c10_0|![X33]:(ndr1_0=>(c3_1(X33)|~c6_1(X33)|c10_1(X33))))&(![X34]:(ndr1_0=>(c5_1(X34)|c7_1(X34)|~c6_1(X34)))|c6_0|c9_0)&(![X35]:(ndr1_0=>((ndr1_1(X35)&c10_2(X35,a506)&~c3_2(X35,a506)&c9_2(X35,a506))|![X36]:(ndr1_1(X35)=>(c7_2(X35,X36)|c2_2(X35,X36)|~c5_2(X35,X36)))|c1_1(X35)))|![X37]:(ndr1_0=>((ndr1_1(X37)&c6_2(X37,a507)&~c4_2(X37,a507)&c3_2(X37,a507))|![X38]:(ndr1_1(X37)=>(c4_2(X37,X38)|~c6_2(X37,X38)|~c3_2(X37,X38)))|(ndr1_1(X37)&c7_2(X37,a508)&c2_2(X37,a508)&c3_2(X37,a508))))|(ndr1_0&ndr1_1(a509)&~c2_2(a509,a510)&~c10_2(a509,a510)&c3_2(a509,a510)&c6_1(a509)&~c3_1(a509)))&(![X39]:(ndr1_0=>((ndr1_1(X39)&c6_2(X39,a511)&~c5_2(X39,a511))|![X40]:(ndr1_1(X39)=>(~c4_2(X39,X40)|c10_2(X39,X40)))|(ndr1_1(X39)&c7_2(X39,a512)&c1_2(X39,a512)&c2_2(X39,a512))))|(ndr1_0&c9_1(a513)&~c6_1(a513)&![X41]:(ndr1_1(a513)=>(c10_2(a513,X41)|c1_2(a513,X41)|c9_2(a513,X41))))|~c5_0)&(~c7_0|(ndr1_0&c1_1(a514)&~c2_1(a514)&c10_1(a514))|~c6_0)&((ndr1_0&ndr1_1(a515)&~c6_2(a515,a516)&~c10_2(a515,a516)&c8_1(a515)&![X42]:(ndr1_1(a515)=>(c5_2(a515,X42)|~c10_2(a515,X42)|~c1_2(a515,X42))))|![X43]:(ndr1_0=>(c5_1(X43)|c9_1(X43)))|~c9_0)&(![X44]:(ndr1_0=>(c7_1(X44)|![X45]:(ndr1_1(X44)=>(~c4_2(X44,X45)|c10_2(X44,X45)|c2_2(X44,X45)))|![X46]:(ndr1_1(X44)=>(c3_2(X44,X46)|c4_2(X44,X46)|~c2_2(X44,X46)))))|~c1_0)&((ndr1_0&![X47]:(ndr1_1(a517)=>(~c10_2(a517,X47)|c4_2(a517,X47)))&c9_1(a517)&ndr1_1(a517)&c8_2(a517,a518)&c9_2(a517,a518)&~c1_2(a517,a518))|(ndr1_0&c9_1(a519)&ndr1_1(a519)&~c5_2(a519,a520)&~c7_2(a519,a520)&c9_2(a519,a520)&~c8_1(a519))|c3_0)&(c5_0|c9_0|(ndr1_0&~c10_1(a521)&ndr1_1(a521)&c1_2(a521,a522)&c6_2(a521,a522)&~c9_2(a521,a522)&c7_1(a521)))&(![X48]:(ndr1_0=>(![X49]:(ndr1_1(X48)=>(~c7_2(X48,X49)|c2_2(X48,X49)|c8_2(X48,X49)))|![X50]:(ndr1_1(X48)=>(c9_2(X48,X50)|~c4_2(X48,X50)|c1_2(X48,X50)))|~c7_1(X48)))|~c8_0|~c10_0)&(c1_0|(ndr1_0&~c3_1(a523)&c4_1(a523)&ndr1_1(a523)&~c2_2(a523,a524)&c4_2(a523,a524)&c8_2(a523,a524))|(ndr1_0&~c7_1(a525)&c8_1(a525)&~c6_1(a525)))&(![X51]:(ndr1_0=>(~c4_1(X51)|~c1_1(X51)|(ndr1_1(X51)&~c9_2(X51,a526)&~c2_2(X51,a526)&c6_2(X51,a526))))|~c10_0|c9_0)&(~c5_0|![X52]:(ndr1_0=>(~c6_1(X52)|~c9_1(X52)|(ndr1_1(X52)&c8_2(X52,a527)&c9_2(X52,a527)&c7_2(X52,a527))))|![X53]:(ndr1_0=>(~c5_1(X53)|(ndr1_1(X53)&~c4_2(X53,a528)&~c2_2(X53,a528)&~c3_2(X53,a528))|~c2_1(X53))))&(c5_0|c4_0)&(c10_0|![X54]:(ndr1_0=>(![X55]:(ndr1_1(X54)=>(c1_2(X54,X55)|~c10_2(X54,X55)))|(ndr1_1(X54)&c3_2(X54,a529)&c2_2(X54,a529)&c7_2(X54,a529))|(ndr1_1(X54)&c9_2(X54,a530)&~c1_2(X54,a530)&c6_2(X54,a530)))))&(c8_0|~c10_0|~c3_0)&(~c3_0|![X56]:(ndr1_0=>((ndr1_1(X56)&~c10_2(X56,a531)&c5_2(X56,a531)&~c6_2(X56,a531))|~c1_1(X56)|(ndr1_1(X56)&~c4_2(X56,a532)&c9_2(X56,a532)&~c1_2(X56,a532))))|(ndr1_0&ndr1_1(a533)&c8_2(a533,a534)&~c3_2(a533,a534)&~c7_2(a533,a534)&~c1_1(a533)&ndr1_1(a533)&~c1_2(a533,a535)&~c3_2(a533,a535)&~c4_2(a533,a535)))&(![X57]:(ndr1_0=>(c2_1(X57)|(ndr1_1(X57)&~c4_2(X57,a536)&c9_2(X57,a536)&~c3_2(X57,a536))|c6_1(X57)))|(ndr1_0&c5_1(a537)&~c9_1(a537)&~c8_1(a537))|(ndr1_0&![X58]:(ndr1_1(a538)=>(~c2_2(a538,X58)|c10_2(a538,X58)|c9_2(a538,X58)))&ndr1_1(a538)&c3_2(a538,a539)&~c6_2(a538,a539)&~c5_2(a538,a539)&ndr1_1(a538)&c9_2(a538,a540)&~c4_2(a538,a540)&c6_2(a538,a540)))&(c3_0|(ndr1_0&~c9_1(a541)&c10_1(a541)&~c1_1(a541))|c10_0)&(~c10_0|![X59]:(ndr1_0=>((ndr1_1(X59)&c1_2(X59,a542)&c5_2(X59,a542)&~c6_2(X59,a542))|(ndr1_1(X59)&~c5_2(X59,a543)&c1_2(X59,a543)&c4_2(X59,a543))|![X60]:(ndr1_1(X59)=>(~c7_2(X59,X60)|c6_2(X59,X60)|~c2_2(X59,X60)))))|c9_0)&(![X61]:(ndr1_0=>(c5_1(X61)|(ndr1_1(X61)&c9_2(X61,a544)&c4_2(X61,a544)&~c8_2(X61,a544))))|c8_0|![X62]:(ndr1_0=>(c7_1(X62)|(ndr1_1(X62)&~c4_2(X62,a545)&~c10_2(X62,a545))|c2_1(X62))))&(~c7_0|~c2_0)&(![X63]:(ndr1_0=>(~c2_1(X63)|(ndr1_1(X63)&c7_2(X63,a546)&~c4_2(X63,a546)&~c1_2(X63,a546))|c1_1(X63)))|(ndr1_0&c6_1(a547)&c5_1(a547))|~c10_0)&(![X64]:(ndr1_0=>(~c5_1(X64)|![X65]:(ndr1_1(X64)=>(c3_2(X64,X65)|c10_2(X64,X65)|c2_2(X64,X65)))|(ndr1_1(X64)&~c6_2(X64,a548)&c9_2(X64,a548)&~c2_2(X64,a548))))|c10_0|(ndr1_0&~c10_1(a549)&c2_1(a549)&![X66]:(ndr1_1(a549)=>(~c8_2(a549,X66)|~c4_2(a549,X66)|~c1_2(a549,X66)))))&(c10_0|c2_0|~c3_0)&(c2_0|c9_0|(ndr1_0&![X67]:(ndr1_1(a550)=>(c5_2(a550,X67)|~c8_2(a550,X67)|~c3_2(a550,X67)))&![X68]:(ndr1_1(a550)=>(~c6_2(a550,X68)|c1_2(a550,X68)|~c8_2(a550,X68)))&c9_1(a550)))&(~c8_0|~c10_0|~c1_0)&(~c3_0|c2_0|c8_0)&(c1_0|~c7_0|(ndr1_0&c8_1(a551)&~c9_1(a551)&ndr1_1(a551)&c2_2(a551,a552)&c6_2(a551,a552)&~c3_2(a551,a552)))&(c5_0|c6_0|~c8_0)&(![X69]:(ndr1_0=>(~c8_1(X69)|(ndr1_1(X69)&c7_2(X69,a553)&c10_2(X69,a553)&c8_2(X69,a553))|![X70]:(ndr1_1(X69)=>(~c9_2(X69,X70)|~c5_2(X69,X70)|c8_2(X69,X70)))))|c4_0)&(~c7_0|~c1_0|![X71]:(ndr1_0=>(~c4_1(X71)|c5_1(X71)|c6_1(X71))))&(c8_0|~c2_0|(ndr1_0&~c2_1(a554)&c8_1(a554)&~c3_1(a554)))&(c4_0|~c5_0|~c3_0)&(![X72]:(ndr1_0=>(~c4_1(X72)|![X73]:(ndr1_1(X72)=>(~c2_2(X72,X73)|~c8_2(X72,X73)))|(ndr1_1(X72)&~c4_2(X72,a555)&c3_2(X72,a555)&~c9_2(X72,a555))))|![X74]:(ndr1_0=>(![X75]:(ndr1_1(X74)=>(~c6_2(X74,X75)|c5_2(X74,X75)|c2_2(X74,X75)))|~c6_1(X74)|![X76]:(ndr1_1(X74)=>(~c3_2(X74,X76)|c4_2(X74,X76)|c1_2(X74,X76)))))|~c6_0)&(![X77]:(ndr1_0=>(~c1_1(X77)|c9_1(X77)|c5_1(X77)))|c4_0|c8_0)&((ndr1_0&![X78]:(ndr1_1(a556)=>(c8_2(a556,X78)|c5_2(a556,X78)|~c1_2(a556,X78)))&~c5_1(a556)&~c8_1(a556))|~c3_0)&(c4_0|![X79]:(ndr1_0=>(c8_1(X79)|c10_1(X79)|(ndr1_1(X79)&~c8_2(X79,a557)&c1_2(X79,a557)&~c6_2(X79,a557)))))&(![X80]:(ndr1_0=>(~c3_1(X80)|~c9_1(X80)|(ndr1_1(X80)&~c9_2(X80,a558)&~c3_2(X80,a558)&~c4_2(X80,a558))))|![X81]:(ndr1_0=>(ndr1_1(X81)&~c8_2(X81,a559)&~c7_2(X81,a559)&~c4_2(X81,a559)))|![X82]:(ndr1_0=>(~c2_1(X82)|c7_1(X82)|![X83]:(ndr1_1(X82)=>(~c3_2(X82,X83)|~c6_2(X82,X83)|~c4_2(X82,X83))))))&(c1_0|c4_0|c10_0)&((ndr1_0&![X84]:(ndr1_1(a560)=>(c10_2(a560,X84)|c3_2(a560,X84)|~c8_2(a560,X84)))&ndr1_1(a560)&c2_2(a560,a561)&c1_2(a560,a561))|~c10_0|![X85]:(ndr1_0=>(c5_1(X85)|c9_1(X85)|c7_1(X85))))&((ndr1_0&ndr1_1(a562)&c10_2(a562,a563)&c4_2(a562,a563)&~c1_2(a562,a563)&![X86]:(ndr1_1(a562)=>(c9_2(a562,X86)|c6_2(a562,X86)))&c6_1(a562))|c9_0|~c8_0)&(![X87]:(ndr1_0=>(~c5_1(X87)|![X88]:(ndr1_1(X87)=>(~c8_2(X87,X88)|~c5_2(X87,X88)|~c10_2(X87,X88)))|![X89]:(ndr1_1(X87)=>(~c5_2(X87,X89)|~c3_2(X87,X89)|c10_2(X87,X89)))))|![X90]:(ndr1_0=>((ndr1_1(X90)&~c9_2(X90,a564)&~c2_2(X90,a564))|~c7_1(X90)|(ndr1_1(X90)&c4_2(X90,a565)&~c3_2(X90,a565)&~c5_2(X90,a565))))|(ndr1_0&![X91]:(ndr1_1(a566)=>(c5_2(a566,X91)|c6_2(a566,X91)|~c9_2(a566,X91)))&~c3_1(a566)&![X92]:(ndr1_1(a566)=>(~c7_2(a566,X92)|c3_2(a566,X92)|~c5_2(a566,X92)))))&(~c10_0|~c1_0|~c2_0)&(![X93]:(ndr1_0=>((ndr1_1(X93)&~c2_2(X93,a567)&c6_2(X93,a567)&~c3_2(X93,a567))|![X94]:(ndr1_1(X93)=>(~c5_2(X93,X94)|~c1_2(X93,X94)|~c7_2(X93,X94)))|(ndr1_1(X93)&c9_2(X93,a568)&~c10_2(X93,a568))))|~c4_0|(ndr1_0&ndr1_1(a569)&c5_2(a569,a570)&~c7_2(a569,a570)&~c1_2(a569,a570)&c3_1(a569)))&((ndr1_0&c5_1(a571)&ndr1_1(a571)&c9_2(a571,a572)&~c8_2(a571,a572)&~c3_1(a571))|c1_0)&(c3_0|c6_0|~c2_0)&(~c9_0|~c5_0|c10_0)&(~c1_0|~c8_0|(ndr1_0&c9_1(a573)&![X95]:(ndr1_1(a573)=>(c9_2(a573,X95)|~c7_2(a573,X95)|c8_2(a573,X95)))&![X96]:(ndr1_1(a573)=>(~c7_2(a573,X96)|c8_2(a573,X96)))))&(~c6_0|~c10_0|~c3_0)&(~c4_0|![X97]:(ndr1_0=>(~c6_1(X97)|~c8_1(X97)|(ndr1_1(X97)&c6_2(X97,a574)&c4_2(X97,a574)&c7_2(X97,a574))))|c2_0)&((ndr1_0&ndr1_1(a575)&~c8_2(a575,a576)&c9_2(a575,a576)&c5_2(a575,a576)&c7_1(a575)&c5_1(a575))|c7_0|(ndr1_0&~c1_1(a577)&~c8_1(a577)&~c6_1(a577)))&((ndr1_0&~c8_1(a578)&c1_1(a578)&ndr1_1(a578)&c7_2(a578,a579)&c2_2(a578,a579)&~c8_2(a578,a579))|c10_0|c9_0)&(![X98]:(ndr1_0=>(~c3_1(X98)|c7_1(X98)|(ndr1_1(X98)&c6_2(X98,a580)&~c1_2(X98,a580)&~c9_2(X98,a580))))|![X99]:(ndr1_0=>(c6_1(X99)|![X100]:(ndr1_1(X99)=>(~c6_2(X99,X100)|~c5_2(X99,X100)))|~c4_1(X99)))|~c8_0)&(~c8_0|c4_0|(ndr1_0&~c7_1(a581)&![X101]:(ndr1_1(a581)=>(c3_2(a581,X101)|c6_2(a581,X101)|~c5_2(a581,X101)))&c8_1(a581)))&(c1_0|(ndr1_0&ndr1_1(a582)&c6_2(a582,a583)&~c5_2(a582,a583)&~c10_2(a582,a583)&~c1_1(a582))|![X102]:(ndr1_0=>(c5_1(X102)|~c10_1(X102)|c9_1(X102))))&((ndr1_0&~c6_1(a584)&c8_1(a584)&![X103]:(ndr1_1(a584)=>(c10_2(a584,X103)|~c8_2(a584,X103)|c3_2(a584,X103))))|~c3_0)&((ndr1_0&~c5_1(a585)&c9_1(a585))|c8_0|(ndr1_0&ndr1_1(a586)&~c4_2(a586,a587)&~c5_2(a586,a587)&~c1_2(a586,a587)&ndr1_1(a586)&~c1_2(a586,a588)&~c8_2(a586,a588)&c3_2(a586,a588)&c8_1(a586)))&(c4_0|c3_0|c5_0)&(c3_0|![X104]:(ndr1_0=>((ndr1_1(X104)&~c2_2(X104,a589)&~c10_2(X104,a589)&~c7_2(X104,a589))|c10_1(X104)|![X105]:(ndr1_1(X104)=>(~c1_2(X104,X105)|~c3_2(X104,X105)))))|![X106]:(ndr1_0=>((ndr1_1(X106)&~c1_2(X106,a590)&~c2_2(X106,a590)&~c7_2(X106,a590))|c8_1(X106))))&(![X107]:(ndr1_0=>(~c9_1(X107)|~c1_1(X107)|(ndr1_1(X107)&~c1_2(X107,a591)&c7_2(X107,a591))))|(ndr1_0&c9_1(a592)&~c8_1(a592))|![X108]:(ndr1_0=>(![X109]:(ndr1_1(X108)=>(c3_2(X108,X109)|~c2_2(X108,X109)|c1_2(X108,X109)))|~c3_1(X108)|(ndr1_1(X108)&~c5_2(X108,a593)&~c6_2(X108,a593)&~c8_2(X108,a593)))))&(c1_0|(ndr1_0&ndr1_1(a594)&~c3_2(a594,a595)&~c4_2(a594,a595)&c6_2(a594,a595)&~c6_1(a594)&ndr1_1(a594)&c6_2(a594,a596)&c3_2(a594,a596))|c9_0)&(c4_0|(ndr1_0&ndr1_1(a597)&~c1_2(a597,a598)&~c9_2(a597,a598)&~c4_2(a597,a598)&~c7_1(a597)&![X110]:(ndr1_1(a597)=>(~c1_2(a597,X110)|~c3_2(a597,X110)|c7_2(a597,X110))))|(ndr1_0&ndr1_1(a599)&c3_2(a599,a600)&~c2_2(a599,a600)&~c5_2(a599,a600)&~c4_1(a599)))&((ndr1_0&c5_1(a601)&~c10_1(a601)&![X111]:(ndr1_1(a601)=>(c4_2(a601,X111)|c6_2(a601,X111)|c7_2(a601,X111))))|(ndr1_0&![X112]:(ndr1_1(a602)=>(c7_2(a602,X112)|~c2_2(a602,X112)|~c4_2(a602,X112)))&c7_1(a602)&ndr1_1(a602)&~c6_2(a602,a603)&~c7_2(a602,a603)&~c8_2(a602,a603))|![X113]:(ndr1_0=>((ndr1_1(X113)&c3_2(X113,a604)&c10_2(X113,a604)&~c6_2(X113,a604))|~c6_1(X113)|![X114]:(ndr1_1(X113)=>(~c2_2(X113,X114)|c4_2(X113,X114)|c6_2(X113,X114))))))&((ndr1_0&ndr1_1(a605)&~c3_2(a605,a606)&~c1_2(a605,a606)&c2_2(a605,a606)&~c5_1(a605)&~c4_1(a605))|~c9_0|![X115]:(ndr1_0=>(![X116]:(ndr1_1(X115)=>(~c3_2(X115,X116)|~c6_2(X115,X116)|c2_2(X115,X116)))|c1_1(X115)|~c10_1(X115))))&(c9_0|c4_0)&(![X117]:(ndr1_0=>(c2_1(X117)|~c6_1(X117)|~c7_1(X117)))|~c7_0|![X118]:(ndr1_0=>(![X119]:(ndr1_1(X118)=>(c1_2(X118,X119)|c4_2(X118,X119)))|~c5_1(X118)|(ndr1_1(X118)&~c5_2(X118,a607)&c4_2(X118,a607)&~c2_2(X118,a607)))))&(![X120]:(ndr1_0=>(c5_1(X120)|c10_1(X120)|![X121]:(ndr1_1(X120)=>(c3_2(X120,X121)|~c6_2(X120,X121)))))|c10_0|~c2_0)))			
../../TPTP-v7.3.0/Problems/SYN/SYN517-1.p		Satisfiable	UNKNOWN		UNKNOWN		cnf					
../../TPTP-v7.3.0/Problems/SYN/SYN479+1.p		Theorem	UNKNOWN		UNKNOWN		fof		(~((~hskp0|(ndr1_0&c0_1(a1427)&c2_1(a1427)&~c3_1(a1427)))&(~hskp1|(ndr1_0&c2_1(a1429)&c3_1(a1429)&~c0_1(a1429)))&(~hskp2|(ndr1_0&c3_1(a1430)&~c0_1(a1430)&~c2_1(a1430)))&(~hskp3|(ndr1_0&c1_1(a1431)&~c0_1(a1431)&~c2_1(a1431)))&(~hskp4|(ndr1_0&c1_1(a1434)&c3_1(a1434)&~c2_1(a1434)))&(~hskp5|(ndr1_0&c0_1(a1435)&~c2_1(a1435)&~c3_1(a1435)))&(~hskp6|(ndr1_0&c0_1(a1437)&~c1_1(a1437)&~c2_1(a1437)))&(~hskp7|(ndr1_0&c3_1(a1438)&~c0_1(a1438)&~c1_1(a1438)))&(~hskp8|(ndr1_0&c0_1(a1441)&c3_1(a1441)&~c1_1(a1441)))&(~hskp9|(ndr1_0&~c1_1(a1444)&~c2_1(a1444)&~c3_1(a1444)))&(~hskp10|(ndr1_0&c0_1(a1445)&~c1_1(a1445)&~c3_1(a1445)))&(~hskp11|(ndr1_0&~c0_1(a1447)&~c2_1(a1447)&~c3_1(a1447)))&(~hskp12|(ndr1_0&c0_1(a1448)&c3_1(a1448)&~c2_1(a1448)))&(~hskp13|(ndr1_0&c1_1(a1449)&c2_1(a1449)&~c3_1(a1449)))&(~hskp14|(ndr1_0&c2_1(a1451)&~c1_1(a1451)&~c3_1(a1451)))&(~hskp15|(ndr1_0&c0_1(a1452)&c1_1(a1452)&~c3_1(a1452)))&(~hskp16|(ndr1_0&c1_1(a1454)&~c0_1(a1454)&~c3_1(a1454)))&(~hskp17|(ndr1_0&~c0_1(a1457)&~c1_1(a1457)&~c2_1(a1457)))&(~hskp18|(ndr1_0&c0_1(a1458)&c1_1(a1458)&~c2_1(a1458)))&(~hskp19|(ndr1_0&~c0_1(a1460)&~c1_1(a1460)&~c3_1(a1460)))&(~hskp20|(ndr1_0&c2_1(a1465)&c3_1(a1465)&~c1_1(a1465)))&(~hskp21|(ndr1_0&c0_1(a1466)&c2_1(a1466)&~c1_1(a1466)))&(~hskp22|(ndr1_0&c1_1(a1468)&c3_1(a1468)&~c0_1(a1468)))&(~hskp23|(ndr1_0&c2_1(a1477)&~c0_1(a1477)&~c1_1(a1477)))&(~hskp24|(ndr1_0&c3_1(a1487)&~c1_1(a1487)&~c2_1(a1487)))&(~hskp25|(ndr1_0&c1_1(a1504)&c2_1(a1504)&~c0_1(a1504)))&(~hskp26|(ndr1_0&c2_1(a1517)&~c0_1(a1517)&~c3_1(a1517)))&(~hskp27|(ndr1_0&c0_1(a1428)&c2_1(a1428)&c3_1(a1428)))&(~hskp28|(ndr1_0&c0_1(a1456)&c1_1(a1456)&c3_1(a1456)))&(~hskp29|(ndr1_0&c1_1(a1483)&c2_1(a1483)&c3_1(a1483)))&(~hskp30|(ndr1_0&c0_1(a1507)&c1_1(a1507)&c2_1(a1507)))&(![U]:(ndr1_0=>(c0_1(U)|c1_1(U)|c2_1(U)))|![V]:(ndr1_0=>(c1_1(V)|c3_1(V)|~c0_1(V)))|![W]:(ndr1_0=>(c1_1(W)|~c0_1(W)|~c2_1(W))))&(![X]:(ndr1_0=>(c0_1(X)|c1_1(X)|c2_1(X)))|![Y]:(ndr1_0=>(c2_1(Y)|c3_1(Y)|~c0_1(Y)))|hskp0)&(![Z]:(ndr1_0=>(c0_1(Z)|c1_1(Z)|c2_1(Z)))|![X1]:(ndr1_0=>(~c1_1(X1)|~c2_1(X1)|~c3_1(X1)))|hskp27)&(![X2]:(ndr1_0=>(c0_1(X2)|c1_1(X2)|c2_1(X2)))|hskp1|hskp2)&(![X3]:(ndr1_0=>(c0_1(X3)|c1_1(X3)|c3_1(X3)))|![X4]:(ndr1_0=>(c0_1(X4)|~c1_1(X4)|~c3_1(X4)))|hskp3)&(![X5]:(ndr1_0=>(c0_1(X5)|c1_1(X5)|c3_1(X5)))|![X6]:(ndr1_0=>(c1_1(X6)|c2_1(X6)|c3_1(X6)))|![X7]:(ndr1_0=>(c2_1(X7)|c3_1(X7)|~c1_1(X7))))&(![X8]:(ndr1_0=>(c0_1(X8)|c1_1(X8)|~c2_1(X8)))|![X9]:(ndr1_0=>(c0_1(X9)|~c1_1(X9)|~c3_1(X9)))|![X10]:(ndr1_0=>(c2_1(X10)|~c0_1(X10)|~c3_1(X10))))&(![X11]:(ndr1_0=>(c0_1(X11)|c1_1(X11)|~c2_1(X11)))|![X12]:(ndr1_0=>(c0_1(X12)|~c1_1(X12)|~c3_1(X12)))|hskp0)&(![X13]:(ndr1_0=>(c0_1(X13)|c1_1(X13)|~c2_1(X13)))|![X14]:(ndr1_0=>(c1_1(X14)|~c2_1(X14)|~c3_1(X14)))|![X15]:(ndr1_0=>(~c0_1(X15)|~c2_1(X15)|~c3_1(X15))))&(![X16]:(ndr1_0=>(c0_1(X16)|c1_1(X16)|~c2_1(X16)))|hskp0|hskp4)&(![X17]:(ndr1_0=>(c0_1(X17)|c1_1(X17)|~c3_1(X17)))|![X18]:(ndr1_0=>(c1_1(X18)|c2_1(X18)|c3_1(X18)))|![X19]:(ndr1_0=>(c1_1(X19)|c3_1(X19)|~c2_1(X19))))&(![X20]:(ndr1_0=>(c0_1(X20)|c1_1(X20)|~c3_1(X20)))|![X21]:(ndr1_0=>(c1_1(X21)|c3_1(X21)|~c2_1(X21)))|hskp5)&(![X22]:(ndr1_0=>(c0_1(X22)|c1_1(X22)|~c3_1(X22)))|![X23]:(ndr1_0=>(c2_1(X23)|~c0_1(X23)|~c3_1(X23)))|hskp5)&(![X24]:(ndr1_0=>(c0_1(X24)|c1_1(X24)|~c3_1(X24)))|hskp6|hskp7)&(![X25]:(ndr1_0=>(c0_1(X25)|c2_1(X25)|c3_1(X25)))|![X26]:(ndr1_0=>(c1_1(X26)|c2_1(X26)|c3_1(X26)))|hskp2)&(![X27]:(ndr1_0=>(c0_1(X27)|c2_1(X27)|c3_1(X27)))|![X28]:(ndr1_0=>(c2_1(X28)|~c1_1(X28)|~c3_1(X28)))|hskp0)&(![X29]:(ndr1_0=>(c0_1(X29)|c2_1(X29)|c3_1(X29)))|hskp8|hskp7)&(![X30]:(ndr1_0=>(c0_1(X30)|c2_1(X30)|~c1_1(X30)))|![X31]:(ndr1_0=>(~c0_1(X31)|~c1_1(X31)|~c3_1(X31)))|hskp0)&(![X32]:(ndr1_0=>(c0_1(X32)|c2_1(X32)|~c3_1(X32)))|![X33]:(ndr1_0=>(c0_1(X33)|c3_1(X33)|~c2_1(X33)))|hskp9)&(![X34]:(ndr1_0=>(c0_1(X34)|c2_1(X34)|~c3_1(X34)))|![X35]:(ndr1_0=>(c1_1(X35)|c2_1(X35)|~c0_1(X35)))|![X36]:(ndr1_0=>(c1_1(X36)|c3_1(X36)|~c2_1(X36))))&(![X37]:(ndr1_0=>(c0_1(X37)|c2_1(X37)|~c3_1(X37)))|![X38]:(ndr1_0=>(c2_1(X38)|~c0_1(X38)|~c1_1(X38)))|hskp10)&(![X39]:(ndr1_0=>(c0_1(X39)|c2_1(X39)|~c3_1(X39)))|hskp5|hskp11)&(![X40]:(ndr1_0=>(c0_1(X40)|c3_1(X40)|~c1_1(X40)))|![X41]:(ndr1_0=>(c2_1(X41)|c3_1(X41)|~c1_1(X41)))|hskp12)&(![X42]:(ndr1_0=>(c0_1(X42)|c3_1(X42)|~c1_1(X42)))|hskp13|hskp1)&(![X43]:(ndr1_0=>(c0_1(X43)|c3_1(X43)|~c2_1(X43)))|![X44]:(ndr1_0=>(c0_1(X44)|~c1_1(X44)|~c2_1(X44)))|hskp14)&(![X45]:(ndr1_0=>(c0_1(X45)|~c1_1(X45)|~c2_1(X45)))|![X46]:(ndr1_0=>(c0_1(X46)|~c2_1(X46)|~c3_1(X46)))|hskp15)&(![X47]:(ndr1_0=>(c0_1(X47)|~c1_1(X47)|~c2_1(X47)))|![X48]:(ndr1_0=>(c1_1(X48)|c3_1(X48)|~c0_1(X48)))|hskp7)&(![X49]:(ndr1_0=>(c0_1(X49)|~c1_1(X49)|~c2_1(X49)))|![X50]:(ndr1_0=>(c1_1(X50)|c3_1(X50)|~c2_1(X50)))|![X51]:(ndr1_0=>(c2_1(X51)|c3_1(X51)|~c0_1(X51))))&(![X52]:(ndr1_0=>(c0_1(X52)|~c1_1(X52)|~c2_1(X52)))|hskp16|hskp7)&(![X53]:(ndr1_0=>(c0_1(X53)|~c1_1(X53)|~c3_1(X53)))|![X54]:(ndr1_0=>(c2_1(X54)|~c0_1(X54)|~c1_1(X54)))|hskp28)&(![X55]:(ndr1_0=>(c0_1(X55)|~c1_1(X55)|~c3_1(X55)))|![X56]:(ndr1_0=>(c2_1(X56)|~c0_1(X56)|~c3_1(X56)))|hskp17)&(![X57]:(ndr1_0=>(c0_1(X57)|~c1_1(X57)|~c3_1(X57)))|![X58]:(ndr1_0=>(~c0_1(X58)|~c2_1(X58)|~c3_1(X58)))|hskp18)&(![X59]:(ndr1_0=>(c0_1(X59)|~c1_1(X59)|~c3_1(X59)))|hskp3|hskp19)&(![X60]:(ndr1_0=>(c0_1(X60)|~c2_1(X60)|~c3_1(X60)))|![X61]:(ndr1_0=>(c1_1(X61)|c3_1(X61)|~c0_1(X61)))|hskp12)&(![X62]:(ndr1_0=>(c0_1(X62)|~c2_1(X62)|~c3_1(X62)))|![X63]:(ndr1_0=>(c2_1(X63)|~c1_1(X63)|~c3_1(X63)))|hskp12)&(![X64]:(ndr1_0=>(c1_1(X64)|c2_1(X64)|c3_1(X64)))|![X65]:(ndr1_0=>(c1_1(X65)|~c0_1(X65)|~c2_1(X65)))|hskp17)&(![X66]:(ndr1_0=>(c1_1(X66)|c2_1(X66)|c3_1(X66)))|![X67]:(ndr1_0=>(~c1_1(X67)|~c2_1(X67)|~c3_1(X67)))|hskp7)&(![X68]:(ndr1_0=>(c1_1(X68)|c2_1(X68)|~c0_1(X68)))|![X69]:(ndr1_0=>(c3_1(X69)|~c0_1(X69)|~c1_1(X69)))|hskp20)&(![X70]:(ndr1_0=>(c1_1(X70)|c2_1(X70)|~c0_1(X70)))|![X71]:(ndr1_0=>(c3_1(X71)|~c0_1(X71)|~c2_1(X71)))|hskp21)&(![X72]:(ndr1_0=>(c1_1(X72)|c2_1(X72)|~c0_1(X72)))|![X73]:(ndr1_0=>(c3_1(X73)|~c0_1(X73)|~c2_1(X73)))|hskp19)&(![X74]:(ndr1_0=>(c1_1(X74)|c2_1(X74)|~c3_1(X74)))|![X75]:(ndr1_0=>(c1_1(X75)|~c2_1(X75)|~c3_1(X75)))|![X76]:(ndr1_0=>(~c0_1(X76)|~c1_1(X76)|~c2_1(X76))))&(![X77]:(ndr1_0=>(c1_1(X77)|c2_1(X77)|~c3_1(X77)))|![X78]:(ndr1_0=>(c2_1(X78)|~c0_1(X78)|~c3_1(X78)))|hskp22)&(![X79]:(ndr1_0=>(c1_1(X79)|c2_1(X79)|~c3_1(X79)))|![X80]:(ndr1_0=>(c3_1(X80)|~c0_1(X80)|~c1_1(X80)))|![X81]:(ndr1_0=>(~c0_1(X81)|~c2_1(X81)|~c3_1(X81))))&(![X82]:(ndr1_0=>(c1_1(X82)|c2_1(X82)|~c3_1(X82)))|![X83]:(ndr1_0=>(~c0_1(X83)|~c1_1(X83)|~c3_1(X83)))|hskp6)&(![X84]:(ndr1_0=>(c1_1(X84)|c2_1(X84)|~c3_1(X84)))|hskp22|hskp9)&(![X85]:(ndr1_0=>(c1_1(X85)|c3_1(X85)|~c2_1(X85)))|![X86]:(ndr1_0=>(~c0_1(X86)|~c1_1(X86)|~c3_1(X86)))|hskp13)&(![X87]:(ndr1_0=>(c1_1(X87)|~c0_1(X87)|~c2_1(X87)))|hskp0|hskp11)&(![X88]:(ndr1_0=>(c1_1(X88)|~c0_1(X88)|~c3_1(X88)))|![X89]:(ndr1_0=>(~c1_1(X89)|~c2_1(X89)|~c3_1(X89)))|hskp28)&(![X90]:(ndr1_0=>(c1_1(X90)|~c2_1(X90)|~c3_1(X90)))|![X91]:(ndr1_0=>(c3_1(X91)|~c0_1(X91)|~c1_1(X91)))|hskp8)&(![X92]:(ndr1_0=>(c1_1(X92)|~c2_1(X92)|~c3_1(X92)))|![X93]:(ndr1_0=>(c3_1(X93)|~c0_1(X93)|~c2_1(X93)))|hskp23)&(![X94]:(ndr1_0=>(c1_1(X94)|~c2_1(X94)|~c3_1(X94)))|hskp20|hskp11)&(![X95]:(ndr1_0=>(c2_1(X95)|c3_1(X95)|~c0_1(X95)))|![X96]:(ndr1_0=>(c2_1(X96)|c3_1(X96)|~c1_1(X96)))|hskp18)&(![X97]:(ndr1_0=>(c2_1(X97)|c3_1(X97)|~c0_1(X97)))|![X98]:(ndr1_0=>(~c0_1(X98)|~c2_1(X98)|~c3_1(X98)))|hskp11)&(![X99]:(ndr1_0=>(c2_1(X99)|c3_1(X99)|~c0_1(X99)))|hskp5|hskp29)&(![X100]:(ndr1_0=>(c2_1(X100)|c3_1(X100)|~c0_1(X100)))|hskp4|hskp7)&(![X101]:(ndr1_0=>(c2_1(X101)|c3_1(X101)|~c0_1(X101)))|hskp4|hskp24)&(![X102]:(ndr1_0=>(c2_1(X102)|c3_1(X102)|~c1_1(X102)))|![X103]:(ndr1_0=>(c2_1(X103)|~c1_1(X103)|~c3_1(X103)))|hskp7)&(![X104]:(ndr1_0=>(c2_1(X104)|c3_1(X104)|~c1_1(X104)))|![X105]:(ndr1_0=>(c3_1(X105)|~c1_1(X105)|~c2_1(X105)))|hskp12)&(![X106]:(ndr1_0=>(c2_1(X106)|c3_1(X106)|~c1_1(X106)))|hskp0|hskp3)&(![X107]:(ndr1_0=>(c2_1(X107)|~c0_1(X107)|~c3_1(X107)))|hskp5|hskp17)&(![X108]:(ndr1_0=>(c3_1(X108)|~c0_1(X108)|~c1_1(X108)))|hskp22|hskp3)&(![X109]:(ndr1_0=>(c3_1(X109)|~c0_1(X109)|~c1_1(X109)))|hskp16|hskp14)&(![X110]:(ndr1_0=>(c3_1(X110)|~c0_1(X110)|~c2_1(X110)))|hskp12|hskp11)&(![X111]:(ndr1_0=>(c3_1(X111)|~c1_1(X111)|~c2_1(X111)))|![X112]:(ndr1_0=>(~c0_1(X112)|~c1_1(X112)|~c2_1(X112)))|hskp23)&(![X113]:(ndr1_0=>(~c0_1(X113)|~c1_1(X113)|~c2_1(X113)))|hskp21|hskp9)&(![X114]:(ndr1_0=>(~c0_1(X114)|~c1_1(X114)|~c3_1(X114)))|hskp0|hskp25)&(![X115]:(ndr1_0=>(~c1_1(X115)|~c2_1(X115)|~c3_1(X115)))|hskp25|hskp13)&(hskp30|hskp8|hskp3)&(hskp30|hskp24)&(hskp15|hskp27|hskp13)&(hskp0|hskp29|hskp26)&(hskp8|hskp12|hskp14)&(hskp8|hskp14|hskp19)&(hskp12|hskp10|hskp1)&(hskp25|hskp2|hskp17)&(hskp22|hskp3|hskp17)))			
../../TPTP-v7.3.0/Problems/SYN/SYN292-1.p		Unsatisfiable	UNKNOWN		UNKNOWN		cnf					
../../TPTP-v7.3.0/Problems/SYN/SYN187-1.p		Unsatisfiable	UNKNOWN		UNKNOWN		cnf					
../../TPTP-v7.3.0/Problems/SYN/SYN246-1.p		Unsatisfiable	UNKNOWN		UNKNOWN		cnf					
../../TPTP-v7.3.0/Problems/SYN/SYN130-1.p		Unsatisfiable	UNKNOWN		UNKNOWN		cnf					
../../TPTP-v7.3.0/Problems/SYN/SYN486-1.p		Unsatisfiable	UNKNOWN		UNKNOWN		cnf					
../../TPTP-v7.3.0/Problems/SYN/SYN233-1.p		Unsatisfiable	UNKNOWN		UNKNOWN		cnf					
../../TPTP-v7.3.0/Problems/SYN/SYN607-1.p		Unsatisfiable	UNKNOWN		UNKNOWN		cnf					
../../TPTP-v7.3.0/Problems/SYN/SYN949+1.p		Theorem	UNKNOWN		UNKNOWN		fof		(![A,B,C]:((s(A)&s(B)&r(B,C)&![X]:(s(X)=>p(X))&![X,Y]:(r(X,Y)=>q(X,Y)))=>?[X,Y]:(p(X)&q(X,Y))))			
../../TPTP-v7.3.0/Problems/SYN/SYN113-1.p		Unsatisfiable	UNKNOWN		UNKNOWN		cnf					
../../TPTP-v7.3.0/Problems/SYN/SYN882-1.p		Unsatisfiable	UNKNOWN		UNKNOWN		cnf					
../../TPTP-v7.3.0/Problems/SYN/SYN120-1.p		Unsatisfiable	UNKNOWN		UNKNOWN		cnf					
../../TPTP-v7.3.0/Problems/SYN/SYN430+1.p		CounterSatisfiable	UNKNOWN		UNKNOWN		fof		(~((~hskp0|(ndr1_0&c3_1(a105)&~c1_1(a105)&~c2_1(a105)))&(~hskp1|(ndr1_0&~c3_1(a107)&~c1_1(a107)&~c0_1(a107)))&(~hskp2|(ndr1_0&c3_1(a108)&~c2_1(a108)&~c1_1(a108)))&(~hskp3|(ndr1_0&~c2_1(a109)&c3_1(a109)&~c1_1(a109)))&(~hskp4|(ndr1_0&~c3_1(a110)&~c1_1(a110)&~c2_1(a110)))&(~hskp5|(ndr1_0&c2_1(a111)&c0_1(a111)&~c1_1(a111)))&(~hskp6|(ndr1_0&~c1_1(a112)&~c0_1(a112)&~c2_1(a112)))&(~hskp7|(ndr1_0&c1_1(a114)&c2_1(a114)&~c0_1(a114)))&(~hskp8|(ndr1_0&~c2_1(a118)&~c1_1(a118)&~c0_1(a118)))&(~hskp9|(ndr1_0&~c1_1(a120)&~c2_1(a120)&~c0_1(a120)))&(~hskp10|(ndr1_0&c2_1(a122)&~c1_1(a122)&~c3_1(a122)))&(~hskp11|(ndr1_0&c3_1(a123)&~c0_1(a123)&~c1_1(a123)))&(~hskp12|(ndr1_0&c1_1(a126)&c0_1(a126)&~c3_1(a126)))&(~hskp13|(ndr1_0&~c2_1(a127)&~c3_1(a127)&~c1_1(a127)))&(~hskp14|(ndr1_0&c3_1(a128)&~c2_1(a128)&~c0_1(a128)))&(~hskp15|(ndr1_0&~c0_1(a106)&~c2_1(a106)&c3_1(a106)))&(~hskp16|(ndr1_0&~c3_1(a113)&~c1_1(a113)&c0_1(a113)))&(~hskp17|(ndr1_0&~c0_1(a115)&c2_1(a115)&c1_1(a115)))&(~hskp18|(ndr1_0&c1_1(a116)&~c3_1(a116)&c0_1(a116)))&(~hskp19|(ndr1_0&~c2_1(a117)&~c1_1(a117)&c0_1(a117)))&(~hskp20|(ndr1_0&~c0_1(a119)&c1_1(a119)&c2_1(a119)))&(~hskp21|(ndr1_0&c3_1(a121)&c1_1(a121)&c2_1(a121)))&(~hskp22|(ndr1_0&~c0_1(a129)&~c3_1(a129)&c1_1(a129)))&(~hskp23|(ndr1_0&~c2_1(a130)&~c1_1(a130)&c3_1(a130)))&(~hskp24|(ndr1_0&~c1_1(a131)&c0_1(a131)&c3_1(a131)))&(hskp0|![U]:(ndr1_0=>(~c1_1(U)|~c2_1(U)|c3_1(U)))|hskp15)&(hskp1|![V]:(ndr1_0=>(c3_1(V)|c0_1(V)|~c1_1(V)))|hskp2)&(hskp3|hskp4|![W]:(ndr1_0=>(~c2_1(W)|c3_1(W)|~c0_1(W))))&(![X]:(ndr1_0=>(~c0_1(X)|c2_1(X)|c3_1(X)))|hskp5|![Y]:(ndr1_0=>(~c1_1(Y)|c3_1(Y)|~c2_1(Y))))&(hskp6|hskp16|![Z]:(ndr1_0=>(c3_1(Z)|c0_1(Z)|c1_1(Z))))&(hskp7|hskp17|hskp18)&(![X1]:(ndr1_0=>(c0_1(X1)|c2_1(X1)|~c1_1(X1)))|![X2]:(ndr1_0=>(c1_1(X2)|~c2_1(X2)|c0_1(X2)))|![X3]:(ndr1_0=>(~c2_1(X3)|~c0_1(X3)|~c1_1(X3))))&(![X4]:(ndr1_0=>(c2_1(X4)|~c3_1(X4)|c0_1(X4)))|hskp19|![X5]:(ndr1_0=>(~c1_1(X5)|c3_1(X5)|c2_1(X5))))&(![X6]:(ndr1_0=>(~c1_1(X6)|~c0_1(X6)|~c3_1(X6)))|![X7]:(ndr1_0=>(~c3_1(X7)|~c1_1(X7)|~c0_1(X7)))|![X8]:(ndr1_0=>(c2_1(X8)|c0_1(X8)|~c3_1(X8))))&(hskp8|hskp20|hskp9)&(![X9]:(ndr1_0=>(c0_1(X9)|~c3_1(X9)|c1_1(X9)))|hskp21|hskp10)&(![X10]:(ndr1_0=>(c2_1(X10)|~c0_1(X10)|~c1_1(X10)))|![X11]:(ndr1_0=>(c1_1(X11)|c2_1(X11)|c0_1(X11)))|![X12]:(ndr1_0=>(~c3_1(X12)|c0_1(X12)|~c1_1(X12))))&(hskp11|hskp7|hskp6)&(![X13]:(ndr1_0=>(~c1_1(X13)|c0_1(X13)|~c2_1(X13)))|hskp12|hskp13)&(hskp14|hskp22|![X14]:(ndr1_0=>(c3_1(X14)|~c2_1(X14)|~c1_1(X14))))&(hskp23|hskp24|![X15]:(ndr1_0=>(c3_1(X15)|~c1_1(X15)|c2_1(X15))))))			
../../TPTP-v7.3.0/Problems/SYN/SYN958+1.p		Theorem	YES	DTS/Alligator/AlexHappy/output/SYN958+1_dts.html	UNKNOWN		fof		((?[X]:a(X)&![X]:b(X))=>?[X]:(a(X)&b(X)))			
../../TPTP-v7.3.0/Problems/SYN/SYN557-1.p		Unsatisfiable	UNKNOWN		UNKNOWN		cnf					
../../TPTP-v7.3.0/Problems/SYN/SYN610-1.p		Unsatisfiable	UNKNOWN		UNKNOWN		cnf					
../../TPTP-v7.3.0/Problems/SYN/SYN917+1.p		Theorem	UNKNOWN		UNKNOWN		fof		(((![X]:(((f(X)&g(X))=>h(X))=>?[Y]:(f(Y)&~g(Y)))&(![W]:(f(W)=>g(W))|![Z]:(f(Z)=>h(Z))))=>(![R]:((f(R)&h(R))=>g(R))=>?[V]:(f(V)&g(V)&~h(V))))&((![X,Y]:(r(X,Y)=>r(Y,X))&![X,Y,Z]:((r(X,Y)&r(Y,Z))=>r(X,Z)))=>![X,Y]:(r(X,Y)=>r(X,X)))&(((![X]:((f(X)&g(X))=>h(X))=>?[X]:(f(X)&~g(X)))&(![W]:(f(W)=>g(W))|![Z]:(f(Z)=>h(Z))))=>(![R]:((f(R)&h(R))=>g(R))=>?[V]:(f(V)&g(V)&~h(V))))&?[X]:![Y]:((p(Y)=>q(X))=>(p(X)=>q(X)))&(![X]:(p(X)&q(X))<=>(![X]:p(X)&![X]:q(X)))&((![X]:p(X)|![X]:q(X))=>![X]:(p(X)|q(X)))&(?[X]:(p(X)|q(X))<=>(?[X]:p(X)|?[X]:q(X)))&?[Y]:(p(Y)=>![X]:p(X))&(?[X]:(p(X)&q(X))=>(?[X]:p(X)&?[X]:q(X)))&![Y]:(![X]:p(X)=>p(Y))&(![X]:p(X)=>?[X]:p(X))&(~(?[Y]:p(Y))=>![Y]:(?[X]:p(X)=>p(Y)))&(![X]:(p(X)|c)<=>(![X]:p(X)|c))&(?[X]:(p(X)&c)<=>(?[X]:p(X)&c))&(?[X]:c<=>c)&(![X]:c<=>c)&(?[X]:(c=>p(X))<=>(c=>?[X]:p(X)))&(?[X]:(p(X)=>c)<=>(![X]:p(X)=>c))&(![X]:(c=>p(X))<=>(c=>![X]:p(X)))&(![X]:(p(X)=>c)<=>(?[X]:p(X)=>c)))			
../../TPTP-v7.3.0/Problems/SYN/SYN142-1.p		Unsatisfiable	UNKNOWN		UNKNOWN		cnf					
../../TPTP-v7.3.0/Problems/SYN/SYN062+1.p		Theorem	UNKNOWN		UNKNOWN		fof	(![X]:((big_f(X)&(big_g(X)|big_h(X)))=>big_i(X))),(![X]:((big_i(X)&big_h(X))=>big_j(X))),(![X]:(big_k(X)=>big_h(X))),(![X]:((big_f(X)&(big_g(X)|big_h(X)))=>big_i(X))),(![X]:((big_i(X)&big_h(X))=>big_j(X))),(![X]:(big_k(X)=>big_h(X)))	(![X]:((big_f(X)&big_k(X))=>big_j(X)))			
../../TPTP-v7.3.0/Problems/SYN/SYN866-1.p		Unsatisfiable	UNKNOWN		UNKNOWN		cnf					
../../TPTP-v7.3.0/Problems/SYN/SYN238-1.p		Unsatisfiable	UNKNOWN		UNKNOWN		cnf					
../../TPTP-v7.3.0/Problems/SYN/SYN049-1.p		Unsatisfiable	UNKNOWN		UNKNOWN		cnf					
../../TPTP-v7.3.0/Problems/SYN/SYN283-1.p		Unsatisfiable	UNKNOWN		UNKNOWN		cnf					
../../TPTP-v7.3.0/Problems/SYN/SYN466-1.p		Unsatisfiable	UNKNOWN		UNKNOWN		cnf					
../../TPTP-v7.3.0/Problems/SYN/SYN055-1.p		Unsatisfiable	UNKNOWN		UNKNOWN		cnf	(big_p(a)),(~big_f(X)|~big_g(X)|~big_r(X)),(~big_p(X)|big_f(X)),(~big_p(X)|big_g(X)),(~big_p(X)|big_q(X)|big_p(b)),(big_p(a)),(~big_f(X)|~big_g(X)|~big_r(X)),(~big_p(X)|big_f(X)),(~big_p(X)|big_g(X)),(~big_p(X)|big_q(X)|big_p(b))				
../../TPTP-v7.3.0/Problems/SYN/SYN445-1.p		Unsatisfiable	UNKNOWN		UNKNOWN		cnf					
../../TPTP-v7.3.0/Problems/SYN/SYN216-1.p		Unsatisfiable	UNKNOWN		UNKNOWN		cnf					
../../TPTP-v7.3.0/Problems/SYN/SYN085-1.010.p		Unsatisfiable	UNKNOWN		UNKNOWN		cnf	(p_0|~p_1|~p_2|~p_3|~p_4|~p_5|~p_6|~p_7|~p_8|~p_9|~p_10),(p_1),(p_2),(p_3),(p_4),(p_5),(p_6),(p_7),(p_8),(p_9),(p_10),(p_0|~p_1|~p_2|~p_3|~p_4|~p_5|~p_6|~p_7|~p_8|~p_9|~p_10),(p_1),(p_2),(p_3),(p_4),(p_5),(p_6),(p_7),(p_8),(p_9),(p_10)				
../../TPTP-v7.3.0/Problems/SYN/SYN590-1.p		Unsatisfiable	UNKNOWN		UNKNOWN		cnf					
../../TPTP-v7.3.0/Problems/SYN/SYN986+1.005.p		Theorem	UNKNOWN		UNKNOWN		fof		(?[Z5,Z4,Z3,Z2,Z1,Z0]:(r(zero,zero,Z5)&r(zero,Z5,Z4)&r(zero,Z4,Z3)&r(zero,Z3,Z2)&r(zero,Z2,Z1)&r(zero,Z1,Z0)))			
../../TPTP-v7.3.0/Problems/SYN/SYN074+1.p		Theorem	UNKNOWN		UNKNOWN		fof			found nothing to prove		
../../TPTP-v7.3.0/Problems/SYN/SYN453-1.p		Satisfiable	UNKNOWN		UNKNOWN		cnf					
../../TPTP-v7.3.0/Problems/SYN/SYN935+1.p		Theorem	UNKNOWN		UNKNOWN		fof		(?[X]:(p(X)=>c)<=>(![X]:p(X)=>c))			
../../TPTP-v7.3.0/Problems/SYN/SYN812-1.p		Satisfiable	UNKNOWN		UNKNOWN		cnf					
../../TPTP-v7.3.0/Problems/SYN/SYN914-1.p		Unsatisfiable	UNKNOWN		UNKNOWN		cnf			error in process(X=a1|X=a2|X=a3|X=a4|X=a5|X=a6|X=a7|X=a8|X=a9|X=a10)		
../../TPTP-v7.3.0/Problems/SYN/SYN489-1.p		Unsatisfiable	UNKNOWN		UNKNOWN		cnf					
../../TPTP-v7.3.0/Problems/SYN/SYN521-1.p		Satisfiable	UNKNOWN		UNKNOWN		cnf					
../../TPTP-v7.3.0/Problems/SYN/SYN581-1.p		Unsatisfiable	UNKNOWN		UNKNOWN		cnf					
../../TPTP-v7.3.0/Problems/SYN/SYN708-1.p		Unsatisfiable	UNKNOWN		UNKNOWN		cnf					
../../TPTP-v7.3.0/Problems/SYN/SYN488+1.p		Theorem	UNKNOWN		UNKNOWN		fof		(~((~hskp0|(ndr1_0&c0_1(a2402)&c3_1(a2402)&~c1_1(a2402)))&(~hskp1|(ndr1_0&c1_1(a2403)&~c2_1(a2403)&~c3_1(a2403)))&(~hskp2|(ndr1_0&~c1_1(a2404)&~c2_1(a2404)&~c3_1(a2404)))&(~hskp3|(ndr1_0&c0_1(a2405)&c2_1(a2405)&~c3_1(a2405)))&(~hskp4|(ndr1_0&c0_1(a2407)&~c1_1(a2407)&~c2_1(a2407)))&(~hskp5|(ndr1_0&c0_1(a2408)&c3_1(a2408)&~c2_1(a2408)))&(~hskp6|(ndr1_0&c0_1(a2410)&c1_1(a2410)&~c2_1(a2410)))&(~hskp7|(ndr1_0&c2_1(a2411)&~c1_1(a2411)&~c3_1(a2411)))&(~hskp8|(ndr1_0&c1_1(a2412)&~c0_1(a2412)&~c2_1(a2412)))&(~hskp9|(ndr1_0&c2_1(a2413)&~c0_1(a2413)&~c1_1(a2413)))&(~hskp10|(ndr1_0&c0_1(a2414)&~c1_1(a2414)&~c3_1(a2414)))&(~hskp11|(ndr1_0&c3_1(a2416)&~c1_1(a2416)&~c2_1(a2416)))&(~hskp12|(ndr1_0&c3_1(a2417)&~c0_1(a2417)&~c1_1(a2417)))&(~hskp13|(ndr1_0&c1_1(a2418)&c2_1(a2418)&~c0_1(a2418)))&(~hskp14|(ndr1_0&c1_1(a2420)&c2_1(a2420)&~c3_1(a2420)))&(~hskp15|(ndr1_0&c1_1(a2422)&c3_1(a2422)&~c2_1(a2422)))&(~hskp16|(ndr1_0&c0_1(a2425)&~c2_1(a2425)&~c3_1(a2425)))&(~hskp17|(ndr1_0&c2_1(a2427)&c3_1(a2427)&~c1_1(a2427)))&(~hskp18|(ndr1_0&~c0_1(a2428)&~c2_1(a2428)&~c3_1(a2428)))&(~hskp19|(ndr1_0&c1_1(a2432)&c3_1(a2432)&~c0_1(a2432)))&(~hskp20|(ndr1_0&c3_1(a2435)&~c0_1(a2435)&~c2_1(a2435)))&(~hskp21|(ndr1_0&c0_1(a2437)&c2_1(a2437)&~c1_1(a2437)))&(~hskp22|(ndr1_0&~c0_1(a2453)&~c1_1(a2453)&~c2_1(a2453)))&(~hskp23|(ndr1_0&c2_1(a2455)&c3_1(a2455)&~c0_1(a2455)))&(~hskp24|(ndr1_0&c1_1(a2468)&~c0_1(a2468)&~c3_1(a2468)))&(~hskp25|(ndr1_0&c2_1(a2478)&~c0_1(a2478)&~c3_1(a2478)))&(~hskp26|(ndr1_0&c0_1(a2484)&c1_1(a2484)&~c3_1(a2484)))&(~hskp27|(ndr1_0&~c0_1(a2500)&~c1_1(a2500)&~c3_1(a2500)))&(~hskp28|(ndr1_0&c1_1(a2406)&c2_1(a2406)&c3_1(a2406)))&(~hskp29|(ndr1_0&c0_1(a2409)&c2_1(a2409)&c3_1(a2409)))&(~hskp30|(ndr1_0&c0_1(a2450)&c1_1(a2450)&c3_1(a2450)))&(~hskp31|(ndr1_0&c0_1(a2498)&c1_1(a2498)&c2_1(a2498)))&(![U]:(ndr1_0=>(c0_1(U)|c1_1(U)|c2_1(U)))|![V]:(ndr1_0=>(c0_1(V)|c1_1(V)|~c2_1(V)))|![W]:(ndr1_0=>(c1_1(W)|~c0_1(W)|~c2_1(W))))&(![X]:(ndr1_0=>(c0_1(X)|c1_1(X)|c2_1(X)))|![Y]:(ndr1_0=>(c0_1(Y)|c1_1(Y)|~c3_1(Y)))|hskp0)&(![Z]:(ndr1_0=>(c0_1(Z)|c1_1(Z)|c2_1(Z)))|![X1]:(ndr1_0=>(c1_1(X1)|~c2_1(X1)|~c3_1(X1)))|hskp1)&(![X2]:(ndr1_0=>(c0_1(X2)|c1_1(X2)|c2_1(X2)))|![X3]:(ndr1_0=>(c2_1(X3)|c3_1(X3)|~c0_1(X3)))|![X4]:(ndr1_0=>(c2_1(X4)|~c1_1(X4)|~c3_1(X4))))&(![X5]:(ndr1_0=>(c0_1(X5)|c1_1(X5)|c2_1(X5)))|![X6]:(ndr1_0=>(c2_1(X6)|c3_1(X6)|~c1_1(X6)))|![X7]:(ndr1_0=>(c2_1(X7)|~c1_1(X7)|~c3_1(X7))))&(![X8]:(ndr1_0=>(c0_1(X8)|c1_1(X8)|c3_1(X8)))|![X9]:(ndr1_0=>(~c0_1(X9)|~c1_1(X9)|~c2_1(X9)))|hskp2)&(![X10]:(ndr1_0=>(c0_1(X10)|c1_1(X10)|c3_1(X10)))|hskp3|hskp28)&(![X11]:(ndr1_0=>(c0_1(X11)|c1_1(X11)|~c2_1(X11)))|![X12]:(ndr1_0=>(c0_1(X12)|~c1_1(X12)|~c3_1(X12)))|hskp4)&(![X13]:(ndr1_0=>(c0_1(X13)|c1_1(X13)|~c2_1(X13)))|![X14]:(ndr1_0=>(c0_1(X14)|~c2_1(X14)|~c3_1(X14)))|hskp5)&(![X15]:(ndr1_0=>(c0_1(X15)|c1_1(X15)|~c2_1(X15)))|![X16]:(ndr1_0=>(c1_1(X16)|~c0_1(X16)|~c3_1(X16)))|hskp29)&(![X17]:(ndr1_0=>(c0_1(X17)|c1_1(X17)|~c2_1(X17)))|hskp6|hskp7)&(![X18]:(ndr1_0=>(c0_1(X18)|c1_1(X18)|~c2_1(X18)))|hskp8|hskp9)&(![X19]:(ndr1_0=>(c0_1(X19)|c1_1(X19)|~c3_1(X19)))|![X20]:(ndr1_0=>(c0_1(X20)|c2_1(X20)|c3_1(X20)))|![X21]:(ndr1_0=>(~c1_1(X21)|~c2_1(X21)|~c3_1(X21))))&(![X22]:(ndr1_0=>(c0_1(X22)|c1_1(X22)|~c3_1(X22)))|![X23]:(ndr1_0=>(c1_1(X23)|~c2_1(X23)|~c3_1(X23)))|hskp10)&(![X24]:(ndr1_0=>(c0_1(X24)|c1_1(X24)|~c3_1(X24)))|hskp6|hskp11)&(![X25]:(ndr1_0=>(c0_1(X25)|c1_1(X25)|~c3_1(X25)))|hskp12)&(![X26]:(ndr1_0=>(c0_1(X26)|c2_1(X26)|c3_1(X26)))|![X27]:(ndr1_0=>(c0_1(X27)|~c1_1(X27)|~c2_1(X27)))|![X28]:(ndr1_0=>(c2_1(X28)|~c1_1(X28)|~c3_1(X28))))&(![X29]:(ndr1_0=>(c0_1(X29)|c2_1(X29)|c3_1(X29)))|hskp13|hskp1)&(![X30]:(ndr1_0=>(c0_1(X30)|c2_1(X30)|c3_1(X30)))|hskp14|hskp1)&(![X31]:(ndr1_0=>(c0_1(X31)|c2_1(X31)|~c1_1(X31)))|![X32]:(ndr1_0=>(c1_1(X32)|c2_1(X32)|~c0_1(X32)))|![X33]:(ndr1_0=>(c2_1(X33)|~c0_1(X33)|~c1_1(X33))))&(![X34]:(ndr1_0=>(c0_1(X34)|c2_1(X34)|~c1_1(X34)))|![X35]:(ndr1_0=>(~c0_1(X35)|~c1_1(X35)|~c2_1(X35)))|hskp15)&(![X36]:(ndr1_0=>(c0_1(X36)|c2_1(X36)|~c1_1(X36)))|hskp29|hskp0)&(![X37]:(ndr1_0=>(c0_1(X37)|c2_1(X37)|~c1_1(X37)))|hskp16|hskp13)&(![X38]:(ndr1_0=>(c0_1(X38)|c2_1(X38)|~c1_1(X38)))|hskp17|hskp18)&(![X39]:(ndr1_0=>(c0_1(X39)|c2_1(X39)|~c3_1(X39)))|![X40]:(ndr1_0=>(c3_1(X40)|~c0_1(X40)|~c2_1(X40)))|hskp2)&(![X41]:(ndr1_0=>(c0_1(X41)|c2_1(X41)|~c3_1(X41)))|![X42]:(ndr1_0=>(~c0_1(X42)|~c1_1(X42)|~c3_1(X42)))|hskp12)&(![X43]:(ndr1_0=>(c0_1(X43)|c3_1(X43)|~c1_1(X43)))|![X44]:(ndr1_0=>(c1_1(X44)|c2_1(X44)|~c3_1(X44)))|hskp4)&(![X45]:(ndr1_0=>(c0_1(X45)|~c1_1(X45)|~c2_1(X45)))|![X46]:(ndr1_0=>(c1_1(X46)|c3_1(X46)|~c0_1(X46)))|hskp19)&(![X47]:(ndr1_0=>(c0_1(X47)|~c1_1(X47)|~c2_1(X47)))|hskp12|hskp11)&(![X48]:(ndr1_0=>(c0_1(X48)|~c1_1(X48)|~c3_1(X48)))|![X49]:(ndr1_0=>(c2_1(X49)|~c1_1(X49)|~c3_1(X49)))|hskp20)&(![X50]:(ndr1_0=>(c0_1(X50)|~c1_1(X50)|~c3_1(X50)))|![X51]:(ndr1_0=>(c3_1(X51)|~c0_1(X51)|~c2_1(X51)))|hskp7)&(![X52]:(ndr1_0=>(c0_1(X52)|~c1_1(X52)|~c3_1(X52)))|hskp21|hskp17)&(![X53]:(ndr1_0=>(c0_1(X53)|~c1_1(X53)|~c3_1(X53)))|hskp1|hskp9)&(![X54]:(ndr1_0=>(c0_1(X54)|~c1_1(X54)|~c3_1(X54)))|hskp7|hskp20)&(![X55]:(ndr1_0=>(c0_1(X55)|~c2_1(X55)|~c3_1(X55)))|![X56]:(ndr1_0=>(c1_1(X56)|~c2_1(X56)|~c3_1(X56)))|hskp2)&(![X57]:(ndr1_0=>(c0_1(X57)|~c2_1(X57)|~c3_1(X57)))|hskp6|hskp21)&(![X58]:(ndr1_0=>(c0_1(X58)|~c2_1(X58)|~c3_1(X58)))|hskp28|hskp9)&(![X59]:(ndr1_0=>(c0_1(X59)|~c2_1(X59)|~c3_1(X59)))|hskp15)&(![X60]:(ndr1_0=>(c1_1(X60)|c2_1(X60)|~c0_1(X60)))|![X61]:(ndr1_0=>(c1_1(X61)|c3_1(X61)|~c0_1(X61)))|hskp10)&(![X62]:(ndr1_0=>(c1_1(X62)|c2_1(X62)|~c0_1(X62)))|hskp30|hskp21)&(![X63]:(ndr1_0=>(c1_1(X63)|c2_1(X63)|~c0_1(X63)))|hskp5|hskp22)&(![X64]:(ndr1_0=>(c1_1(X64)|c2_1(X64)|~c3_1(X64)))|![X65]:(ndr1_0=>(c1_1(X65)|~c2_1(X65)|~c3_1(X65)))|hskp1)&(![X66]:(ndr1_0=>(c1_1(X66)|c2_1(X66)|~c3_1(X66)))|![X67]:(ndr1_0=>(c2_1(X67)|c3_1(X67)|~c1_1(X67)))|hskp23)&(![X68]:(ndr1_0=>(c1_1(X68)|c2_1(X68)|~c3_1(X68)))|hskp10|hskp16)&(![X69]:(ndr1_0=>(c1_1(X69)|c3_1(X69)|~c0_1(X69)))|![X70]:(ndr1_0=>(c3_1(X70)|~c0_1(X70)|~c1_1(X70)))|![X71]:(ndr1_0=>(~c1_1(X71)|~c2_1(X71)|~c3_1(X71))))&(![X72]:(ndr1_0=>(c1_1(X72)|c3_1(X72)|~c2_1(X72)))|![X73]:(ndr1_0=>(c1_1(X73)|~c0_1(X73)|~c2_1(X73)))|hskp3)&(![X74]:(ndr1_0=>(c1_1(X74)|c3_1(X74)|~c2_1(X74)))|![X75]:(ndr1_0=>(c2_1(X75)|~c0_1(X75)|~c1_1(X75)))|hskp2)&(![X76]:(ndr1_0=>(c1_1(X76)|c3_1(X76)|~c2_1(X76)))|![X77]:(ndr1_0=>(c3_1(X77)|~c0_1(X77)|~c1_1(X77)))|hskp14)&(![X78]:(ndr1_0=>(c1_1(X78)|c3_1(X78)|~c2_1(X78)))|hskp0|hskp9)&(![X79]:(ndr1_0=>(c1_1(X79)|c3_1(X79)|~c2_1(X79)))|hskp16|hskp12)&(![X80]:(ndr1_0=>(c1_1(X80)|~c0_1(X80)|~c2_1(X80)))|![X81]:(ndr1_0=>(c2_1(X81)|c3_1(X81)|~c1_1(X81)))|![X82]:(ndr1_0=>(~c0_1(X82)|~c2_1(X82)|~c3_1(X82))))&(![X83]:(ndr1_0=>(c1_1(X83)|~c2_1(X83)|~c3_1(X83)))|![X84]:(ndr1_0=>(c2_1(X84)|c3_1(X84)|~c0_1(X84)))|![X85]:(ndr1_0=>(~c0_1(X85)|~c1_1(X85)|~c3_1(X85))))&(![X86]:(ndr1_0=>(c1_1(X86)|~c2_1(X86)|~c3_1(X86)))|hskp21|hskp11)&(![X87]:(ndr1_0=>(c1_1(X87)|~c2_1(X87)|~c3_1(X87)))|hskp15|hskp24)&(![X88]:(ndr1_0=>(c2_1(X88)|c3_1(X88)|~c0_1(X88)))|hskp5|hskp19)&(![X89]:(ndr1_0=>(c2_1(X89)|c3_1(X89)|~c1_1(X89)))|hskp30|hskp2)&(![X90]:(ndr1_0=>(c2_1(X90)|c3_1(X90)|~c1_1(X90)))|hskp6|hskp1)&(![X91]:(ndr1_0=>(c2_1(X91)|~c0_1(X91)|~c1_1(X91)))|hskp5|hskp1)&(![X92]:(ndr1_0=>(c2_1(X92)|~c0_1(X92)|~c1_1(X92)))|hskp19|hskp25)&(![X93]:(ndr1_0=>(c2_1(X93)|~c0_1(X93)|~c1_1(X93)))|hskp25|hskp7)&(![X94]:(ndr1_0=>(c2_1(X94)|~c1_1(X94)|~c3_1(X94)))|![X95]:(ndr1_0=>(c3_1(X95)|~c0_1(X95)|~c1_1(X95)))|hskp30)&(![X96]:(ndr1_0=>(c3_1(X96)|~c0_1(X96)|~c1_1(X96)))|![X97]:(ndr1_0=>(~c1_1(X97)|~c2_1(X97)|~c3_1(X97)))|hskp10)&(![X98]:(ndr1_0=>(c3_1(X98)|~c0_1(X98)|~c1_1(X98)))|hskp6|hskp26)&(![X99]:(ndr1_0=>(c3_1(X99)|~c0_1(X99)|~c2_1(X99)))|![X100]:(ndr1_0=>(~c0_1(X100)|~c1_1(X100)|~c2_1(X100)))|hskp20)&(![X101]:(ndr1_0=>(c3_1(X101)|~c1_1(X101)|~c2_1(X101)))|hskp6|hskp23)&(![X102]:(ndr1_0=>(~c0_1(X102)|~c1_1(X102)|~c2_1(X102)))|hskp3|hskp24)&(![X103]:(ndr1_0=>(~c0_1(X103)|~c1_1(X103)|~c3_1(X103)))|hskp14|hskp23)&(![X104]:(ndr1_0=>(~c0_1(X104)|~c2_1(X104)|~c3_1(X104)))|hskp20|hskp18)&(![X105]:(ndr1_0=>(~c1_1(X105)|~c2_1(X105)|~c3_1(X105)))|hskp21|hskp0)&(![X106]:(ndr1_0=>(~c1_1(X106)|~c2_1(X106)|~c3_1(X106)))|hskp15|hskp11)&(hskp31|hskp25|hskp27)&(hskp30|hskp26|hskp19)&(hskp26|hskp8|hskp11)&(hskp3|hskp5|hskp18)&(hskp5|hskp19|hskp25)&(hskp8|hskp9|hskp7)))			
../../TPTP-v7.3.0/Problems/SYN/SYN892-1.p		Unsatisfiable	UNKNOWN		UNKNOWN		cnf					
../../TPTP-v7.3.0/Problems/SYN/SYN895-1.p		Unsatisfiable	UNKNOWN		UNKNOWN		cnf					
../../TPTP-v7.3.0/Problems/SYN/SYN421-1.p		Satisfiable	UNKNOWN		UNKNOWN		cnf					
../../TPTP-v7.3.0/Problems/SYN/SYN224-1.p		Unsatisfiable	UNKNOWN		UNKNOWN		cnf					
../../TPTP-v7.3.0/Problems/SYN/SYN921+1.p		Theorem	UNKNOWN		UNKNOWN		fof		(?[X]:![Y]:((p(Y)=>q(X))=>(p(X)=>q(X))))			
../../TPTP-v7.3.0/Problems/SYN/SYN337-1.p		Satisfiable	UNKNOWN		UNKNOWN		cnf					
../../TPTP-v7.3.0/Problems/SYN/SYN037-1.p		Unsatisfiable	UNKNOWN		UNKNOWN		cnf					
../../TPTP-v7.3.0/Problems/SYN/SYN574-1.p		Unsatisfiable	UNKNOWN		UNKNOWN		cnf					
../../TPTP-v7.3.0/Problems/SYN/SYN580-1.p		Unsatisfiable	UNKNOWN		UNKNOWN		cnf					
../../TPTP-v7.3.0/Problems/SYN/SYN609-1.p		Unsatisfiable	UNKNOWN		UNKNOWN		cnf					
../../TPTP-v7.3.0/Problems/SYN/SYN279-1.p		Unsatisfiable	UNKNOWN		UNKNOWN		cnf					
../../TPTP-v7.3.0/Problems/SYN/SYN826-1.p		Satisfiable	UNKNOWN		UNKNOWN		cnf					
../../TPTP-v7.3.0/Problems/SYN/SYN029-1.p		Unsatisfiable	UNKNOWN		UNKNOWN		cnf	(q|p),(~p|q),(~r|~q|p),(r),(q|p),(~p|q),(~r|~q|p),(r)				
../../TPTP-v7.3.0/Problems/SYN/SYN447+1.p		Theorem	UNKNOWN		UNKNOWN		fof		(~((~hskp0|(ndr1_0&c0_1(a1020)&~c1_1(a1020)&~c2_1(a1020)))&(~hskp1|(ndr1_0&c2_1(a1023)&~c1_1(a1023)&~c0_1(a1023)))&(~hskp2|(ndr1_0&c2_1(a1024)&c1_1(a1024)&~c3_1(a1024)))&(~hskp3|(ndr1_0&~c0_1(a1025)&~c3_1(a1025)&~c2_1(a1025)))&(~hskp4|(ndr1_0&c0_1(a1026)&~c2_1(a1026)&~c1_1(a1026)))&(~hskp5|(ndr1_0&c1_1(a1027)&c2_1(a1027)&~c3_1(a1027)))&(~hskp6|(ndr1_0&~c2_1(a1030)&~c3_1(a1030)&~c0_1(a1030)))&(~hskp7|(ndr1_0&c0_1(a1035)&c1_1(a1035)&~c2_1(a1035)))&(~hskp8|(ndr1_0&c0_1(a1036)&~c3_1(a1036)&~c1_1(a1036)))&(~hskp9|(ndr1_0&~c1_1(a1038)&c2_1(a1038)&~c0_1(a1038)))&(~hskp10|(ndr1_0&c1_1(a1039)&~c2_1(a1039)&~c0_1(a1039)))&(~hskp11|(ndr1_0&~c3_1(a1041)&c1_1(a1041)&~c2_1(a1041)))&(~hskp12|(ndr1_0&~c1_1(a1043)&c0_1(a1043)&~c3_1(a1043)))&(~hskp13|(ndr1_0&c0_1(a1048)&c3_1(a1048)&~c2_1(a1048)))&(~hskp14|(ndr1_0&~c0_1(a1055)&~c1_1(a1055)&~c2_1(a1055)))&(~hskp15|(ndr1_0&c3_1(a1059)&c2_1(a1059)&~c1_1(a1059)))&(~hskp16|(ndr1_0&c2_1(a1064)&c0_1(a1064)&~c3_1(a1064)))&(~hskp17|(ndr1_0&~c0_1(a1077)&c3_1(a1077)&~c2_1(a1077)))&(~hskp18|(ndr1_0&c2_1(a1078)&c0_1(a1078)&~c1_1(a1078)))&(~hskp19|(ndr1_0&c1_1(a1079)&~c0_1(a1079)&~c2_1(a1079)))&(~hskp20|(ndr1_0&~c0_1(a1080)&~c2_1(a1080)&~c1_1(a1080)))&(~hskp21|(ndr1_0&~c3_1(a1082)&~c2_1(a1082)&~c0_1(a1082)))&(~hskp22|(ndr1_0&c2_1(a1083)&c3_1(a1083)&~c1_1(a1083)))&(~hskp23|(ndr1_0&c1_1(a1088)&c3_1(a1088)&~c2_1(a1088)))&(~hskp24|(ndr1_0&~c2_1(a1089)&c0_1(a1089)&~c1_1(a1089)))&(~hskp25|(ndr1_0&~c3_1(a1091)&~c0_1(a1091)&~c2_1(a1091)))&(~hskp26|(ndr1_0&~c3_1(a1098)&c1_1(a1098)&~c0_1(a1098)))&(~hskp27|(ndr1_0&c3_1(a1101)&c1_1(a1101)&~c0_1(a1101)))&(~hskp28|(ndr1_0&~c0_1(a1102)&c2_1(a1102)&~c1_1(a1102)))&(~hskp29|(ndr1_0&~c1_1(a1021)&~c3_1(a1021)&c2_1(a1021)))&(~hskp30|(ndr1_0&~c2_1(a1022)&c3_1(a1022)&c1_1(a1022)))&(~hskp31|(ndr1_0&c0_1(a1028)&~c1_1(a1028)&c3_1(a1028)))&(~hskp32|(ndr1_0&~c0_1(a1029)&c1_1(a1029)&c2_1(a1029)))&(~hskp33|(ndr1_0&c3_1(a1031)&~c1_1(a1031)&c2_1(a1031)))&(~hskp34|(ndr1_0&~c2_1(a1032)&~c1_1(a1032)&c3_1(a1032)))&(~hskp35|(ndr1_0&c0_1(a1033)&c1_1(a1033)&c3_1(a1033)))&(~hskp36|(ndr1_0&c3_1(a1034)&~c0_1(a1034)&c1_1(a1034)))&(~hskp37|(ndr1_0&~c1_1(a1037)&c0_1(a1037)&c3_1(a1037)))&(~hskp38|(ndr1_0&c1_1(a1040)&c3_1(a1040)&c2_1(a1040)))&(~hskp39|(ndr1_0&c0_1(a1042)&~c1_1(a1042)&c2_1(a1042)))&(~hskp40|(ndr1_0&~c1_1(a1044)&c3_1(a1044)&c0_1(a1044)))&(~hskp41|(ndr1_0&~c1_1(a1045)&~c0_1(a1045)&c3_1(a1045)))&(~hskp42|(ndr1_0&~c2_1(a1046)&c1_1(a1046)&c0_1(a1046)))&(~hskp43|(ndr1_0&c0_1(a1049)&c2_1(a1049)&c1_1(a1049)))&(~hskp44|(ndr1_0&c1_1(a1051)&~c2_1(a1051)&c0_1(a1051)))&(~hskp45|(ndr1_0&c0_1(a1052)&c3_1(a1052)&c2_1(a1052)))&(~hskp46|(ndr1_0&~c1_1(a1053)&~c2_1(a1053)&c0_1(a1053)))&(~hskp47|(ndr1_0&c2_1(a1056)&c1_1(a1056)&c3_1(a1056)))&(~hskp48|(ndr1_0&c3_1(a1062)&c2_1(a1062)&c0_1(a1062)))&(~hskp49|(ndr1_0&~c0_1(a1065)&~c2_1(a1065)&c1_1(a1065)))&(~hskp50|(ndr1_0&~c0_1(a1069)&c3_1(a1069)&c1_1(a1069)))&(~hskp51|(ndr1_0&c2_1(a1070)&~c1_1(a1070)&c0_1(a1070)))&(~hskp52|(ndr1_0&c1_1(a1071)&c0_1(a1071)&c3_1(a1071)))&(~hskp53|(ndr1_0&c1_1(a1073)&c2_1(a1073)&c0_1(a1073)))&(~hskp54|(ndr1_0&c3_1(a1074)&c0_1(a1074)&c2_1(a1074)))&(~hskp55|(ndr1_0&c1_1(a1081)&~c0_1(a1081)&c3_1(a1081)))&(~hskp56|(ndr1_0&~c3_1(a1084)&~c1_1(a1084)&c0_1(a1084)))&(~hskp57|(ndr1_0&c2_1(a1085)&c0_1(a1085)&c3_1(a1085)))&(~hskp58|(ndr1_0&~c0_1(a1086)&c2_1(a1086)&c3_1(a1086)))&(~hskp59|(ndr1_0&~c0_1(a1095)&~c3_1(a1095)&c1_1(a1095)))&(~hskp60|(ndr1_0&c2_1(a1097)&~c0_1(a1097)&c3_1(a1097)))&(~hskp61|(ndr1_0&~c3_1(a1099)&~c0_1(a1099)&c2_1(a1099)))&(~hskp62|(ndr1_0&c2_1(a1103)&c3_1(a1103)&c1_1(a1103)))&(~hskp63|(ndr1_0&~c2_1(a1105)&c1_1(a1105)&c3_1(a1105)))&(hskp0|hskp29|hskp30)&(![U]:(ndr1_0=>(~c3_1(U)|c2_1(U)|c1_1(U)))|![V]:(ndr1_0=>(c1_1(V)|~c0_1(V)|~c2_1(V)))|hskp1)&(hskp2|![W]:(ndr1_0=>(c3_1(W)|c2_1(W)|c0_1(W)))|![X]:(ndr1_0=>(~c0_1(X)|~c1_1(X)|~c3_1(X))))&(![Y]:(ndr1_0=>(c2_1(Y)|c3_1(Y)|c0_1(Y)))|hskp3|![Z]:(ndr1_0=>(c1_1(Z)|~c0_1(Z)|c2_1(Z))))&(hskp4|hskp5|![X1]:(ndr1_0=>(~c0_1(X1)|~c2_1(X1)|c3_1(X1))))&(hskp31|![X2]:(ndr1_0=>(~c0_1(X2)|~c1_1(X2)|c2_1(X2)))|![X3]:(ndr1_0=>(~c2_1(X3)|c1_1(X3)|c3_1(X3))))&(![X4]:(ndr1_0=>(~c1_1(X4)|~c0_1(X4)|c3_1(X4)))|hskp32|hskp6)&(hskp33|![X5]:(ndr1_0=>(~c1_1(X5)|c2_1(X5)|c0_1(X5)))|![X6]:(ndr1_0=>(~c1_1(X6)|~c3_1(X6)|~c2_1(X6))))&(![X7]:(ndr1_0=>(c2_1(X7)|~c1_1(X7)|c3_1(X7)))|![X8]:(ndr1_0=>(c3_1(X8)|c1_1(X8)|~c0_1(X8)))|hskp34)&(![X9]:(ndr1_0=>(c2_1(X9)|c0_1(X9)|c3_1(X9)))|hskp35|![X10]:(ndr1_0=>(c0_1(X10)|c2_1(X10)|~c3_1(X10))))&(![X11]:(ndr1_0=>(c2_1(X11)|~c1_1(X11)|c0_1(X11)))|hskp36|hskp7)&(![X12]:(ndr1_0=>(~c3_1(X12)|~c1_1(X12)|c0_1(X12)))|hskp8|hskp37)&(![X13]:(ndr1_0=>(c0_1(X13)|c3_1(X13)|c2_1(X13)))|hskp9|![X14]:(ndr1_0=>(c0_1(X14)|~c3_1(X14)|c1_1(X14))))&(![X15]:(ndr1_0=>(c3_1(X15)|c2_1(X15)|c0_1(X15)))|hskp10)&(![X16]:(ndr1_0=>(~c3_1(X16)|c2_1(X16)|~c0_1(X16)))|hskp38|![X17]:(ndr1_0=>(~c0_1(X17)|~c3_1(X17)|c1_1(X17))))&(hskp11|![X18]:(ndr1_0=>(~c0_1(X18)|~c3_1(X18)|~c1_1(X18)))|hskp39)&(hskp12|![X19]:(ndr1_0=>(~c2_1(X19)|~c1_1(X19)|~c0_1(X19)))|![X20]:(ndr1_0=>(~c3_1(X20)|c2_1(X20)|~c0_1(X20))))&(hskp40|hskp41|![X21]:(ndr1_0=>(~c0_1(X21)|c1_1(X21)|~c2_1(X21))))&(hskp42|![X22]:(ndr1_0=>(c1_1(X22)|c0_1(X22)|~c2_1(X22)))|![X23]:(ndr1_0=>(~c1_1(X23)|~c3_1(X23)|c2_1(X23))))&(![X24]:(ndr1_0=>(~c0_1(X24)|c2_1(X24)|~c1_1(X24)))|![X25]:(ndr1_0=>(c1_1(X25)|~c0_1(X25)|~c3_1(X25)))|hskp4)&(![X26]:(ndr1_0=>(~c0_1(X26)|~c2_1(X26)|c3_1(X26)))|hskp13|hskp43)&(![X27]:(ndr1_0=>(c0_1(X27)|~c2_1(X27)|~c3_1(X27)))|![X28]:(ndr1_0=>(~c0_1(X28)|~c3_1(X28)|~c2_1(X28)))|hskp7)&(![X29]:(ndr1_0=>(c1_1(X29)|c3_1(X29)|c2_1(X29)))|hskp44|hskp45)&(hskp46|hskp38|hskp14)&(![X30]:(ndr1_0=>(~c0_1(X30)|~c2_1(X30)|c1_1(X30)))|hskp47|![X31]:(ndr1_0=>(~c2_1(X31)|~c0_1(X31)|c3_1(X31))))&(hskp10|![X32]:(ndr1_0=>(~c1_1(X32)|c0_1(X32)|~c2_1(X32)))|hskp43)&(![X33]:(ndr1_0=>(~c3_1(X33)|c2_1(X33)|c0_1(X33)))|hskp15|hskp33)&(![X34]:(ndr1_0=>(c0_1(X34)|~c1_1(X34)|c3_1(X34)))|hskp36|hskp48)&(![X35]:(ndr1_0=>(~c1_1(X35)|c3_1(X35)|c2_1(X35)))|hskp42|hskp16)&(![X36]:(ndr1_0=>(~c3_1(X36)|c2_1(X36)|~c0_1(X36)))|![X37]:(ndr1_0=>(c3_1(X37)|c1_1(X37)|c0_1(X37)))|hskp49)&(![X38]:(ndr1_0=>(c3_1(X38)|c2_1(X38)|c0_1(X38)))|hskp1|![X39]:(ndr1_0=>(c1_1(X39)|c2_1(X39)|~c0_1(X39))))&(![X40]:(ndr1_0=>(c1_1(X40)|c3_1(X40)|c0_1(X40)))|![X41]:(ndr1_0=>(c0_1(X41)|~c2_1(X41)|c1_1(X41)))|![X42]:(ndr1_0=>(c3_1(X42)|c1_1(X42)|~c2_1(X42))))&(hskp7|![X43]:(ndr1_0=>(~c2_1(X43)|~c1_1(X43)|c3_1(X43)))|hskp12)&(![X44]:(ndr1_0=>(c0_1(X44)|~c2_1(X44)|~c1_1(X44)))|hskp50|hskp51)&(![X45]:(ndr1_0=>(~c2_1(X45)|c0_1(X45)|c1_1(X45)))|![X46]:(ndr1_0=>(~c0_1(X46)|c3_1(X46)|c1_1(X46)))|![X47]:(ndr1_0=>(c3_1(X47)|c1_1(X47)|c2_1(X47))))&(hskp52|hskp34|![X48]:(ndr1_0=>(~c3_1(X48)|c1_1(X48)|~c0_1(X48))))&(![X49]:(ndr1_0=>(~c2_1(X49)|~c3_1(X49)|~c0_1(X49)))|hskp53|![X50]:(ndr1_0=>(~c3_1(X50)|c1_1(X50)|~c2_1(X50))))&(hskp54|hskp47|![X51]:(ndr1_0=>(~c3_1(X51)|~c2_1(X51)|~c1_1(X51))))&(![X52]:(ndr1_0=>(~c2_1(X52)|~c1_1(X52)|~c3_1(X52)))|![X53]:(ndr1_0=>(c3_1(X53)|~c0_1(X53)|c1_1(X53)))|![X54]:(ndr1_0=>(~c0_1(X54)|~c1_1(X54)|c3_1(X54))))&(hskp39|hskp17|hskp18)&(hskp19|![X55]:(ndr1_0=>(c1_1(X55)|~c0_1(X55)|c3_1(X55)))|hskp20)&(hskp55|![X56]:(ndr1_0=>(~c0_1(X56)|c2_1(X56)|c1_1(X56)))|hskp21)&(hskp22|![X57]:(ndr1_0=>(~c1_1(X57)|c2_1(X57)|~c3_1(X57)))|hskp56)&(![X58]:(ndr1_0=>(~c1_1(X58)|c0_1(X58)|c2_1(X58)))|![X59]:(ndr1_0=>(c0_1(X59)|c3_1(X59)|c1_1(X59)))|![X60]:(ndr1_0=>(c3_1(X60)|~c1_1(X60)|c2_1(X60))))&(![X61]:(ndr1_0=>(~c0_1(X61)|~c3_1(X61)|c2_1(X61)))|![X62]:(ndr1_0=>(~c2_1(X62)|~c3_1(X62)|c1_1(X62)))|hskp57)&(![X63]:(ndr1_0=>(c2_1(X63)|~c1_1(X63)|~c3_1(X63)))|![X64]:(ndr1_0=>(~c3_1(X64)|c1_1(X64)|c2_1(X64)))|hskp58)&(hskp33|hskp23|![X65]:(ndr1_0=>(~c0_1(X65)|~c2_1(X65)|~c3_1(X65))))&(![X66]:(ndr1_0=>(c0_1(X66)|~c1_1(X66)|~c3_1(X66)))|![X67]:(ndr1_0=>(c1_1(X67)|c0_1(X67)|c3_1(X67)))|hskp24)&(![X68]:(ndr1_0=>(~c1_1(X68)|~c2_1(X68)|~c3_1(X68)))|hskp36|![X69]:(ndr1_0=>(~c1_1(X69)|c0_1(X69)|~c3_1(X69))))&(![X70]:(ndr1_0=>(c2_1(X70)|~c1_1(X70)|c0_1(X70)))|hskp25|![X71]:(ndr1_0=>(~c2_1(X71)|~c1_1(X71)|~c3_1(X71))))&(hskp51|![X72]:(ndr1_0=>(~c0_1(X72)|~c3_1(X72)|~c2_1(X72)))|![X73]:(ndr1_0=>(c1_1(X73)|~c0_1(X73)|c2_1(X73))))&(hskp48|![X74]:(ndr1_0=>(c0_1(X74)|c2_1(X74)|c1_1(X74)))|hskp14)&(![X75]:(ndr1_0=>(c0_1(X75)|~c2_1(X75)|~c3_1(X75)))|![X76]:(ndr1_0=>(c3_1(X76)|c1_1(X76)|~c2_1(X76)))|![X77]:(ndr1_0=>(c0_1(X77)|c1_1(X77)|c2_1(X77))))&(![X78]:(ndr1_0=>(~c1_1(X78)|~c0_1(X78)|~c2_1(X78)))|![X79]:(ndr1_0=>(~c2_1(X79)|~c0_1(X79)|~c3_1(X79)))|![X80]:(ndr1_0=>(~c0_1(X80)|~c1_1(X80)|~c2_1(X80))))&(![X81]:(ndr1_0=>(~c3_1(X81)|c2_1(X81)|~c1_1(X81)))|hskp59|![X82]:(ndr1_0=>(~c3_1(X82)|c0_1(X82)|c2_1(X82))))&(![X83]:(ndr1_0=>(~c2_1(X83)|~c3_1(X83)|c0_1(X83)))|![X84]:(ndr1_0=>(c2_1(X84)|c3_1(X84)|~c1_1(X84)))|hskp35)&(![X85]:(ndr1_0=>(~c0_1(X85)|c1_1(X85)|c2_1(X85)))|hskp60|hskp26)&(![X86]:(ndr1_0=>(~c3_1(X86)|~c1_1(X86)|c0_1(X86)))|![X87]:(ndr1_0=>(~c1_1(X87)|c3_1(X87)|c2_1(X87)))|hskp61)&(hskp43|hskp27|hskp28)&(hskp62|hskp56|hskp63)))			
../../TPTP-v7.3.0/Problems/SYN/SYN876-1.p		Unsatisfiable	UNKNOWN		UNKNOWN		cnf					
../../TPTP-v7.3.0/Problems/SYN/SYN074-1.p		Unsatisfiable	UNKNOWN		UNKNOWN		cnf			found nothing to prove		
../../TPTP-v7.3.0/Problems/SYN/SYN215-1.p		Unsatisfiable	UNKNOWN		UNKNOWN		cnf					
../../TPTP-v7.3.0/Problems/SYN/SYN231-1.p		Unsatisfiable	UNKNOWN		UNKNOWN		cnf					
../../TPTP-v7.3.0/Problems/SYN/SYN531-1.p		Satisfiable	UNKNOWN		UNKNOWN		cnf					
../../TPTP-v7.3.0/Problems/SYN/SYN624-1.p		Unsatisfiable	UNKNOWN		UNKNOWN		cnf					
../../TPTP-v7.3.0/Problems/SYN/SYN438+1.p		CounterSatisfiable	UNKNOWN		UNKNOWN		fof		(~((~hskp0|(ndr1_0&c1_1(a55)&c3_1(a55)&~c0_1(a55)))&(~hskp1|(ndr1_0&c1_1(a56)&~c0_1(a56)&~c3_1(a56)))&(~hskp2|(ndr1_0&c1_1(a57)&~c0_1(a57)&~c2_1(a57)))&(~hskp3|(ndr1_0&c2_1(a58)&~c1_1(a58)&~c3_1(a58)))&(~hskp4|(ndr1_0&c2_1(a59)&c3_1(a59)&~c1_1(a59)))&(~hskp5|(ndr1_0&c0_1(a60)&~c1_1(a60)&~c2_1(a60)))&(~hskp6|(ndr1_0&c1_1(a61)&c2_1(a61)&~c3_1(a61)))&(~hskp7|(ndr1_0&c0_1(a62)&c1_1(a62)&~c3_1(a62)))&(~hskp8|(ndr1_0&~c0_1(a63)&~c1_1(a63)&~c3_1(a63)))&(~hskp9|(ndr1_0&c0_1(a64)&c2_1(a64)&~c3_1(a64)))&(~hskp10|(ndr1_0&c2_1(a67)&~c0_1(a67)&~c1_1(a67)))&(~hskp11|(ndr1_0&c1_1(a69)&c2_1(a69)&~c0_1(a69)))&(~hskp12|(ndr1_0&c1_1(a70)&~c2_1(a70)&~c3_1(a70)))&(~hskp13|(ndr1_0&c3_1(a71)&~c0_1(a71)&~c1_1(a71)))&(~hskp14|(ndr1_0&~c1_1(a73)&~c2_1(a73)&~c3_1(a73)))&(~hskp15|(ndr1_0&c3_1(a74)&~c0_1(a74)&~c2_1(a74)))&(~hskp16|(ndr1_0&c0_1(a77)&c3_1(a77)&~c1_1(a77)))&(~hskp17|(ndr1_0&c1_1(a79)&c3_1(a79)&~c2_1(a79)))&(~hskp18|(ndr1_0&c0_1(a82)&c3_1(a82)&~c2_1(a82)))&(~hskp19|(ndr1_0&~c0_1(a83)&~c1_1(a83)&~c2_1(a83)))&(~hskp20|(ndr1_0&c0_1(a90)&c1_1(a90)&~c2_1(a90)))&(~hskp21|(ndr1_0&c0_1(a92)&c2_1(a92)&~c1_1(a92)))&(~hskp22|(ndr1_0&c0_1(a98)&~c1_1(a98)&~c3_1(a98)))&(~hskp23|(ndr1_0&c2_1(a104)&c3_1(a104)&~c0_1(a104)))&(~hskp24|(ndr1_0&c2_1(a116)&~c0_1(a116)&~c3_1(a116)))&(~hskp25|(ndr1_0&c3_1(a117)&~c1_1(a117)&~c2_1(a117)))&(~hskp26|(ndr1_0&c1_1(a66)&c2_1(a66)&c3_1(a66)))&(~hskp27|(ndr1_0&c0_1(a87)&c2_1(a87)&c3_1(a87)))&(~hskp28|(ndr1_0&c0_1(a96)&c1_1(a96)&c3_1(a96)))&(~hskp29|(ndr1_0&c0_1(a103)&c1_1(a103)&c2_1(a103)))&(![U]:(ndr1_0=>(c0_1(U)|c1_1(U)|c2_1(U)))|hskp0|hskp1)&(![V]:(ndr1_0=>(c0_1(V)|c1_1(V)|c2_1(V)))|hskp2|hskp3)&(![W]:(ndr1_0=>(c0_1(W)|c1_1(W)|c3_1(W)))|![X]:(ndr1_0=>(c2_1(X)|~c0_1(X)|~c3_1(X)))|![Y]:(ndr1_0=>(c3_1(Y)|~c1_1(Y)|~c2_1(Y))))&(![Z]:(ndr1_0=>(c0_1(Z)|c1_1(Z)|c3_1(Z)))|![X1]:(ndr1_0=>(c3_1(X1)|~c0_1(X1)|~c1_1(X1)))|hskp4)&(![X2]:(ndr1_0=>(c0_1(X2)|c1_1(X2)|~c2_1(X2)))|![X3]:(ndr1_0=>(c0_1(X3)|~c2_1(X3)|~c3_1(X3)))|![X4]:(ndr1_0=>(c1_1(X4)|c3_1(X4)|~c0_1(X4))))&(![X5]:(ndr1_0=>(c0_1(X5)|c1_1(X5)|~c3_1(X5)))|![X6]:(ndr1_0=>(c1_1(X6)|c3_1(X6)|~c2_1(X6)))|hskp5)&(![X7]:(ndr1_0=>(c0_1(X7)|c2_1(X7)|c3_1(X7)))|![X8]:(ndr1_0=>(c2_1(X8)|~c0_1(X8)|~c3_1(X8)))|hskp6)&(![X9]:(ndr1_0=>(c0_1(X9)|c2_1(X9)|~c1_1(X9)))|![X10]:(ndr1_0=>(c0_1(X10)|c3_1(X10)|~c1_1(X10)))|![X11]:(ndr1_0=>(c0_1(X11)|~c1_1(X11)|~c2_1(X11))))&(![X12]:(ndr1_0=>(c0_1(X12)|c2_1(X12)|~c1_1(X12)))|![X13]:(ndr1_0=>(~c0_1(X13)|~c1_1(X13)|~c2_1(X13)))|![X14]:(ndr1_0=>(~c0_1(X14)|~c1_1(X14)|~c3_1(X14))))&(![X15]:(ndr1_0=>(c0_1(X15)|c2_1(X15)|~c1_1(X15)))|hskp7|hskp8)&(![X16]:(ndr1_0=>(c0_1(X16)|c2_1(X16)|~c1_1(X16)))|hskp9|hskp5)&(![X17]:(ndr1_0=>(c0_1(X17)|c2_1(X17)|~c1_1(X17)))|hskp26|hskp10)&(![X18]:(ndr1_0=>(c0_1(X18)|c3_1(X18)|~c1_1(X18)))|![X19]:(ndr1_0=>(c1_1(X19)|c2_1(X19)|~c0_1(X19)))|![X20]:(ndr1_0=>(~c0_1(X20)|~c2_1(X20)|~c3_1(X20))))&(![X21]:(ndr1_0=>(c0_1(X21)|c3_1(X21)|~c1_1(X21)))|![X22]:(ndr1_0=>(c1_1(X22)|c3_1(X22)|~c0_1(X22)))|hskp0)&(![X23]:(ndr1_0=>(c0_1(X23)|c3_1(X23)|~c1_1(X23)))|hskp11|hskp12)&(![X24]:(ndr1_0=>(c0_1(X24)|c3_1(X24)|~c2_1(X24)))|![X25]:(ndr1_0=>(c1_1(X25)|~c0_1(X25)|~c3_1(X25)))|hskp13)&(![X26]:(ndr1_0=>(c0_1(X26)|c3_1(X26)|~c2_1(X26)))|![X27]:(ndr1_0=>(c2_1(X27)|c3_1(X27)|~c0_1(X27)))|hskp4)&(![X28]:(ndr1_0=>(c0_1(X28)|c3_1(X28)|~c2_1(X28)))|![X29]:(ndr1_0=>(c2_1(X29)|~c1_1(X29)|~c3_1(X29)))|hskp14)&(![X30]:(ndr1_0=>(c0_1(X30)|c3_1(X30)|~c2_1(X30)))|![X31]:(ndr1_0=>(~c0_1(X31)|~c2_1(X31)|~c3_1(X31)))|hskp15)&(![X32]:(ndr1_0=>(c0_1(X32)|~c1_1(X32)|~c2_1(X32)))|![X33]:(ndr1_0=>(c2_1(X33)|c3_1(X33)|~c1_1(X33)))|hskp0)&(![X34]:(ndr1_0=>(c0_1(X34)|~c1_1(X34)|~c2_1(X34)))|![X35]:(ndr1_0=>(c2_1(X35)|~c0_1(X35)|~c3_1(X35)))|hskp11)&(![X36]:(ndr1_0=>(c0_1(X36)|~c1_1(X36)|~c3_1(X36)))|![X37]:(ndr1_0=>(c1_1(X37)|c2_1(X37)|~c3_1(X37)))|![X38]:(ndr1_0=>(c2_1(X38)|~c0_1(X38)|~c3_1(X38))))&(![X39]:(ndr1_0=>(c0_1(X39)|~c2_1(X39)|~c3_1(X39)))|hskp16|hskp12)&(![X40]:(ndr1_0=>(c0_1(X40)|~c2_1(X40)|~c3_1(X40)))|hskp17|hskp14)&(![X41]:(ndr1_0=>(c1_1(X41)|c2_1(X41)|c3_1(X41)))|![X42]:(ndr1_0=>(c3_1(X42)|~c0_1(X42)|~c2_1(X42)))|hskp3)&(![X43]:(ndr1_0=>(c1_1(X43)|c2_1(X43)|~c0_1(X43)))|hskp18|hskp19)&(![X44]:(ndr1_0=>(c1_1(X44)|c2_1(X44)|~c0_1(X44)))|hskp11|hskp12)&(![X45]:(ndr1_0=>(c1_1(X45)|c2_1(X45)|~c3_1(X45)))|![X46]:(ndr1_0=>(~c0_1(X46)|~c1_1(X46)|~c2_1(X46)))|hskp10)&(![X47]:(ndr1_0=>(c1_1(X47)|c2_1(X47)|~c3_1(X47)))|hskp27)&(![X48]:(ndr1_0=>(c1_1(X48)|c2_1(X48)|~c3_1(X48)))|hskp5|hskp1)&(![X49]:(ndr1_0=>(c1_1(X49)|c3_1(X49)|~c2_1(X49)))|![X50]:(ndr1_0=>(c2_1(X50)|~c0_1(X50)|~c3_1(X50)))|hskp20)&(![X51]:(ndr1_0=>(c1_1(X51)|c3_1(X51)|~c2_1(X51)))|![X52]:(ndr1_0=>(c3_1(X52)|~c0_1(X52)|~c1_1(X52)))|hskp17)&(![X53]:(ndr1_0=>(c1_1(X53)|c3_1(X53)|~c2_1(X53)))|hskp21|hskp26)&(![X54]:(ndr1_0=>(c1_1(X54)|~c0_1(X54)|~c2_1(X54)))|![X55]:(ndr1_0=>(c2_1(X55)|~c1_1(X55)|~c3_1(X55)))|![X56]:(ndr1_0=>(c3_1(X56)|~c0_1(X56)|~c2_1(X56))))&(![X57]:(ndr1_0=>(c1_1(X57)|~c0_1(X57)|~c2_1(X57)))|![X58]:(ndr1_0=>(c3_1(X58)|~c0_1(X58)|~c1_1(X58)))|hskp15)&(![X59]:(ndr1_0=>(c1_1(X59)|~c0_1(X59)|~c3_1(X59)))|![X60]:(ndr1_0=>(c2_1(X60)|c3_1(X60)|~c0_1(X60)))|hskp2)&(![X61]:(ndr1_0=>(c1_1(X61)|~c0_1(X61)|~c3_1(X61)))|hskp28|hskp27)&(![X62]:(ndr1_0=>(c1_1(X62)|~c0_1(X62)|~c3_1(X62)))|hskp22|hskp10)&(![X63]:(ndr1_0=>(c1_1(X63)|~c2_1(X63)|~c3_1(X63)))|![X64]:(ndr1_0=>(c2_1(X64)|~c1_1(X64)|~c3_1(X64)))|![X65]:(ndr1_0=>(~c0_1(X65)|~c2_1(X65)|~c3_1(X65))))&(![X66]:(ndr1_0=>(c1_1(X66)|~c2_1(X66)|~c3_1(X66)))|![X67]:(ndr1_0=>(~c0_1(X67)|~c1_1(X67)|~c3_1(X67)))|hskp0)&(![X68]:(ndr1_0=>(c1_1(X68)|~c2_1(X68)|~c3_1(X68)))|hskp7|hskp17)&(hskp29|hskp23|hskp3)&(hskp28|hskp16|hskp15)&(hskp28|hskp17|hskp4)&(hskp21|hskp12|hskp19)&(hskp22|hskp24|hskp25)&(hskp26|hskp3|hskp13)&(hskp17|hskp3|hskp14)))			
../../TPTP-v7.3.0/Problems/SYN/SYN514-1.p		Satisfiable	UNKNOWN		UNKNOWN		cnf					
../../TPTP-v7.3.0/Problems/SYN/SYN636-1.p		Unsatisfiable	UNKNOWN		UNKNOWN		cnf					
../../TPTP-v7.3.0/Problems/SYN/SYN116-1.p		Unsatisfiable	UNKNOWN		UNKNOWN		cnf					
../../TPTP-v7.3.0/Problems/SYN/SYN530-1.p		Satisfiable	UNKNOWN		UNKNOWN		cnf					
../../TPTP-v7.3.0/Problems/SYN/SYN009-4.p		Unsatisfiable	UNKNOWN		UNKNOWN		cnf					
../../TPTP-v7.3.0/Problems/SYN/SYN296-1.p		Unsatisfiable	UNKNOWN		UNKNOWN		cnf					
../../TPTP-v7.3.0/Problems/SYN/SYN847-1.p		Unsatisfiable	UNKNOWN		UNKNOWN		cnf					
../../TPTP-v7.3.0/Problems/SYN/SYN538+1.p		CounterSatisfiable	UNKNOWN		UNKNOWN		fof		(~(((ndr1_0&c2_1(a546)&ndr1_1(a546)&c2_2(a546,a547)&c5_2(a546,a547)&~c4_2(a546,a547))|![U]:(ndr1_0=>((ndr1_1(U)&~c1_2(U,a548)&c5_2(U,a548)&c2_2(U,a548))|(ndr1_1(U)&c5_2(U,a549)&c2_2(U,a549)&~c4_2(U,a549))|![V]:(ndr1_1(U)=>(c1_2(U,V)|~c5_2(U,V)))))|![W]:(ndr1_0=>(~c1_1(W)|c2_1(W)|![X]:(ndr1_1(W)=>(~c2_2(W,X)|~c3_2(W,X))))))&(~c4_0|~c2_0)&(c3_0|~c4_0|(ndr1_0&~c5_1(a550)))&(c1_0|c4_0)&(![Y]:(ndr1_0=>(~c3_1(Y)|~c4_1(Y)))|(ndr1_0&~c1_1(a551)&![Z]:(ndr1_1(a551)=>(~c4_2(a551,Z)|c1_2(a551,Z)|~c3_2(a551,Z)))&![X1]:(ndr1_1(a551)=>(c5_2(a551,X1)|~c2_2(a551,X1)|c4_2(a551,X1))))|~c4_0)&(![X2]:(ndr1_0=>(c4_1(X2)|~c3_1(X2)|![X3]:(ndr1_1(X2)=>(c4_2(X2,X3)|c1_2(X2,X3)|~c3_2(X2,X3)))))|(ndr1_0&ndr1_1(a552)&c2_2(a552,a553)&~c3_2(a552,a553)&c1_2(a552,a553)&ndr1_1(a552)&~c2_2(a552,a554)&~c4_2(a552,a554)))&(c5_0|c1_0|![X4]:(ndr1_0=>((ndr1_1(X4)&~c5_2(X4,a555)&~c1_2(X4,a555)&~c4_2(X4,a555))|c5_1(X4)|~c3_1(X4))))&(~c3_0|c1_0|![X5]:(ndr1_0=>(c4_1(X5)|c1_1(X5)|~c3_1(X5))))&(![X6]:(ndr1_0=>(~c5_1(X6)|![X7]:(ndr1_1(X6)=>(c1_2(X6,X7)|~c3_2(X6,X7)|c2_2(X6,X7)))|c3_1(X6)))|~c2_0|c1_0)&(c5_0|(ndr1_0&~c4_1(a556)&c5_1(a556))|![X8]:(ndr1_0=>((ndr1_1(X8)&c1_2(X8,a557)&~c3_2(X8,a557))|c2_1(X8)|(ndr1_1(X8)&~c5_2(X8,a558)&~c3_2(X8,a558)&c2_2(X8,a558)))))&(c2_0|![X9]:(ndr1_0=>((ndr1_1(X9)&~c1_2(X9,a559)&c3_2(X9,a559)&c4_2(X9,a559))|![X10]:(ndr1_1(X9)=>(~c2_2(X9,X10)|c1_2(X9,X10)))|![X11]:(ndr1_1(X9)=>(c2_2(X9,X11)|c5_2(X9,X11)|~c3_2(X9,X11)))))|![X12]:(ndr1_0=>(~c4_1(X12)|(ndr1_1(X12)&c5_2(X12,a560)&c3_2(X12,a560))|~c3_1(X12))))&((ndr1_0&~c1_1(a561)&![X13]:(ndr1_1(a561)=>(~c5_2(a561,X13)|~c4_2(a561,X13)|~c2_2(a561,X13))))|![X14]:(ndr1_0=>((ndr1_1(X14)&c2_2(X14,a562)&c5_2(X14,a562)&~c4_2(X14,a562))|(ndr1_1(X14)&c1_2(X14,a563)&~c2_2(X14,a563)&c4_2(X14,a563))|c3_1(X14)))|(ndr1_0&~c3_1(a564)&~c1_1(a564)))&(c5_0|c4_0|~c3_0)&(c5_0|![X15]:(ndr1_0=>(~c1_1(X15)|![X16]:(ndr1_1(X15)=>(~c5_2(X15,X16)|c1_2(X15,X16)|~c4_2(X15,X16)))|c2_1(X15))))&(![X17]:(ndr1_0=>(c5_1(X17)|~c4_1(X17)|![X18]:(ndr1_1(X17)=>(c3_2(X17,X18)|~c2_2(X17,X18)|c1_2(X17,X18)))))|~c3_0)&(~c5_0|~c3_0|(ndr1_0&~c1_1(a565)&![X19]:(ndr1_1(a565)=>(~c1_2(a565,X19)|~c2_2(a565,X19)))))&(![X20]:(ndr1_0=>(![X21]:(ndr1_1(X20)=>(~c4_2(X20,X21)|~c2_2(X20,X21)|c3_2(X20,X21)))|(ndr1_1(X20)&~c2_2(X20,a566)&~c3_2(X20,a566)&c4_2(X20,a566))|~c1_1(X20)))|![X22]:(ndr1_0=>(~c5_1(X22)|~c2_1(X22))))&((ndr1_0&c1_1(a567)&ndr1_1(a567)&~c1_2(a567,a568)&c4_2(a567,a568)&c2_1(a567))|(ndr1_0&~c1_1(a569)&~c2_1(a569)&![X23]:(ndr1_1(a569)=>(~c2_2(a569,X23)|c3_2(a569,X23))))|c5_0)&(![X24]:(ndr1_0=>((ndr1_1(X24)&~c2_2(X24,a570)&~c3_2(X24,a570)&~c4_2(X24,a570))|~c5_1(X24)|![X25]:(ndr1_1(X24)=>(~c5_2(X24,X25)|c2_2(X24,X25)))))|c5_0|~c2_0)&((ndr1_0&ndr1_1(a571)&~c3_2(a571,a572)&~c1_2(a571,a572)&c5_2(a571,a572)&ndr1_1(a571)&c3_2(a571,a573)&~c4_2(a571,a573)&c1_2(a571,a573)&c1_1(a571))|![X26]:(ndr1_0=>(~c2_1(X26)|c1_1(X26)|~c4_1(X26)))|~c2_0)&((ndr1_0&![X27]:(ndr1_1(a574)=>(c4_2(a574,X27)|~c1_2(a574,X27)|c3_2(a574,X27)))&c5_1(a574)&~c1_1(a574))|c5_0|![X28]:(ndr1_0=>(~c5_1(X28)|![X29]:(ndr1_1(X28)=>(c2_2(X28,X29)|~c1_2(X28,X29)|~c3_2(X28,X29)))|c2_1(X28))))&(![X30]:(ndr1_0=>(![X31]:(ndr1_1(X30)=>(c3_2(X30,X31)|~c4_2(X30,X31)|c1_2(X30,X31)))|![X32]:(ndr1_1(X30)=>(c2_2(X30,X32)|c4_2(X30,X32)))|c5_1(X30)))|c4_0|c1_0)&(![X33]:(ndr1_0=>((ndr1_1(X33)&~c3_2(X33,a575)&c2_2(X33,a575)&c1_2(X33,a575))|~c4_1(X33)|c2_1(X33)))|![X34]:(ndr1_0=>(~c3_1(X34)|c4_1(X34))))&(c3_0|~c2_0|c1_0)&(c2_0|![X35]:(ndr1_0=>~c2_1(X35)))&(![X36]:(ndr1_0=>((ndr1_1(X36)&~c5_2(X36,a576)&c2_2(X36,a576))|~c2_1(X36)|c3_1(X36)))|(ndr1_0&c1_1(a577)&c4_1(a577))|c1_0)&(~c4_0|(ndr1_0&~c2_1(a578)&![X37]:(ndr1_1(a578)=>(c4_2(a578,X37)|~c5_2(a578,X37)))&c5_1(a578))|c3_0)&(![X38]:(ndr1_0=>(![X39]:(ndr1_1(X38)=>(~c1_2(X38,X39)|c5_2(X38,X39)))|c5_1(X38)|~c4_1(X38)))|![X40]:(ndr1_0=>~c3_1(X40))|![X41]:(ndr1_0=>(~c3_1(X41)|(ndr1_1(X41)&c3_2(X41,a579)&~c2_2(X41,a579))|(ndr1_1(X41)&~c1_2(X41,a580)&c2_2(X41,a580)))))&(![X42]:(ndr1_0=>(~c2_1(X42)|~c4_1(X42)|c3_1(X42)))|c3_0)&(![X43]:(ndr1_0=>(c4_1(X43)|c5_1(X43)|![X44]:(ndr1_1(X43)=>(~c1_2(X43,X44)|c4_2(X43,X44)|~c5_2(X43,X44)))))|~c2_0|(ndr1_0&c3_1(a581)&~c2_1(a581)&ndr1_1(a581)&~c2_2(a581,a582)&c5_2(a581,a582)&c1_2(a581,a582)))&(c4_0|(ndr1_0&~c4_1(a583)&c3_1(a583)&c5_1(a583))|(ndr1_0&~c2_1(a584)&~c5_1(a584)))&(~c4_0|(ndr1_0&c2_1(a585)&~c1_1(a585)&c5_1(a585))|~c1_0)&(~c1_0|c3_0)&(![X45]:(ndr1_0=>(c4_1(X45)|c1_1(X45)|c5_1(X45)))|~c3_0|![X46]:(ndr1_0=>((ndr1_1(X46)&~c4_2(X46,a586)&~c1_2(X46,a586)&c5_2(X46,a586))|~c5_1(X46)|![X47]:(ndr1_1(X46)=>(c3_2(X46,X47)|~c5_2(X46,X47))))))))			
../../TPTP-v7.3.0/Problems/SYN/SYN442-1.p		Unsatisfiable	UNKNOWN		UNKNOWN		cnf					
../../TPTP-v7.3.0/Problems/SYN/SYN693-1.p		Unsatisfiable	UNKNOWN		UNKNOWN		cnf					
../../TPTP-v7.3.0/Problems/SYN/SYN480+1.p		Theorem	UNKNOWN		UNKNOWN		fof		(~((~hskp0|(ndr1_0&c1_1(a1533)&~c0_1(a1533)&~c3_1(a1533)))&(~hskp1|(ndr1_0&c0_1(a1534)&c2_1(a1534)&~c3_1(a1534)))&(~hskp2|(ndr1_0&c3_1(a1535)&~c1_1(a1535)&~c2_1(a1535)))&(~hskp3|(ndr1_0&c1_1(a1536)&~c0_1(a1536)&~c2_1(a1536)))&(~hskp4|(ndr1_0&~c1_1(a1538)&~c2_1(a1538)&~c3_1(a1538)))&(~hskp5|(ndr1_0&c1_1(a1539)&c3_1(a1539)&~c0_1(a1539)))&(~hskp6|(ndr1_0&c0_1(a1543)&~c1_1(a1543)&~c2_1(a1543)))&(~hskp7|(ndr1_0&c2_1(a1545)&~c0_1(a1545)&~c3_1(a1545)))&(~hskp8|(ndr1_0&c0_1(a1547)&c1_1(a1547)&~c3_1(a1547)))&(~hskp9|(ndr1_0&~c0_1(a1548)&~c1_1(a1548)&~c3_1(a1548)))&(~hskp10|(ndr1_0&c0_1(a1549)&c3_1(a1549)&~c1_1(a1549)))&(~hskp11|(ndr1_0&c0_1(a1553)&c2_1(a1553)&~c1_1(a1553)))&(~hskp12|(ndr1_0&c1_1(a1554)&c2_1(a1554)&~c0_1(a1554)))&(~hskp13|(ndr1_0&c1_1(a1556)&c2_1(a1556)&~c3_1(a1556)))&(~hskp14|(ndr1_0&c0_1(a1558)&c1_1(a1558)&~c2_1(a1558)))&(~hskp15|(ndr1_0&c1_1(a1565)&~c2_1(a1565)&~c3_1(a1565)))&(~hskp16|(ndr1_0&c2_1(a1566)&c3_1(a1566)&~c1_1(a1566)))&(~hskp17|(ndr1_0&c3_1(a1570)&~c0_1(a1570)&~c1_1(a1570)))&(~hskp18|(ndr1_0&c2_1(a1572)&c3_1(a1572)&~c0_1(a1572)))&(~hskp19|(ndr1_0&c0_1(a1573)&~c1_1(a1573)&~c3_1(a1573)))&(~hskp20|(ndr1_0&c1_1(a1574)&c3_1(a1574)&~c2_1(a1574)))&(~hskp21|(ndr1_0&c2_1(a1575)&~c0_1(a1575)&~c1_1(a1575)))&(~hskp22|(ndr1_0&c2_1(a1581)&~c1_1(a1581)&~c3_1(a1581)))&(~hskp23|(ndr1_0&c0_1(a1593)&c3_1(a1593)&~c2_1(a1593)))&(~hskp24|(ndr1_0&c0_1(a1600)&~c2_1(a1600)&~c3_1(a1600)))&(~hskp25|(ndr1_0&c3_1(a1612)&~c0_1(a1612)&~c2_1(a1612)))&(~hskp26|(ndr1_0&~c0_1(a1624)&~c2_1(a1624)&~c3_1(a1624)))&(~hskp27|(ndr1_0&~c0_1(a1632)&~c1_1(a1632)&~c2_1(a1632)))&(~hskp28|(ndr1_0&c1_1(a1542)&c2_1(a1542)&c3_1(a1542)))&(~hskp29|(ndr1_0&c0_1(a1544)&c1_1(a1544)&c2_1(a1544)))&(~hskp30|(ndr1_0&c0_1(a1546)&c1_1(a1546)&c3_1(a1546)))&(~hskp31|(ndr1_0&c0_1(a1562)&c2_1(a1562)&c3_1(a1562)))&(![U]:(ndr1_0=>(c0_1(U)|c1_1(U)|c2_1(U)))|![V]:(ndr1_0=>(c0_1(V)|c3_1(V)|~c2_1(V)))|![W]:(ndr1_0=>(~c0_1(W)|~c1_1(W)|~c2_1(W))))&(![X]:(ndr1_0=>(c0_1(X)|c1_1(X)|c2_1(X)))|![Y]:(ndr1_0=>(c1_1(Y)|~c2_1(Y)|~c3_1(Y)))|hskp0)&(![Z]:(ndr1_0=>(c0_1(Z)|c1_1(Z)|c2_1(Z)))|hskp1|hskp2)&(![X1]:(ndr1_0=>(c0_1(X1)|c1_1(X1)|c2_1(X1)))|hskp3|hskp0)&(![X2]:(ndr1_0=>(c0_1(X2)|c1_1(X2)|c3_1(X2)))|![X3]:(ndr1_0=>(c0_1(X3)|~c2_1(X3)|~c3_1(X3)))|hskp4)&(![X4]:(ndr1_0=>(c0_1(X4)|c1_1(X4)|c3_1(X4)))|![X5]:(ndr1_0=>(c3_1(X5)|~c0_1(X5)|~c1_1(X5)))|hskp5)&(![X6]:(ndr1_0=>(c0_1(X6)|c1_1(X6)|c3_1(X6)))|![X7]:(ndr1_0=>(~c0_1(X7)|~c1_1(X7)|~c3_1(X7)))|hskp3)&(![X8]:(ndr1_0=>(c0_1(X8)|c1_1(X8)|~c2_1(X8)))|![X9]:(ndr1_0=>(c1_1(X9)|c2_1(X9)|c3_1(X9)))|hskp4)&(![X10]:(ndr1_0=>(c0_1(X10)|c1_1(X10)|~c2_1(X10)))|![X11]:(ndr1_0=>(c2_1(X11)|~c1_1(X11)|~c3_1(X11)))|hskp28)&(![X12]:(ndr1_0=>(c0_1(X12)|c1_1(X12)|~c3_1(X12)))|![X13]:(ndr1_0=>(c1_1(X13)|c2_1(X13)|c3_1(X13)))|![X14]:(ndr1_0=>(~c0_1(X14)|~c1_1(X14)|~c2_1(X14))))&(![X15]:(ndr1_0=>(c0_1(X15)|c1_1(X15)|~c3_1(X15)))|![X16]:(ndr1_0=>(c1_1(X16)|c2_1(X16)|~c0_1(X16)))|![X17]:(ndr1_0=>(c1_1(X17)|~c0_1(X17)|~c2_1(X17))))&(![X18]:(ndr1_0=>(c0_1(X18)|c1_1(X18)|~c3_1(X18)))|![X19]:(ndr1_0=>(c3_1(X19)|~c0_1(X19)|~c1_1(X19)))|![X20]:(ndr1_0=>(c3_1(X20)|~c0_1(X20)|~c2_1(X20))))&(![X21]:(ndr1_0=>(c0_1(X21)|c2_1(X21)|c3_1(X21)))|![X22]:(ndr1_0=>(c0_1(X22)|c2_1(X22)|~c3_1(X22)))|hskp6)&(![X23]:(ndr1_0=>(c0_1(X23)|c2_1(X23)|c3_1(X23)))|![X24]:(ndr1_0=>(c0_1(X24)|c3_1(X24)|~c2_1(X24)))|![X25]:(ndr1_0=>(c1_1(X25)|c3_1(X25)|~c0_1(X25))))&(![X26]:(ndr1_0=>(c0_1(X26)|c2_1(X26)|c3_1(X26)))|![X27]:(ndr1_0=>(c0_1(X27)|~c1_1(X27)|~c3_1(X27)))|hskp29)&(![X28]:(ndr1_0=>(c0_1(X28)|c2_1(X28)|c3_1(X28)))|![X29]:(ndr1_0=>(c1_1(X29)|c3_1(X29)|~c0_1(X29)))|![X30]:(ndr1_0=>(c2_1(X30)|c3_1(X30)|~c0_1(X30))))&(![X31]:(ndr1_0=>(c0_1(X31)|c2_1(X31)|c3_1(X31)))|![X32]:(ndr1_0=>(c2_1(X32)|~c0_1(X32)|~c3_1(X32)))|hskp7)&(![X33]:(ndr1_0=>(c0_1(X33)|c2_1(X33)|c3_1(X33)))|hskp30|hskp8)&(![X34]:(ndr1_0=>(c0_1(X34)|c2_1(X34)|~c1_1(X34)))|![X35]:(ndr1_0=>(c0_1(X35)|c2_1(X35)|~c3_1(X35)))|![X36]:(ndr1_0=>(~c1_1(X36)|~c2_1(X36)|~c3_1(X36))))&(![X37]:(ndr1_0=>(c0_1(X37)|c2_1(X37)|~c1_1(X37)))|![X38]:(ndr1_0=>(c1_1(X38)|c3_1(X38)|~c2_1(X38)))|hskp9)&(![X39]:(ndr1_0=>(c0_1(X39)|c2_1(X39)|~c1_1(X39)))|hskp10|hskp4)&(![X40]:(ndr1_0=>(c0_1(X40)|c2_1(X40)|~c3_1(X40)))|![X41]:(ndr1_0=>(c1_1(X41)|c2_1(X41)|~c0_1(X41)))|hskp3)&(![X42]:(ndr1_0=>(c0_1(X42)|c2_1(X42)|~c3_1(X42)))|![X43]:(ndr1_0=>(~c0_1(X43)|~c2_1(X43)|~c3_1(X43)))|hskp4)&(![X44]:(ndr1_0=>(c0_1(X44)|c2_1(X44)|~c3_1(X44)))|![X45]:(ndr1_0=>(~c1_1(X45)|~c2_1(X45)|~c3_1(X45)))|hskp11)&(![X46]:(ndr1_0=>(c0_1(X46)|c2_1(X46)|~c3_1(X46)))|hskp12|hskp3)&(![X47]:(ndr1_0=>(c0_1(X47)|c3_1(X47)|~c1_1(X47)))|![X48]:(ndr1_0=>(c2_1(X48)|~c0_1(X48)|~c3_1(X48)))|hskp13)&(![X49]:(ndr1_0=>(c0_1(X49)|~c1_1(X49)|~c2_1(X49)))|![X50]:(ndr1_0=>(c0_1(X50)|~c2_1(X50)|~c3_1(X50)))|![X51]:(ndr1_0=>(c1_1(X51)|~c0_1(X51)|~c3_1(X51))))&(![X52]:(ndr1_0=>(c0_1(X52)|~c1_1(X52)|~c2_1(X52)))|![X53]:(ndr1_0=>(c1_1(X53)|~c0_1(X53)|~c2_1(X53)))|hskp2)&(![X54]:(ndr1_0=>(c0_1(X54)|~c1_1(X54)|~c2_1(X54)))|![X55]:(ndr1_0=>(c2_1(X55)|c3_1(X55)|~c1_1(X55)))|hskp14)&(![X56]:(ndr1_0=>(c0_1(X56)|~c1_1(X56)|~c2_1(X56)))|![X57]:(ndr1_0=>(c2_1(X57)|~c0_1(X57)|~c1_1(X57)))|hskp10)&(![X58]:(ndr1_0=>(c0_1(X58)|~c1_1(X58)|~c2_1(X58)))|hskp14|hskp5)&(![X59]:(ndr1_0=>(c0_1(X59)|~c1_1(X59)|~c3_1(X59)))|![X60]:(ndr1_0=>(c1_1(X60)|c3_1(X60)|~c0_1(X60)))|hskp31)&(![X61]:(ndr1_0=>(c0_1(X61)|~c1_1(X61)|~c3_1(X61)))|hskp1|hskp28)&(![X62]:(ndr1_0=>(c0_1(X62)|~c2_1(X62)|~c3_1(X62)))|![X63]:(ndr1_0=>(c1_1(X63)|c2_1(X63)|~c3_1(X63)))|![X64]:(ndr1_0=>(c2_1(X64)|~c0_1(X64)|~c3_1(X64))))&(![X65]:(ndr1_0=>(c1_1(X65)|c2_1(X65)|c3_1(X65)))|![X66]:(ndr1_0=>(~c0_1(X66)|~c2_1(X66)|~c3_1(X66)))|hskp15)&(![X67]:(ndr1_0=>(c1_1(X67)|c2_1(X67)|~c0_1(X67)))|![X68]:(ndr1_0=>(c2_1(X68)|c3_1(X68)|~c1_1(X68)))|hskp16)&(![X69]:(ndr1_0=>(c1_1(X69)|c2_1(X69)|~c0_1(X69)))|hskp11|hskp1)&(![X70]:(ndr1_0=>(c1_1(X70)|c2_1(X70)|~c3_1(X70)))|![X71]:(ndr1_0=>(~c0_1(X71)|~c2_1(X71)|~c3_1(X71)))|hskp6)&(![X72]:(ndr1_0=>(c1_1(X72)|c3_1(X72)|~c0_1(X72)))|![X73]:(ndr1_0=>(c1_1(X73)|~c0_1(X73)|~c2_1(X73)))|![X74]:(ndr1_0=>(~c0_1(X74)|~c1_1(X74)|~c3_1(X74))))&(![X75]:(ndr1_0=>(c1_1(X75)|c3_1(X75)|~c0_1(X75)))|![X76]:(ndr1_0=>(c2_1(X76)|~c0_1(X76)|~c3_1(X76)))|hskp17)&(![X77]:(ndr1_0=>(c1_1(X77)|c3_1(X77)|~c2_1(X77)))|hskp8|hskp18)&(![X78]:(ndr1_0=>(c1_1(X78)|~c0_1(X78)|~c2_1(X78)))|![X79]:(ndr1_0=>(c2_1(X79)|c3_1(X79)|~c0_1(X79)))|hskp19)&(![X80]:(ndr1_0=>(c1_1(X80)|~c0_1(X80)|~c2_1(X80)))|![X81]:(ndr1_0=>(c2_1(X81)|c3_1(X81)|~c1_1(X81)))|hskp20)&(![X82]:(ndr1_0=>(c1_1(X82)|~c0_1(X82)|~c2_1(X82)))|![X83]:(ndr1_0=>(c2_1(X83)|~c0_1(X83)|~c1_1(X83)))|hskp21)&(![X84]:(ndr1_0=>(c1_1(X84)|~c0_1(X84)|~c2_1(X84)))|![X85]:(ndr1_0=>(c3_1(X85)|~c0_1(X85)|~c2_1(X85)))|![X86]:(ndr1_0=>(~c1_1(X86)|~c2_1(X86)|~c3_1(X86))))&(![X87]:(ndr1_0=>(c1_1(X87)|~c0_1(X87)|~c2_1(X87)))|![X88]:(ndr1_0=>(c3_1(X88)|~c1_1(X88)|~c2_1(X88)))|hskp1)&(![X89]:(ndr1_0=>(c1_1(X89)|~c0_1(X89)|~c2_1(X89)))|hskp14|hskp1)&(![X90]:(ndr1_0=>(c1_1(X90)|~c0_1(X90)|~c2_1(X90)))|hskp10|hskp6)&(![X91]:(ndr1_0=>(c1_1(X91)|~c0_1(X91)|~c3_1(X91)))|![X92]:(ndr1_0=>(c2_1(X92)|~c0_1(X92)|~c1_1(X92)))|hskp22)&(![X93]:(ndr1_0=>(c1_1(X93)|~c0_1(X93)|~c3_1(X93)))|![X94]:(ndr1_0=>(c2_1(X94)|~c1_1(X94)|~c3_1(X94)))|hskp14)&(![X95]:(ndr1_0=>(c1_1(X95)|~c0_1(X95)|~c3_1(X95)))|![X96]:(ndr1_0=>(c3_1(X96)|~c1_1(X96)|~c2_1(X96)))|hskp21)&(![X97]:(ndr1_0=>(c1_1(X97)|~c0_1(X97)|~c3_1(X97)))|hskp30|hskp13)&(![X98]:(ndr1_0=>(c1_1(X98)|~c2_1(X98)|~c3_1(X98)))|![X99]:(ndr1_0=>(c2_1(X99)|~c0_1(X99)|~c3_1(X99)))|hskp15)&(![X100]:(ndr1_0=>(c1_1(X100)|~c2_1(X100)|~c3_1(X100)))|![X101]:(ndr1_0=>(c3_1(X101)|~c0_1(X101)|~c2_1(X101)))|hskp19)&(![X102]:(ndr1_0=>(c1_1(X102)|~c2_1(X102)|~c3_1(X102)))|hskp31|hskp3)&(![X103]:(ndr1_0=>(c1_1(X103)|~c2_1(X103)|~c3_1(X103)))|hskp19|hskp3)&(![X104]:(ndr1_0=>(c2_1(X104)|c3_1(X104)|~c0_1(X104)))|hskp8|hskp23)&(![X105]:(ndr1_0=>(c2_1(X105)|c3_1(X105)|~c0_1(X105)))|hskp19|hskp13)&(![X106]:(ndr1_0=>(c2_1(X106)|c3_1(X106)|~c0_1(X106)))|hskp28|hskp15)&(![X107]:(ndr1_0=>(c2_1(X107)|c3_1(X107)|~c1_1(X107)))|![X108]:(ndr1_0=>(~c0_1(X108)|~c1_1(X108)|~c3_1(X108)))|hskp15)&(![X109]:(ndr1_0=>(c2_1(X109)|c3_1(X109)|~c1_1(X109)))|hskp19|hskp24)&(![X110]:(ndr1_0=>(c2_1(X110)|~c1_1(X110)|~c3_1(X110)))|![X111]:(ndr1_0=>(~c0_1(X111)|~c1_1(X111)|~c2_1(X111)))|![X112]:(ndr1_0=>(~c1_1(X112)|~c2_1(X112)|~c3_1(X112))))&(![X113]:(ndr1_0=>(c2_1(X113)|~c1_1(X113)|~c3_1(X113)))|![X114]:(ndr1_0=>(~c0_1(X114)|~c1_1(X114)|~c3_1(X114)))|hskp5)&(![X115]:(ndr1_0=>(c3_1(X115)|~c0_1(X115)|~c1_1(X115)))|![X116]:(ndr1_0=>(~c1_1(X116)|~c2_1(X116)|~c3_1(X116)))|hskp23)&(![X117]:(ndr1_0=>(c3_1(X117)|~c0_1(X117)|~c1_1(X117)))|hskp20|hskp21)&(![X118]:(ndr1_0=>(~c0_1(X118)|~c1_1(X118)|~c2_1(X118)))|hskp31|hskp7)&(![X119]:(ndr1_0=>(~c0_1(X119)|~c1_1(X119)|~c3_1(X119)))|hskp10)&(![X120]:(ndr1_0=>(~c1_1(X120)|~c2_1(X120)|~c3_1(X120)))|hskp14|hskp22)&(hskp29|hskp19|hskp25)&(hskp14|hskp1|hskp4)&(hskp14|hskp20|hskp15)&(hskp31|hskp15|hskp7)&(hskp1|hskp15|hskp26)&(hskp10|hskp12|hskp3)&(hskp23|hskp3|hskp26)&(hskp5|hskp27|hskp9)))			
../../TPTP-v7.3.0/Problems/SYN/SYN415+1.p		Theorem	UNKNOWN		UNKNOWN		fof			found nothing to prove		
../../TPTP-v7.3.0/Problems/SYN/SYN009-3.p		Unsatisfiable	UNKNOWN		UNKNOWN		cnf					
../../TPTP-v7.3.0/Problems/SYN/SYN952+1.p		Theorem	YES	DTS/Alligator/AlexHappy/output/SYN952+1_dts.html	UNKNOWN		fof		(![X]:p(X)=>?[Y]:p(Y))			
../../TPTP-v7.3.0/Problems/SYN/SYN700-1.p		Unsatisfiable	UNKNOWN		UNKNOWN		cnf					
../../TPTP-v7.3.0/Problems/SYN/SYN522-1.p		Satisfiable	UNKNOWN		UNKNOWN		cnf					
../../TPTP-v7.3.0/Problems/SYN/SYN203-1.p		Unsatisfiable	UNKNOWN		UNKNOWN		cnf					
../../TPTP-v7.3.0/Problems/SYN/SYN755-1.p		Unsatisfiable	UNKNOWN		UNKNOWN		cnf					
../../TPTP-v7.3.0/Problems/SYN/SYN547-1.p		Satisfiable	UNKNOWN		UNKNOWN		cnf					
../../TPTP-v7.3.0/Problems/SYN/SYN433+1.p		CounterSatisfiable	UNKNOWN		UNKNOWN		fof		(~((~hskp0|(ndr1_0&c1_1(a197)&~c3_1(a197)&~c0_1(a197)))&(~hskp1|(ndr1_0&c3_1(a198)&c0_1(a198)&~c1_1(a198)))&(~hskp2|(ndr1_0&c2_1(a202)&c0_1(a202)&~c3_1(a202)))&(~hskp3|(ndr1_0&~c2_1(a205)&c0_1(a205)&~c1_1(a205)))&(~hskp4|(ndr1_0&c0_1(a207)&~c3_1(a207)&~c1_1(a207)))&(~hskp5|(ndr1_0&~c3_1(a210)&~c2_1(a210)&~c1_1(a210)))&(~hskp6|(ndr1_0&c2_1(a211)&~c3_1(a211)&~c0_1(a211)))&(~hskp7|(ndr1_0&c1_1(a212)&~c0_1(a212)&~c3_1(a212)))&(~hskp8|(ndr1_0&~c3_1(a213)&c2_1(a213)&~c0_1(a213)))&(~hskp9|(ndr1_0&~c2_1(a215)&~c1_1(a215)&~c0_1(a215)))&(~hskp10|(ndr1_0&~c3_1(a217)&c0_1(a217)&~c1_1(a217)))&(~hskp11|(ndr1_0&~c1_1(a221)&~c2_1(a221)&~c3_1(a221)))&(~hskp12|(ndr1_0&c3_1(a222)&c0_1(a222)&~c2_1(a222)))&(~hskp13|(ndr1_0&~c2_1(a196)&~c0_1(a196)&c3_1(a196)))&(~hskp14|(ndr1_0&~c2_1(a199)&c0_1(a199)&c3_1(a199)))&(~hskp15|(ndr1_0&~c0_1(a200)&c2_1(a200)&c3_1(a200)))&(~hskp16|(ndr1_0&c3_1(a203)&~c1_1(a203)&c0_1(a203)))&(~hskp17|(ndr1_0&c2_1(a204)&~c0_1(a204)&c3_1(a204)))&(~hskp18|(ndr1_0&c1_1(a206)&c3_1(a206)&c0_1(a206)))&(~hskp19|(ndr1_0&c2_1(a208)&c0_1(a208)&c1_1(a208)))&(~hskp20|(ndr1_0&c0_1(a209)&~c2_1(a209)&c1_1(a209)))&(~hskp21|(ndr1_0&c2_1(a214)&~c3_1(a214)&c0_1(a214)))&(~hskp22|(ndr1_0&c2_1(a216)&c3_1(a216)&c0_1(a216)))&(~hskp23|(ndr1_0&c2_1(a218)&c0_1(a218)&c3_1(a218)))&(~hskp24|(ndr1_0&c2_1(a219)&c1_1(a219)&c0_1(a219)))&(~hskp25|(ndr1_0&c1_1(a220)&c2_1(a220)&c0_1(a220)))&(hskp13|![U]:(ndr1_0=>(c3_1(U)|c2_1(U)|c0_1(U)))|hskp0)&(![V]:(ndr1_0=>(c3_1(V)|~c0_1(V)|~c1_1(V)))|![W]:(ndr1_0=>(~c3_1(W)|c2_1(W)|~c1_1(W)))|hskp1)&(![X]:(ndr1_0=>(~c2_1(X)|~c0_1(X)|~c1_1(X)))|![Y]:(ndr1_0=>(c2_1(Y)|c1_1(Y)|~c0_1(Y)))|hskp14)&(![Z]:(ndr1_0=>(c0_1(Z)|c3_1(Z)|c2_1(Z)))|hskp15|![X1]:(ndr1_0=>(~c1_1(X1)|~c0_1(X1)|~c3_1(X1))))&(hskp0|![X2]:(ndr1_0=>(~c3_1(X2)|~c2_1(X2)|c0_1(X2)))|![X3]:(ndr1_0=>(c0_1(X3)|~c3_1(X3)|c2_1(X3))))&(hskp2|hskp16|hskp17)&(![X4]:(ndr1_0=>(c2_1(X4)|c0_1(X4)|c1_1(X4)))|![X5]:(ndr1_0=>(c3_1(X5)|~c0_1(X5)|c1_1(X5)))|![X6]:(ndr1_0=>(c1_1(X6)|c2_1(X6)|c3_1(X6))))&(![X7]:(ndr1_0=>(c3_1(X7)|c0_1(X7)|~c1_1(X7)))|![X8]:(ndr1_0=>(~c2_1(X8)|~c3_1(X8)|~c1_1(X8)))|![X9]:(ndr1_0=>(c1_1(X9)|c3_1(X9)|~c0_1(X9))))&(hskp3|hskp18|hskp4)&(![X10]:(ndr1_0=>(c0_1(X10)|c2_1(X10)|~c1_1(X10)))|![X11]:(ndr1_0=>(~c0_1(X11)|~c2_1(X11)|c1_1(X11)))|hskp19)&(hskp20|hskp5|![X12]:(ndr1_0=>(c2_1(X12)|c3_1(X12)|~c0_1(X12))))&(hskp6|hskp7|![X13]:(ndr1_0=>(c1_1(X13)|~c3_1(X13)|c0_1(X13))))&(![X14]:(ndr1_0=>(c0_1(X14)|c1_1(X14)|~c3_1(X14)))|![X15]:(ndr1_0=>(c0_1(X15)|~c2_1(X15)|c1_1(X15)))|![X16]:(ndr1_0=>(~c0_1(X16)|~c3_1(X16)|~c2_1(X16))))&(hskp8|hskp21|hskp9)&(![X17]:(ndr1_0=>(c2_1(X17)|~c0_1(X17)|c3_1(X17)))|![X18]:(ndr1_0=>(~c0_1(X18)|c1_1(X18)|~c3_1(X18)))|hskp22)&(![X19]:(ndr1_0=>(~c0_1(X19)|~c3_1(X19)|c1_1(X19)))|![X20]:(ndr1_0=>(~c2_1(X20)|~c0_1(X20)|c1_1(X20)))|![X21]:(ndr1_0=>(c1_1(X21)|c3_1(X21)|~c0_1(X21))))&(![X22]:(ndr1_0=>(c0_1(X22)|~c2_1(X22)|c3_1(X22)))|hskp10|![X23]:(ndr1_0=>(c1_1(X23)|~c2_1(X23)|c0_1(X23))))&(hskp23|hskp24|![X24]:(ndr1_0=>(c0_1(X24)|c1_1(X24)|c3_1(X24))))&(hskp25|![X25]:(ndr1_0=>(c1_1(X25)|~c2_1(X25)|~c0_1(X25)))|hskp11)&(![X26]:(ndr1_0=>(c1_1(X26)|c0_1(X26)|c2_1(X26)))|![X27]:(ndr1_0=>(~c2_1(X27)|~c3_1(X27)|~c1_1(X27)))|hskp12)))			
../../TPTP-v7.3.0/Problems/SYN/SYN474+1.p		Theorem	UNKNOWN		UNKNOWN		fof		(~((~hskp0|(ndr1_0&c0_1(a898)&c1_1(a898)&~c2_1(a898)))&(~hskp1|(ndr1_0&c1_1(a899)&c2_1(a899)&~c0_1(a899)))&(~hskp2|(ndr1_0&~c0_1(a901)&~c2_1(a901)&~c3_1(a901)))&(~hskp3|(ndr1_0&c0_1(a903)&c2_1(a903)&~c3_1(a903)))&(~hskp4|(ndr1_0&c2_1(a904)&~c1_1(a904)&~c3_1(a904)))&(~hskp5|(ndr1_0&c1_1(a905)&c3_1(a905)&~c0_1(a905)))&(~hskp6|(ndr1_0&c2_1(a906)&c3_1(a906)&~c1_1(a906)))&(~hskp7|(ndr1_0&c3_1(a907)&~c0_1(a907)&~c1_1(a907)))&(~hskp8|(ndr1_0&c3_1(a908)&~c0_1(a908)&~c2_1(a908)))&(~hskp9|(ndr1_0&~c0_1(a909)&~c1_1(a909)&~c2_1(a909)))&(~hskp10|(ndr1_0&c1_1(a910)&~c0_1(a910)&~c2_1(a910)))&(~hskp11|(ndr1_0&~c1_1(a912)&~c2_1(a912)&~c3_1(a912)))&(~hskp12|(ndr1_0&c0_1(a913)&~c1_1(a913)&~c3_1(a913)))&(~hskp13|(ndr1_0&c3_1(a914)&~c1_1(a914)&~c2_1(a914)))&(~hskp14|(ndr1_0&c0_1(a918)&c3_1(a918)&~c1_1(a918)))&(~hskp15|(ndr1_0&c0_1(a921)&c1_1(a921)&~c3_1(a921)))&(~hskp16|(ndr1_0&c1_1(a923)&c2_1(a923)&~c3_1(a923)))&(~hskp17|(ndr1_0&c1_1(a928)&~c2_1(a928)&~c3_1(a928)))&(~hskp18|(ndr1_0&c0_1(a929)&c2_1(a929)&~c1_1(a929)))&(~hskp19|(ndr1_0&c2_1(a930)&~c0_1(a930)&~c1_1(a930)))&(~hskp20|(ndr1_0&c2_1(a937)&~c0_1(a937)&~c3_1(a937)))&(~hskp21|(ndr1_0&c0_1(a938)&~c2_1(a938)&~c3_1(a938)))&(~hskp22|(ndr1_0&c1_1(a939)&~c0_1(a939)&~c3_1(a939)))&(~hskp23|(ndr1_0&c0_1(a950)&c3_1(a950)&~c2_1(a950)))&(~hskp24|(ndr1_0&c1_1(a953)&c3_1(a953)&~c2_1(a953)))&(~hskp25|(ndr1_0&~c0_1(a958)&~c1_1(a958)&~c3_1(a958)))&(~hskp26|(ndr1_0&c0_1(a969)&~c1_1(a969)&~c2_1(a969)))&(~hskp27|(ndr1_0&c2_1(a978)&c3_1(a978)&~c0_1(a978)))&(~hskp28|(ndr1_0&c0_1(a900)&c2_1(a900)&c3_1(a900)))&(~hskp29|(ndr1_0&c0_1(a911)&c1_1(a911)&c3_1(a911)))&(~hskp30|(ndr1_0&c0_1(a919)&c1_1(a919)&c2_1(a919)))&(~hskp31|(ndr1_0&c1_1(a957)&c2_1(a957)&c3_1(a957)))&(![U]:(ndr1_0=>(c0_1(U)|c1_1(U)|c2_1(U)))|![V]:(ndr1_0=>(c1_1(V)|c3_1(V)|~c2_1(V)))|![W]:(ndr1_0=>(~c0_1(W)|~c2_1(W)|~c3_1(W))))&(![X]:(ndr1_0=>(c0_1(X)|c1_1(X)|c2_1(X)))|hskp0|hskp1)&(![Y]:(ndr1_0=>(c0_1(Y)|c1_1(Y)|c3_1(Y)))|![Z]:(ndr1_0=>(c0_1(Z)|c2_1(Z)|~c3_1(Z)))|![X1]:(ndr1_0=>(c1_1(X1)|c2_1(X1)|~c3_1(X1))))&(![X2]:(ndr1_0=>(c0_1(X2)|c1_1(X2)|c3_1(X2)))|hskp28|hskp2)&(![X3]:(ndr1_0=>(c0_1(X3)|c1_1(X3)|~c2_1(X3)))|![X4]:(ndr1_0=>(c3_1(X4)|~c0_1(X4)|~c1_1(X4)))|hskp1)&(![X5]:(ndr1_0=>(c0_1(X5)|c1_1(X5)|~c3_1(X5)))|![X6]:(ndr1_0=>(c1_1(X6)|~c0_1(X6)|~c2_1(X6)))|hskp3)&(![X7]:(ndr1_0=>(c0_1(X7)|c1_1(X7)|~c3_1(X7)))|![X8]:(ndr1_0=>(c2_1(X8)|~c0_1(X8)|~c3_1(X8)))|hskp4)&(![X9]:(ndr1_0=>(c0_1(X9)|c1_1(X9)|~c3_1(X9)))|hskp5|hskp6)&(![X10]:(ndr1_0=>(c0_1(X10)|c1_1(X10)|~c3_1(X10)))|hskp7|hskp8)&(![X11]:(ndr1_0=>(c0_1(X11)|c2_1(X11)|c3_1(X11)))|![X12]:(ndr1_0=>(c1_1(X12)|c2_1(X12)|c3_1(X12)))|hskp9)&(![X13]:(ndr1_0=>(c0_1(X13)|c2_1(X13)|c3_1(X13)))|![X14]:(ndr1_0=>(c1_1(X14)|~c2_1(X14)|~c3_1(X14)))|![X15]:(ndr1_0=>(c3_1(X15)|~c0_1(X15)|~c2_1(X15))))&(![X16]:(ndr1_0=>(c0_1(X16)|c2_1(X16)|~c1_1(X16)))|![X17]:(ndr1_0=>(c0_1(X17)|~c2_1(X17)|~c3_1(X17)))|![X18]:(ndr1_0=>(c1_1(X18)|c2_1(X18)|c3_1(X18))))&(![X19]:(ndr1_0=>(c0_1(X19)|c2_1(X19)|~c1_1(X19)))|![X20]:(ndr1_0=>(c1_1(X20)|c2_1(X20)|c3_1(X20)))|hskp10)&(![X21]:(ndr1_0=>(c0_1(X21)|c2_1(X21)|~c1_1(X21)))|![X22]:(ndr1_0=>(c3_1(X22)|~c0_1(X22)|~c1_1(X22)))|hskp29)&(![X23]:(ndr1_0=>(c0_1(X23)|c2_1(X23)|~c1_1(X23)))|![X24]:(ndr1_0=>(~c0_1(X24)|~c1_1(X24)|~c3_1(X24)))|hskp11)&(![X25]:(ndr1_0=>(c0_1(X25)|c2_1(X25)|~c1_1(X25)))|hskp12|hskp13)&(![X26]:(ndr1_0=>(c0_1(X26)|c2_1(X26)|~c3_1(X26)))|![X27]:(ndr1_0=>(c1_1(X27)|c3_1(X27)|~c2_1(X27)))|![X28]:(ndr1_0=>(c2_1(X28)|~c1_1(X28)|~c3_1(X28))))&(![X29]:(ndr1_0=>(c0_1(X29)|c2_1(X29)|~c3_1(X29)))|![X30]:(ndr1_0=>(c1_1(X30)|~c0_1(X30)|~c3_1(X30)))|![X31]:(ndr1_0=>(c2_1(X31)|~c0_1(X31)|~c1_1(X31))))&(![X32]:(ndr1_0=>(c0_1(X32)|c2_1(X32)|~c3_1(X32)))|![X33]:(ndr1_0=>(c2_1(X33)|c3_1(X33)|~c1_1(X33)))|hskp8)&(![X34]:(ndr1_0=>(c0_1(X34)|c2_1(X34)|~c3_1(X34)))|![X35]:(ndr1_0=>(c3_1(X35)|~c0_1(X35)|~c1_1(X35)))|hskp4)&(![X36]:(ndr1_0=>(c0_1(X36)|c2_1(X36)|~c3_1(X36)))|![X37]:(ndr1_0=>(c3_1(X37)|~c0_1(X37)|~c2_1(X37)))|hskp12)&(![X38]:(ndr1_0=>(c0_1(X38)|c2_1(X38)|~c3_1(X38)))|![X39]:(ndr1_0=>(c3_1(X39)|~c1_1(X39)|~c2_1(X39)))|hskp14)&(![X40]:(ndr1_0=>(c0_1(X40)|c2_1(X40)|~c3_1(X40)))|hskp30|hskp1)&(![X41]:(ndr1_0=>(c0_1(X41)|c2_1(X41)|~c3_1(X41)))|hskp15|hskp5)&(![X42]:(ndr1_0=>(c0_1(X42)|c2_1(X42)|~c3_1(X42)))|hskp16|hskp9)&(![X43]:(ndr1_0=>(c0_1(X43)|c3_1(X43)|~c1_1(X43)))|![X44]:(ndr1_0=>(c0_1(X44)|~c2_1(X44)|~c3_1(X44)))|![X45]:(ndr1_0=>(c1_1(X45)|c3_1(X45)|~c2_1(X45))))&(![X46]:(ndr1_0=>(c0_1(X46)|c3_1(X46)|~c1_1(X46)))|hskp4|hskp7)&(![X47]:(ndr1_0=>(c0_1(X47)|c3_1(X47)|~c2_1(X47)))|hskp0|hskp17)&(![X48]:(ndr1_0=>(c0_1(X48)|c3_1(X48)|~c2_1(X48)))|hskp18|hskp19)&(![X49]:(ndr1_0=>(c0_1(X49)|~c1_1(X49)|~c2_1(X49)))|![X50]:(ndr1_0=>(c2_1(X50)|c3_1(X50)|~c0_1(X50)))|hskp14)&(![X51]:(ndr1_0=>(c0_1(X51)|~c1_1(X51)|~c2_1(X51)))|![X52]:(ndr1_0=>(c3_1(X52)|~c0_1(X52)|~c2_1(X52)))|hskp15)&(![X53]:(ndr1_0=>(c0_1(X53)|~c1_1(X53)|~c2_1(X53)))|![X54]:(ndr1_0=>(~c0_1(X54)|~c1_1(X54)|~c3_1(X54)))|hskp9)&(![X55]:(ndr1_0=>(c0_1(X55)|~c1_1(X55)|~c3_1(X55)))|![X56]:(ndr1_0=>(c3_1(X56)|~c0_1(X56)|~c2_1(X56)))|hskp14)&(![X57]:(ndr1_0=>(c0_1(X57)|~c1_1(X57)|~c3_1(X57)))|hskp12|hskp10)&(![X58]:(ndr1_0=>(c0_1(X58)|~c2_1(X58)|~c3_1(X58)))|![X59]:(ndr1_0=>(c1_1(X59)|c2_1(X59)|~c3_1(X59)))|![X60]:(ndr1_0=>(c2_1(X60)|c3_1(X60)|~c1_1(X60))))&(![X61]:(ndr1_0=>(c1_1(X61)|c2_1(X61)|c3_1(X61)))|![X62]:(ndr1_0=>(c3_1(X62)|~c0_1(X62)|~c2_1(X62)))|hskp20)&(![X63]:(ndr1_0=>(c1_1(X63)|c2_1(X63)|c3_1(X63)))|![X64]:(ndr1_0=>(~c0_1(X64)|~c1_1(X64)|~c2_1(X64)))|hskp21)&(![X65]:(ndr1_0=>(c1_1(X65)|c2_1(X65)|~c0_1(X65)))|![X66]:(ndr1_0=>(c1_1(X66)|~c2_1(X66)|~c3_1(X66)))|hskp22)&(![X67]:(ndr1_0=>(c1_1(X67)|c2_1(X67)|~c0_1(X67)))|![X68]:(ndr1_0=>(c2_1(X68)|~c0_1(X68)|~c3_1(X68)))|hskp22)&(![X69]:(ndr1_0=>(c1_1(X69)|c2_1(X69)|~c0_1(X69)))|![X70]:(ndr1_0=>(~c1_1(X70)|~c2_1(X70)|~c3_1(X70)))|hskp1)&(![X71]:(ndr1_0=>(c1_1(X71)|c2_1(X71)|~c3_1(X71)))|![X72]:(ndr1_0=>(c1_1(X72)|c3_1(X72)|~c2_1(X72)))|hskp12)&(![X73]:(ndr1_0=>(c1_1(X73)|c2_1(X73)|~c3_1(X73)))|![X74]:(ndr1_0=>(c2_1(X74)|c3_1(X74)|~c1_1(X74)))|hskp18)&(![X75]:(ndr1_0=>(c1_1(X75)|c3_1(X75)|~c0_1(X75)))|hskp18|hskp12)&(![X76]:(ndr1_0=>(c1_1(X76)|c3_1(X76)|~c2_1(X76)))|![X77]:(ndr1_0=>(c2_1(X77)|~c0_1(X77)|~c1_1(X77)))|hskp21)&(![X78]:(ndr1_0=>(c1_1(X78)|c3_1(X78)|~c2_1(X78)))|hskp29|hskp15)&(![X79]:(ndr1_0=>(c1_1(X79)|~c0_1(X79)|~c2_1(X79)))|![X80]:(ndr1_0=>(c2_1(X80)|c3_1(X80)|~c0_1(X80)))|![X81]:(ndr1_0=>(c2_1(X81)|~c1_1(X81)|~c3_1(X81))))&(![X82]:(ndr1_0=>(c1_1(X82)|~c0_1(X82)|~c2_1(X82)))|![X83]:(ndr1_0=>(c2_1(X83)|~c0_1(X83)|~c1_1(X83)))|hskp7)&(![X84]:(ndr1_0=>(c1_1(X84)|~c0_1(X84)|~c2_1(X84)))|![X85]:(ndr1_0=>(~c0_1(X85)|~c2_1(X85)|~c3_1(X85)))|hskp23)&(![X86]:(ndr1_0=>(c1_1(X86)|~c0_1(X86)|~c3_1(X86)))|![X87]:(ndr1_0=>(c2_1(X87)|c3_1(X87)|~c0_1(X87)))|hskp18)&(![X88]:(ndr1_0=>(c1_1(X88)|~c2_1(X88)|~c3_1(X88)))|![X89]:(ndr1_0=>(~c0_1(X89)|~c1_1(X89)|~c3_1(X89)))|hskp28)&(![X90]:(ndr1_0=>(c1_1(X90)|~c2_1(X90)|~c3_1(X90)))|hskp24|hskp17)&(![X91]:(ndr1_0=>(c2_1(X91)|c3_1(X91)|~c0_1(X91)))|hskp10|hskp7)&(![X92]:(ndr1_0=>(c2_1(X92)|c3_1(X92)|~c1_1(X92)))|![X93]:(ndr1_0=>(c2_1(X93)|~c0_1(X93)|~c1_1(X93)))|hskp31)&(![X94]:(ndr1_0=>(c2_1(X94)|c3_1(X94)|~c1_1(X94)))|hskp25)&(![X95]:(ndr1_0=>(c2_1(X95)|~c0_1(X95)|~c1_1(X95)))|hskp1|hskp20)&(![X96]:(ndr1_0=>(c2_1(X96)|~c0_1(X96)|~c3_1(X96)))|![X97]:(ndr1_0=>(~c0_1(X97)|~c2_1(X97)|~c3_1(X97)))|hskp0)&(![X98]:(ndr1_0=>(c2_1(X98)|~c0_1(X98)|~c3_1(X98)))|hskp1|hskp5)&(![X99]:(ndr1_0=>(c2_1(X99)|~c1_1(X99)|~c3_1(X99)))|hskp12|hskp6)&(![X100]:(ndr1_0=>(c2_1(X100)|~c1_1(X100)|~c3_1(X100)))|hskp1|hskp13)&(![X101]:(ndr1_0=>(c3_1(X101)|~c0_1(X101)|~c1_1(X101)))|![X102]:(ndr1_0=>(~c0_1(X102)|~c2_1(X102)|~c3_1(X102)))|hskp21)&(![X103]:(ndr1_0=>(c3_1(X103)|~c0_1(X103)|~c1_1(X103)))|hskp26|hskp17)&(![X104]:(ndr1_0=>(c3_1(X104)|~c0_1(X104)|~c2_1(X104)))|![X105]:(ndr1_0=>(~c0_1(X105)|~c1_1(X105)|~c2_1(X105)))|hskp9)&(![X106]:(ndr1_0=>(c3_1(X106)|~c0_1(X106)|~c2_1(X106)))|hskp16|hskp10)&(![X107]:(ndr1_0=>(~c0_1(X107)|~c2_1(X107)|~c3_1(X107)))|hskp13|hskp2)&(hskp29|hskp31|hskp27)&(hskp0|hskp12|hskp9)&(hskp0|hskp21|hskp25)&(hskp15|hskp22|hskp19)&(hskp28|hskp22|hskp17)&(hskp3|hskp24|hskp25)&(hskp23|hskp26|hskp22)&(hskp27|hskp7|hskp9)))			
../../TPTP-v7.3.0/Problems/SYN/SYN853-1.p		Satisfiable	UNKNOWN		UNKNOWN		cnf					
../../TPTP-v7.3.0/Problems/SYN/SYN836-1.p		Unsatisfiable	UNKNOWN		UNKNOWN		cnf					
../../TPTP-v7.3.0/Problems/SYN/SYN339+1.p		Theorem	UNKNOWN		UNKNOWN		fof		(?[X]:![Y]:?[Z]:(big_f(X,Y,Z)=>big_f(Y,Z,Z)))			
../../TPTP-v7.3.0/Problems/SYN/SYN773-1.p		Satisfiable	UNKNOWN		UNKNOWN		cnf					
../../TPTP-v7.3.0/Problems/SYN/SYN463-1.p		Satisfiable	UNKNOWN		UNKNOWN		cnf					
../../TPTP-v7.3.0/Problems/SYN/SYN599-1.p		Unsatisfiable	UNKNOWN		UNKNOWN		cnf					
../../TPTP-v7.3.0/Problems/SYN/SYN523-1.p		Satisfiable	UNKNOWN		UNKNOWN		cnf					
../../TPTP-v7.3.0/Problems/SYN/SYN139-1.p		Unsatisfiable	UNKNOWN		UNKNOWN		cnf					
../../TPTP-v7.3.0/Problems/SYN/SYN322+1.p		CounterSatisfiable	UNKNOWN		UNKNOWN		fof		(?[Y]:(![X]:(big_f(X,Y)=>big_f(Y,X))=>~(![X]:(big_f(X,Y)=>~big_f(Y,X)))))			
../../TPTP-v7.3.0/Problems/SYN/SYN819-1.p		Unsatisfiable	UNKNOWN		UNKNOWN		cnf					
../../TPTP-v7.3.0/Problems/SYN/SYN775-1.p		Satisfiable	UNKNOWN		UNKNOWN		cnf					
../../TPTP-v7.3.0/Problems/SYN/SYN520-1.p		Satisfiable	UNKNOWN		UNKNOWN		cnf					
../../TPTP-v7.3.0/Problems/SYN/SYN330+1.p		CounterSatisfiable	UNKNOWN		UNKNOWN		fof		(?[X,Y]:![Z]:((big_f(X,Z)<=>big_f(Z,Y))=>((big_f(Z,Y)<=>big_f(Z,Z))=>((big_f(X,Y)<=>big_f(Y,X))=>(big_f(X,Y)<=>big_f(X,Z))))))			
../../TPTP-v7.3.0/Problems/SYN/SYN807-1.p		Satisfiable	UNKNOWN		UNKNOWN		cnf					
../../TPTP-v7.3.0/Problems/SYN/SYN185-1.p		Unsatisfiable	UNKNOWN		UNKNOWN		cnf					
../../TPTP-v7.3.0/Problems/SYN/SYN188-1.p		Unsatisfiable	UNKNOWN		UNKNOWN		cnf					
../../TPTP-v7.3.0/Problems/SYN/SYN258-1.p		Unsatisfiable	UNKNOWN		UNKNOWN		cnf					
../../TPTP-v7.3.0/Problems/SYN/SYN481+1.p		Theorem	UNKNOWN		UNKNOWN		fof		(~((~hskp0|(ndr1_0&c0_1(a1634)&c3_1(a1634)&~c1_1(a1634)))&(~hskp1|(ndr1_0&~c0_1(a1636)&~c1_1(a1636)&~c2_1(a1636)))&(~hskp2|(ndr1_0&c1_1(a1637)&c3_1(a1637)&~c0_1(a1637)))&(~hskp3|(ndr1_0&c3_1(a1638)&~c0_1(a1638)&~c2_1(a1638)))&(~hskp4|(ndr1_0&c3_1(a1639)&~c1_1(a1639)&~c2_1(a1639)))&(~hskp5|(ndr1_0&c0_1(a1640)&c3_1(a1640)&~c2_1(a1640)))&(~hskp6|(ndr1_0&c2_1(a1641)&~c0_1(a1641)&~c3_1(a1641)))&(~hskp7|(ndr1_0&c0_1(a1642)&~c2_1(a1642)&~c3_1(a1642)))&(~hskp8|(ndr1_0&c1_1(a1643)&~c2_1(a1643)&~c3_1(a1643)))&(~hskp9|(ndr1_0&~c0_1(a1644)&~c1_1(a1644)&~c3_1(a1644)))&(~hskp10|(ndr1_0&c0_1(a1648)&c2_1(a1648)&~c3_1(a1648)))&(~hskp11|(ndr1_0&c1_1(a1650)&~c0_1(a1650)&~c3_1(a1650)))&(~hskp12|(ndr1_0&c0_1(a1653)&c1_1(a1653)&~c3_1(a1653)))&(~hskp13|(ndr1_0&c1_1(a1658)&c3_1(a1658)&~c2_1(a1658)))&(~hskp14|(ndr1_0&c0_1(a1661)&~c1_1(a1661)&~c3_1(a1661)))&(~hskp15|(ndr1_0&c0_1(a1664)&~c1_1(a1664)&~c2_1(a1664)))&(~hskp16|(ndr1_0&c0_1(a1667)&c2_1(a1667)&~c1_1(a1667)))&(~hskp17|(ndr1_0&c2_1(a1675)&~c0_1(a1675)&~c1_1(a1675)))&(~hskp18|(ndr1_0&c1_1(a1680)&~c0_1(a1680)&~c2_1(a1680)))&(~hskp19|(ndr1_0&c1_1(a1682)&c2_1(a1682)&~c3_1(a1682)))&(~hskp20|(ndr1_0&c0_1(a1689)&c1_1(a1689)&~c2_1(a1689)))&(~hskp21|(ndr1_0&c2_1(a1691)&c3_1(a1691)&~c1_1(a1691)))&(~hskp22|(ndr1_0&~c0_1(a1697)&~c2_1(a1697)&~c3_1(a1697)))&(~hskp23|(ndr1_0&~c1_1(a1699)&~c2_1(a1699)&~c3_1(a1699)))&(~hskp24|(ndr1_0&c3_1(a1701)&~c0_1(a1701)&~c1_1(a1701)))&(~hskp25|(ndr1_0&c1_1(a1709)&c2_1(a1709)&~c0_1(a1709)))&(~hskp26|(ndr1_0&c2_1(a1737)&c3_1(a1737)&~c0_1(a1737)))&(~hskp27|(ndr1_0&c0_1(a1635)&c1_1(a1635)&c2_1(a1635)))&(~hskp28|(ndr1_0&c1_1(a1646)&c2_1(a1646)&c3_1(a1646)))&(~hskp29|(ndr1_0&c0_1(a1647)&c1_1(a1647)&c3_1(a1647)))&(~hskp30|(ndr1_0&c0_1(a1712)&c2_1(a1712)&c3_1(a1712)))&(![U]:(ndr1_0=>(c0_1(U)|c1_1(U)|c2_1(U)))|![V]:(ndr1_0=>(c0_1(V)|c2_1(V)|c3_1(V)))|![W]:(ndr1_0=>(c0_1(W)|c2_1(W)|~c1_1(W))))&(![X]:(ndr1_0=>(c0_1(X)|c1_1(X)|c2_1(X)))|![Y]:(ndr1_0=>(c2_1(Y)|c3_1(Y)|~c0_1(Y)))|hskp0)&(![Z]:(ndr1_0=>(c0_1(Z)|c1_1(Z)|c2_1(Z)))|hskp27|hskp1)&(![X1]:(ndr1_0=>(c0_1(X1)|c1_1(X1)|c2_1(X1)))|hskp2|hskp3)&(![X2]:(ndr1_0=>(c0_1(X2)|c1_1(X2)|c3_1(X2)))|![X3]:(ndr1_0=>(c1_1(X3)|~c0_1(X3)|~c3_1(X3)))|![X4]:(ndr1_0=>(c3_1(X4)|~c1_1(X4)|~c2_1(X4))))&(![X5]:(ndr1_0=>(c0_1(X5)|c1_1(X5)|c3_1(X5)))|![X6]:(ndr1_0=>(c2_1(X6)|~c0_1(X6)|~c1_1(X6)))|hskp4)&(![X7]:(ndr1_0=>(c0_1(X7)|c1_1(X7)|~c2_1(X7)))|![X8]:(ndr1_0=>(c1_1(X8)|c2_1(X8)|~c0_1(X8)))|![X9]:(ndr1_0=>(c1_1(X9)|~c2_1(X9)|~c3_1(X9))))&(![X10]:(ndr1_0=>(c0_1(X10)|c1_1(X10)|~c2_1(X10)))|![X11]:(ndr1_0=>(c3_1(X11)|~c0_1(X11)|~c1_1(X11)))|![X12]:(ndr1_0=>(~c0_1(X12)|~c2_1(X12)|~c3_1(X12))))&(![X13]:(ndr1_0=>(c0_1(X13)|c1_1(X13)|~c2_1(X13)))|hskp5|hskp6)&(![X14]:(ndr1_0=>(c0_1(X14)|c1_1(X14)|~c2_1(X14)))|hskp7|hskp8)&(![X15]:(ndr1_0=>(c0_1(X15)|c1_1(X15)|~c3_1(X15)))|![X16]:(ndr1_0=>(c0_1(X16)|~c1_1(X16)|~c2_1(X16))))&(![X17]:(ndr1_0=>(c0_1(X17)|c1_1(X17)|~c3_1(X17)))|![X18]:(ndr1_0=>(c3_1(X18)|~c0_1(X18)|~c2_1(X18)))|![X19]:(ndr1_0=>(~c0_1(X19)|~c2_1(X19)|~c3_1(X19))))&(![X20]:(ndr1_0=>(c0_1(X20)|c1_1(X20)|~c3_1(X20)))|![X21]:(ndr1_0=>(c3_1(X21)|~c1_1(X21)|~c2_1(X21)))|![X22]:(ndr1_0=>(~c0_1(X22)|~c1_1(X22)|~c2_1(X22))))&(![X23]:(ndr1_0=>(c0_1(X23)|c1_1(X23)|~c3_1(X23)))|![X24]:(ndr1_0=>(~c1_1(X24)|~c2_1(X24)|~c3_1(X24)))|hskp9)&(![X25]:(ndr1_0=>(c0_1(X25)|c1_1(X25)|~c3_1(X25)))|hskp0|hskp28)&(![X26]:(ndr1_0=>(c0_1(X26)|c2_1(X26)|c3_1(X26)))|![X27]:(ndr1_0=>(c0_1(X27)|c2_1(X27)|~c3_1(X27)))|![X28]:(ndr1_0=>(c0_1(X28)|~c2_1(X28)|~c3_1(X28))))&(![X29]:(ndr1_0=>(c0_1(X29)|c2_1(X29)|c3_1(X29)))|![X30]:(ndr1_0=>(c0_1(X30)|~c1_1(X30)|~c2_1(X30)))|![X31]:(ndr1_0=>(c3_1(X31)|~c0_1(X31)|~c2_1(X31))))&(![X32]:(ndr1_0=>(c0_1(X32)|c2_1(X32)|c3_1(X32)))|![X33]:(ndr1_0=>(c1_1(X33)|c2_1(X33)|~c0_1(X33)))|hskp29)&(![X34]:(ndr1_0=>(c0_1(X34)|c2_1(X34)|c3_1(X34)))|hskp10|hskp1)&(![X35]:(ndr1_0=>(c0_1(X35)|c2_1(X35)|~c1_1(X35)))|![X36]:(ndr1_0=>(c3_1(X36)|~c0_1(X36)|~c1_1(X36)))|hskp11)&(![X37]:(ndr1_0=>(c0_1(X37)|c2_1(X37)|~c3_1(X37)))|![X38]:(ndr1_0=>(c0_1(X38)|~c1_1(X38)|~c3_1(X38)))|hskp11)&(![X39]:(ndr1_0=>(c0_1(X39)|c2_1(X39)|~c3_1(X39)))|![X40]:(ndr1_0=>(c1_1(X40)|~c0_1(X40)|~c2_1(X40)))|hskp29)&(![X41]:(ndr1_0=>(c0_1(X41)|c2_1(X41)|~c3_1(X41)))|![X42]:(ndr1_0=>(c1_1(X42)|~c2_1(X42)|~c3_1(X42)))|hskp12)&(![X43]:(ndr1_0=>(c0_1(X43)|c3_1(X43)|~c1_1(X43)))|![X44]:(ndr1_0=>(c1_1(X44)|c2_1(X44)|c3_1(X44)))|hskp3)&(![X45]:(ndr1_0=>(c0_1(X45)|c3_1(X45)|~c1_1(X45)))|![X46]:(ndr1_0=>(c1_1(X46)|c2_1(X46)|~c0_1(X46)))|![X47]:(ndr1_0=>(c3_1(X47)|~c0_1(X47)|~c1_1(X47))))&(![X48]:(ndr1_0=>(c0_1(X48)|~c1_1(X48)|~c2_1(X48)))|![X49]:(ndr1_0=>(c2_1(X49)|~c1_1(X49)|~c3_1(X49)))|hskp7)&(![X50]:(ndr1_0=>(c0_1(X50)|~c1_1(X50)|~c2_1(X50)))|hskp29|hskp5)&(![X51]:(ndr1_0=>(c0_1(X51)|~c1_1(X51)|~c2_1(X51)))|hskp13|hskp11)&(![X52]:(ndr1_0=>(c0_1(X52)|~c1_1(X52)|~c3_1(X52)))|![X53]:(ndr1_0=>(c1_1(X53)|c2_1(X53)|~c0_1(X53)))|hskp11)&(![X54]:(ndr1_0=>(c0_1(X54)|~c1_1(X54)|~c3_1(X54)))|![X55]:(ndr1_0=>(c1_1(X55)|c3_1(X55)|~c2_1(X55)))|hskp14)&(![X56]:(ndr1_0=>(c0_1(X56)|~c1_1(X56)|~c3_1(X56)))|![X57]:(ndr1_0=>(c1_1(X57)|~c0_1(X57)|~c3_1(X57)))|![X58]:(ndr1_0=>(c3_1(X58)|~c1_1(X58)|~c2_1(X58))))&(![X59]:(ndr1_0=>(c0_1(X59)|~c2_1(X59)|~c3_1(X59)))|![X60]:(ndr1_0=>(c1_1(X60)|c2_1(X60)|c3_1(X60)))|hskp5)&(![X61]:(ndr1_0=>(c0_1(X61)|~c2_1(X61)|~c3_1(X61)))|![X62]:(ndr1_0=>(c1_1(X62)|~c2_1(X62)|~c3_1(X62)))|hskp5)&(![X63]:(ndr1_0=>(c0_1(X63)|~c2_1(X63)|~c3_1(X63)))|![X64]:(ndr1_0=>(c3_1(X64)|~c0_1(X64)|~c1_1(X64)))|hskp15)&(![X65]:(ndr1_0=>(c0_1(X65)|~c2_1(X65)|~c3_1(X65)))|hskp0|hskp28)&(![X66]:(ndr1_0=>(c1_1(X66)|c2_1(X66)|~c0_1(X66)))|hskp16|hskp0)&(![X67]:(ndr1_0=>(c1_1(X67)|c2_1(X67)|~c3_1(X67)))|![X68]:(ndr1_0=>(c1_1(X68)|~c2_1(X68)|~c3_1(X68)))|hskp14)&(![X69]:(ndr1_0=>(c1_1(X69)|c2_1(X69)|~c3_1(X69)))|![X70]:(ndr1_0=>(~c0_1(X70)|~c1_1(X70)|~c2_1(X70)))|![X71]:(ndr1_0=>(~c0_1(X71)|~c1_1(X71)|~c3_1(X71))))&(![X72]:(ndr1_0=>(c1_1(X72)|c2_1(X72)|~c3_1(X72)))|hskp16|hskp10)&(![X73]:(ndr1_0=>(c1_1(X73)|c3_1(X73)|~c2_1(X73)))|hskp2|hskp9)&(![X74]:(ndr1_0=>(c1_1(X74)|~c0_1(X74)|~c2_1(X74)))|![X75]:(ndr1_0=>(c2_1(X75)|~c0_1(X75)|~c3_1(X75)))|hskp2)&(![X76]:(ndr1_0=>(c1_1(X76)|~c0_1(X76)|~c2_1(X76)))|![X77]:(ndr1_0=>(c2_1(X77)|~c0_1(X77)|~c3_1(X77)))|hskp17)&(![X78]:(ndr1_0=>(c1_1(X78)|~c0_1(X78)|~c3_1(X78)))|hskp29|hskp12)&(![X79]:(ndr1_0=>(c1_1(X79)|~c0_1(X79)|~c3_1(X79)))|hskp29|hskp9)&(![X80]:(ndr1_0=>(c1_1(X80)|~c2_1(X80)|~c3_1(X80)))|![X81]:(ndr1_0=>(c3_1(X81)|~c1_1(X81)|~c2_1(X81)))|hskp18)&(![X82]:(ndr1_0=>(c1_1(X82)|~c2_1(X82)|~c3_1(X82)))|hskp28|hskp19)&(![X83]:(ndr1_0=>(c2_1(X83)|c3_1(X83)|~c0_1(X83)))|hskp27|hskp6)&(![X84]:(ndr1_0=>(c2_1(X84)|c3_1(X84)|~c0_1(X84)))|hskp7|hskp19)&(![X85]:(ndr1_0=>(c2_1(X85)|c3_1(X85)|~c0_1(X85)))|hskp13|hskp9)&(![X86]:(ndr1_0=>(c2_1(X86)|~c0_1(X86)|~c3_1(X86)))|hskp20|hskp28)&(![X87]:(ndr1_0=>(c2_1(X87)|~c1_1(X87)|~c3_1(X87)))|hskp21|hskp3)&(![X88]:(ndr1_0=>(c3_1(X88)|~c0_1(X88)|~c1_1(X88)))|![X89]:(ndr1_0=>(~c0_1(X89)|~c1_1(X89)|~c2_1(X89)))|hskp28)&(![X90]:(ndr1_0=>(c3_1(X90)|~c0_1(X90)|~c2_1(X90)))|hskp8|hskp1)&(![X91]:(ndr1_0=>(c3_1(X91)|~c1_1(X91)|~c2_1(X91)))|![X92]:(ndr1_0=>(~c0_1(X92)|~c1_1(X92)|~c2_1(X92)))|hskp9)&(![X93]:(ndr1_0=>(c3_1(X93)|~c1_1(X93)|~c2_1(X93)))|![X94]:(ndr1_0=>(~c0_1(X94)|~c1_1(X94)|~c3_1(X94)))|hskp22)&(![X95]:(ndr1_0=>(c3_1(X95)|~c1_1(X95)|~c2_1(X95)))|hskp4|hskp23)&(![X96]:(ndr1_0=>(~c0_1(X96)|~c1_1(X96)|~c2_1(X96)))|hskp29|hskp24)&(![X97]:(ndr1_0=>(~c0_1(X97)|~c1_1(X97)|~c2_1(X97)))|hskp20|hskp21)&(![X98]:(ndr1_0=>(~c0_1(X98)|~c1_1(X98)|~c2_1(X98)))|hskp14|hskp22)&(![X99]:(ndr1_0=>(~c1_1(X99)|~c2_1(X99)|~c3_1(X99)))|hskp7|hskp11)&(![X100]:(ndr1_0=>(~c1_1(X100)|~c2_1(X100)|~c3_1(X100)))|hskp28|hskp25)&(hskp27|hskp20|hskp30)&(hskp29|hskp10|hskp6)&(hskp20|hskp14)&(hskp12|hskp5|hskp24)&(hskp12|hskp25|hskp24)&(hskp30|hskp6|hskp4)&(hskp10|hskp18|hskp11)&(hskp0|hskp5|hskp1)&(hskp0|hskp7|hskp8)&(hskp0|hskp26|hskp1)&(hskp15|hskp19|hskp1)&(hskp7|hskp6|hskp9)&(hskp25|hskp17|hskp1)&(hskp19|hskp21|hskp6)&(hskp11|hskp17|hskp1)))			
../../TPTP-v7.3.0/Problems/SYN/SYN336+1.p		Theorem	UNKNOWN		UNKNOWN		fof		(![X]:?[Y1,Y2]:![Z]:(big_f(X,Z)=>(big_f(Y1,Z)=>(big_f(Y2,Z)=>(big_f(Y1,X)=>big_f(Z,Y2))))))			
../../TPTP-v7.3.0/Problems/SYN/SYN168-1.p		Unsatisfiable	UNKNOWN		UNKNOWN		cnf					
../../TPTP-v7.3.0/Problems/SYN/SYN241-1.p		Unsatisfiable	UNKNOWN		UNKNOWN		cnf					
../../TPTP-v7.3.0/Problems/SYN/SYN156-1.p		Unsatisfiable	UNKNOWN		UNKNOWN		cnf					
../../TPTP-v7.3.0/Problems/SYN/SYN410+1.p		Theorem	YES	DTS/Alligator/AlexHappy/output/SYN410+1_dts.html	UNKNOWN		fof		(![X,Y]:f(X,Y)=>?[U,V]:f(U,V))			
../../TPTP-v7.3.0/Problems/SYN/SYN764-1.p		Satisfiable	UNKNOWN		UNKNOWN		cnf					
../../TPTP-v7.3.0/Problems/SYN/SYN502+1.p		Theorem	UNKNOWN		UNKNOWN		fof		(~((~hskp0|(ndr1_0&c1_1(a234)&~c0_1(a234)&~c2_1(a234)))&(~hskp1|(ndr1_0&~c0_1(a235)&~c1_1(a235)&~c2_1(a235)))&(~hskp2|(ndr1_0&c1_1(a236)&c3_1(a236)&~c0_1(a236)))&(~hskp3|(ndr1_0&c0_1(a238)&~c2_1(a238)&~c3_1(a238)))&(~hskp4|(ndr1_0&c3_1(a239)&~c1_1(a239)&~c2_1(a239)))&(~hskp5|(ndr1_0&c2_1(a241)&c3_1(a241)&~c0_1(a241)))&(~hskp6|(ndr1_0&c2_1(a242)&~c0_1(a242)&~c1_1(a242)))&(~hskp7|(ndr1_0&c0_1(a244)&~c1_1(a244)&~c2_1(a244)))&(~hskp8|(ndr1_0&c0_1(a245)&c2_1(a245)&~c1_1(a245)))&(~hskp9|(ndr1_0&c3_1(a248)&~c0_1(a248)&~c1_1(a248)))&(~hskp10|(ndr1_0&c0_1(a249)&c3_1(a249)&~c2_1(a249)))&(~hskp11|(ndr1_0&c2_1(a251)&~c1_1(a251)&~c3_1(a251)))&(~hskp12|(ndr1_0&c0_1(a252)&~c1_1(a252)&~c3_1(a252)))&(~hskp13|(ndr1_0&c1_1(a253)&~c0_1(a253)&~c3_1(a253)))&(~hskp14|(ndr1_0&c2_1(a257)&c3_1(a257)&~c1_1(a257)))&(~hskp15|(ndr1_0&~c0_1(a258)&~c2_1(a258)&~c3_1(a258)))&(~hskp16|(ndr1_0&c1_1(a259)&~c2_1(a259)&~c3_1(a259)))&(~hskp17|(ndr1_0&~c0_1(a263)&~c1_1(a263)&~c3_1(a263)))&(~hskp18|(ndr1_0&c1_1(a265)&c2_1(a265)&~c0_1(a265)))&(~hskp19|(ndr1_0&c0_1(a269)&c3_1(a269)&~c1_1(a269)))&(~hskp20|(ndr1_0&c0_1(a271)&c1_1(a271)&~c2_1(a271)))&(~hskp21|(ndr1_0&c0_1(a274)&c2_1(a274)&~c3_1(a274)))&(~hskp22|(ndr1_0&c0_1(a276)&c1_1(a276)&~c3_1(a276)))&(~hskp23|(ndr1_0&c1_1(a281)&c3_1(a281)&~c2_1(a281)))&(~hskp24|(ndr1_0&c3_1(a282)&~c0_1(a282)&~c2_1(a282)))&(~hskp25|(ndr1_0&c1_1(a294)&c2_1(a294)&~c3_1(a294)))&(~hskp26|(ndr1_0&c2_1(a314)&~c0_1(a314)&~c3_1(a314)))&(~hskp27|(ndr1_0&~c1_1(a322)&~c2_1(a322)&~c3_1(a322)))&(~hskp28|(ndr1_0&c0_1(a237)&c1_1(a237)&c2_1(a237)))&(~hskp29|(ndr1_0&c1_1(a240)&c2_1(a240)&c3_1(a240)))&(~hskp30|(ndr1_0&c0_1(a243)&c1_1(a243)&c3_1(a243)))&(~hskp31|(ndr1_0&c0_1(a246)&c2_1(a246)&c3_1(a246)))&(![U]:(ndr1_0=>(c0_1(U)|c1_1(U)|c2_1(U)))|![V]:(ndr1_0=>(c0_1(V)|c2_1(V)|c3_1(V)))|hskp0)&(![W]:(ndr1_0=>(c0_1(W)|c1_1(W)|c2_1(W)))|![X]:(ndr1_0=>(c0_1(X)|c2_1(X)|~c3_1(X)))|hskp1)&(![Y]:(ndr1_0=>(c0_1(Y)|c1_1(Y)|c2_1(Y)))|![Z]:(ndr1_0=>(c0_1(Z)|c3_1(Z)|~c1_1(Z)))|![X1]:(ndr1_0=>(c2_1(X1)|~c1_1(X1)|~c3_1(X1))))&(![X2]:(ndr1_0=>(c0_1(X2)|c1_1(X2)|c2_1(X2)))|![X3]:(ndr1_0=>(c0_1(X3)|~c1_1(X3)|~c3_1(X3)))|![X4]:(ndr1_0=>(~c0_1(X4)|~c1_1(X4)|~c3_1(X4))))&(![X5]:(ndr1_0=>(c0_1(X5)|c1_1(X5)|c2_1(X5)))|![X6]:(ndr1_0=>(c2_1(X6)|~c0_1(X6)|~c1_1(X6)))|hskp2)&(![X7]:(ndr1_0=>(c0_1(X7)|c1_1(X7)|c2_1(X7)))|![X8]:(ndr1_0=>(~c0_1(X8)|~c1_1(X8)|~c3_1(X8)))|hskp28)&(![X9]:(ndr1_0=>(c0_1(X9)|c1_1(X9)|c2_1(X9)))|![X10]:(ndr1_0=>(~c0_1(X10)|~c1_1(X10)|~c3_1(X10)))|hskp3)&(![X11]:(ndr1_0=>(c0_1(X11)|c1_1(X11)|c2_1(X11)))|![X12]:(ndr1_0=>(~c1_1(X12)|~c2_1(X12)|~c3_1(X12)))|hskp4)&(![X13]:(ndr1_0=>(c0_1(X13)|c1_1(X13)|c2_1(X13)))|hskp29|hskp5)&(![X14]:(ndr1_0=>(c0_1(X14)|c1_1(X14)|c3_1(X14)))|![X15]:(ndr1_0=>(c1_1(X15)|c2_1(X15)|c3_1(X15)))|hskp6)&(![X16]:(ndr1_0=>(c0_1(X16)|c1_1(X16)|c3_1(X16)))|![X17]:(ndr1_0=>(c1_1(X17)|c3_1(X17)|~c0_1(X17)))|hskp30)&(![X18]:(ndr1_0=>(c0_1(X18)|c1_1(X18)|c3_1(X18)))|![X19]:(ndr1_0=>(c2_1(X19)|~c0_1(X19)|~c1_1(X19)))|hskp7)&(![X20]:(ndr1_0=>(c0_1(X20)|c1_1(X20)|~c2_1(X20)))|![X21]:(ndr1_0=>(c3_1(X21)|~c0_1(X21)|~c2_1(X21)))|hskp8)&(![X22]:(ndr1_0=>(c0_1(X22)|c1_1(X22)|~c2_1(X22)))|hskp31)&(![X23]:(ndr1_0=>(c0_1(X23)|c1_1(X23)|~c2_1(X23)))|hskp31|hskp9)&(![X24]:(ndr1_0=>(c0_1(X24)|c1_1(X24)|~c2_1(X24)))|hskp10)&(![X25]:(ndr1_0=>(c0_1(X25)|c1_1(X25)|~c2_1(X25)))|hskp7|hskp11)&(![X26]:(ndr1_0=>(c0_1(X26)|c1_1(X26)|~c3_1(X26)))|hskp12|hskp13)&(![X27]:(ndr1_0=>(c0_1(X27)|c2_1(X27)|c3_1(X27)))|![X28]:(ndr1_0=>(c0_1(X28)|c2_1(X28)|~c3_1(X28)))|![X29]:(ndr1_0=>(c2_1(X29)|~c0_1(X29)|~c3_1(X29))))&(![X30]:(ndr1_0=>(c0_1(X30)|c2_1(X30)|c3_1(X30)))|![X31]:(ndr1_0=>(c0_1(X31)|c2_1(X31)|~c3_1(X31)))|hskp11)&(![X32]:(ndr1_0=>(c0_1(X32)|c2_1(X32)|c3_1(X32)))|hskp30|hskp9)&(![X33]:(ndr1_0=>(c0_1(X33)|c2_1(X33)|~c1_1(X33)))|![X34]:(ndr1_0=>(c0_1(X34)|c3_1(X34)|~c1_1(X34)))|![X35]:(ndr1_0=>(c2_1(X35)|~c1_1(X35)|~c3_1(X35))))&(![X36]:(ndr1_0=>(c0_1(X36)|c2_1(X36)|~c1_1(X36)))|![X37]:(ndr1_0=>(c0_1(X37)|c3_1(X37)|~c1_1(X37)))|hskp14)&(![X38]:(ndr1_0=>(c0_1(X38)|c2_1(X38)|~c1_1(X38)))|![X39]:(ndr1_0=>(c1_1(X39)|~c0_1(X39)|~c3_1(X39)))|hskp15)&(![X40]:(ndr1_0=>(c0_1(X40)|c2_1(X40)|~c3_1(X40)))|![X41]:(ndr1_0=>(c3_1(X41)|~c1_1(X41)|~c2_1(X41)))|hskp16)&(![X42]:(ndr1_0=>(c0_1(X42)|c2_1(X42)|~c3_1(X42)))|hskp31|hskp14)&(![X43]:(ndr1_0=>(c0_1(X43)|c2_1(X43)|~c3_1(X43)))|hskp29|hskp17)&(![X44]:(ndr1_0=>(c0_1(X44)|c3_1(X44)|~c1_1(X44)))|![X45]:(ndr1_0=>(c0_1(X45)|~c2_1(X45)|~c3_1(X45)))|hskp10)&(![X46]:(ndr1_0=>(c0_1(X46)|c3_1(X46)|~c1_1(X46)))|hskp18|hskp9)&(![X47]:(ndr1_0=>(c0_1(X47)|c3_1(X47)|~c2_1(X47)))|hskp28|hskp4)&(![X48]:(ndr1_0=>(c0_1(X48)|c3_1(X48)|~c2_1(X48)))|hskp19|hskp16)&(![X49]:(ndr1_0=>(c0_1(X49)|~c1_1(X49)|~c2_1(X49)))|![X50]:(ndr1_0=>(c3_1(X50)|~c0_1(X50)|~c2_1(X50)))|hskp20)&(![X51]:(ndr1_0=>(c0_1(X51)|~c1_1(X51)|~c2_1(X51)))|hskp8|hskp13)&(![X52]:(ndr1_0=>(c0_1(X52)|~c1_1(X52)|~c3_1(X52)))|![X53]:(ndr1_0=>(c1_1(X53)|c2_1(X53)|c3_1(X53)))|hskp21)&(![X54]:(ndr1_0=>(c0_1(X54)|~c1_1(X54)|~c3_1(X54)))|![X55]:(ndr1_0=>(~c1_1(X55)|~c2_1(X55)|~c3_1(X55)))|hskp11)&(![X56]:(ndr1_0=>(c0_1(X56)|~c1_1(X56)|~c3_1(X56)))|hskp22|hskp18)&(![X57]:(ndr1_0=>(c0_1(X57)|~c2_1(X57)|~c3_1(X57)))|![X58]:(ndr1_0=>(c2_1(X58)|~c0_1(X58)|~c1_1(X58)))|hskp31)&(![X59]:(ndr1_0=>(c0_1(X59)|~c2_1(X59)|~c3_1(X59)))|hskp19|hskp17)&(![X60]:(ndr1_0=>(c0_1(X60)|~c2_1(X60)|~c3_1(X60)))|hskp23|hskp24)&(![X61]:(ndr1_0=>(c0_1(X61)|~c2_1(X61)|~c3_1(X61)))|hskp11|hskp24)&(![X62]:(ndr1_0=>(c1_1(X62)|c2_1(X62)|c3_1(X62)))|![X63]:(ndr1_0=>(c1_1(X63)|c2_1(X63)|~c0_1(X63)))|![X64]:(ndr1_0=>(c1_1(X64)|~c0_1(X64)|~c3_1(X64))))&(![X65]:(ndr1_0=>(c1_1(X65)|c2_1(X65)|c3_1(X65)))|![X66]:(ndr1_0=>(c1_1(X66)|c3_1(X66)|~c2_1(X66)))|hskp20)&(![X67]:(ndr1_0=>(c1_1(X67)|c2_1(X67)|c3_1(X67)))|![X68]:(ndr1_0=>(~c0_1(X68)|~c1_1(X68)|~c2_1(X68)))|hskp4)&(![X69]:(ndr1_0=>(c1_1(X69)|c2_1(X69)|~c0_1(X69)))|![X70]:(ndr1_0=>(c1_1(X70)|c2_1(X70)|~c3_1(X70)))|hskp18)&(![X71]:(ndr1_0=>(c1_1(X71)|c2_1(X71)|~c0_1(X71)))|hskp16|hskp11)&(![X72]:(ndr1_0=>(c1_1(X72)|c2_1(X72)|~c3_1(X72)))|![X73]:(ndr1_0=>(c2_1(X73)|c3_1(X73)|~c1_1(X73)))|![X74]:(ndr1_0=>(c3_1(X74)|~c1_1(X74)|~c2_1(X74))))&(![X75]:(ndr1_0=>(c1_1(X75)|c2_1(X75)|~c3_1(X75)))|![X76]:(ndr1_0=>(c2_1(X76)|c3_1(X76)|~c1_1(X76)))|hskp10)&(![X77]:(ndr1_0=>(c1_1(X77)|c2_1(X77)|~c3_1(X77)))|![X78]:(ndr1_0=>(c2_1(X78)|~c1_1(X78)|~c3_1(X78)))|hskp29)&(![X79]:(ndr1_0=>(c1_1(X79)|c2_1(X79)|~c3_1(X79)))|![X80]:(ndr1_0=>(c3_1(X80)|~c1_1(X80)|~c2_1(X80)))|hskp11)&(![X81]:(ndr1_0=>(c1_1(X81)|c3_1(X81)|~c0_1(X81)))|![X82]:(ndr1_0=>(c1_1(X82)|~c0_1(X82)|~c3_1(X82)))|![X83]:(ndr1_0=>(c2_1(X83)|~c0_1(X83)|~c3_1(X83))))&(![X84]:(ndr1_0=>(c1_1(X84)|c3_1(X84)|~c0_1(X84)))|hskp29)&(![X85]:(ndr1_0=>(c1_1(X85)|c3_1(X85)|~c2_1(X85)))|![X86]:(ndr1_0=>(c1_1(X86)|~c0_1(X86)|~c3_1(X86)))|hskp25)&(![X87]:(ndr1_0=>(c1_1(X87)|c3_1(X87)|~c2_1(X87)))|![X88]:(ndr1_0=>(c3_1(X88)|~c0_1(X88)|~c2_1(X88)))|hskp5)&(![X89]:(ndr1_0=>(c1_1(X89)|c3_1(X89)|~c2_1(X89)))|hskp9|hskp17)&(![X90]:(ndr1_0=>(c1_1(X90)|~c0_1(X90)|~c3_1(X90)))|hskp10|hskp5)&(![X91]:(ndr1_0=>(c1_1(X91)|~c0_1(X91)|~c3_1(X91)))|hskp12|hskp3)&(![X92]:(ndr1_0=>(c1_1(X92)|~c2_1(X92)|~c3_1(X92)))|![X93]:(ndr1_0=>(c2_1(X93)|~c0_1(X93)|~c1_1(X93)))|hskp7)&(![X94]:(ndr1_0=>(c1_1(X94)|~c2_1(X94)|~c3_1(X94)))|hskp25|hskp5)&(![X95]:(ndr1_0=>(c2_1(X95)|c3_1(X95)|~c0_1(X95)))|![X96]:(ndr1_0=>(c2_1(X96)|~c1_1(X96)|~c3_1(X96)))|![X97]:(ndr1_0=>(~c0_1(X97)|~c1_1(X97)|~c3_1(X97))))&(![X98]:(ndr1_0=>(c2_1(X98)|c3_1(X98)|~c0_1(X98)))|hskp22|hskp7)&(![X99]:(ndr1_0=>(c2_1(X99)|c3_1(X99)|~c1_1(X99)))|![X100]:(ndr1_0=>(c2_1(X100)|~c0_1(X100)|~c3_1(X100)))|hskp20)&(![X101]:(ndr1_0=>(c2_1(X101)|c3_1(X101)|~c1_1(X101)))|hskp20|hskp2)&(![X102]:(ndr1_0=>(c2_1(X102)|c3_1(X102)|~c1_1(X102)))|hskp31|hskp4)&(![X103]:(ndr1_0=>(c2_1(X103)|c3_1(X103)|~c1_1(X103)))|hskp19|hskp15)&(![X104]:(ndr1_0=>(c2_1(X104)|~c1_1(X104)|~c3_1(X104)))|![X105]:(ndr1_0=>(~c0_1(X105)|~c1_1(X105)|~c3_1(X105)))|hskp26)&(![X106]:(ndr1_0=>(c3_1(X106)|~c0_1(X106)|~c1_1(X106)))|hskp19|hskp29)&(![X107]:(ndr1_0=>(c3_1(X107)|~c1_1(X107)|~c2_1(X107)))|hskp31|hskp21)&(![X108]:(ndr1_0=>(~c0_1(X108)|~c1_1(X108)|~c3_1(X108)))|![X109]:(ndr1_0=>(~c0_1(X109)|~c2_1(X109)|~c3_1(X109)))|hskp4)&(![X110]:(ndr1_0=>(~c0_1(X110)|~c1_1(X110)|~c3_1(X110)))|hskp4)&(![X111]:(ndr1_0=>(~c1_1(X111)|~c2_1(X111)|~c3_1(X111)))|hskp24|hskp27)&(hskp28|hskp22|hskp2)&(hskp22|hskp18|hskp5)&(hskp8|hskp19|hskp9)&(hskp8|hskp7|hskp15)&(hskp8|hskp13|hskp11)&(hskp8|hskp13|hskp24)&(hskp19|hskp18|hskp11)&(hskp2|hskp13|hskp14)&(hskp23|hskp13|hskp24)&(hskp5|hskp11|hskp9)))			
../../TPTP-v7.3.0/Problems/SYN/SYN272-1.p		Unsatisfiable	UNKNOWN		UNKNOWN		cnf					
../../TPTP-v7.3.0/Problems/SYN/SYN748-1.p		Satisfiable	UNKNOWN		UNKNOWN		cnf					
../../TPTP-v7.3.0/Problems/SYN/SYN703-1.p		Unsatisfiable	UNKNOWN		UNKNOWN		cnf					
../../TPTP-v7.3.0/Problems/SYN/SYN143-10.p		Unsatisfiable	UNKNOWN		UNKNOWN		cnf	(ifeq(A,A,B,C)=B),(s0(d)=true),(q0(e,d)=true),(n0(d,e)=true),(m0(e,d,a)=true),(s0(b)=true),(q0(b,b)=true),(n0(d,b)=true),(m0(e,d,e)=true),(r0(b)=true),(p0(b,d)=true),(n0(e,b)=true),(m0(a,X,a)=true),(r0(e)=true),(p0(b,X)=true),(n0(a,b)=true),(m0(c,b,a)=true),(q0(X,d)=true),(p0(c,b)=true),(m0(X,d,Y)=true),(l0(a)=true),(q0(b,e)=true),(p0(b,c)=true),(m0(a,e,e)=true),(l0(c)=true),(q0(d,d)=true),(n0(d,c)=true),(m0(e,b,c)=true),(k0(e)=true),(q0(d,b)=true),(n0(e,e)=true),(m0(b,b,e)=true),(k0(b)=true),(q0(d,c)=true),(n0(c,d)=true),(m0(d,e,c)=true),(q0(a,b)=true),(n0(b,a)=true),(m0(b,a,a)=true),(ifeq(n0(J,I),true,k1(I),true)=true),(ifeq(n0(H,G),true,l1(G,G),true)=true),(ifeq(p0(E,C),true,ifeq(r0(F),true,ifeq(m0(D,C,E),true,l1(C,D),true),true),true)=true),(ifeq(l0(B),true,ifeq(l1(B,B),true,ifeq(k1(A),true,l1(A,A),true),true),true)=true),(ifeq(m0(C,C,B),true,m1(B,C,B),true)=true),(ifeq(m0(A,A,J),true,m1(J,J,J),true)=true),(ifeq(p0(I,H),true,ifeq(r0(G),true,m1(G,H,G),true),true)=true),(ifeq(l0(b),true,m1(b,b,b),true)=true),(ifeq(r0(E),true,ifeq(q0(F,D),true,ifeq(s0(E),true,m1(D,D,D),true),true),true)=true),(ifeq(p0(C,B),true,ifeq(l1(c,c),true,ifeq(n0(C,C),true,m1(B,B,c),true),true),true)=true),(ifeq(k0(J),true,ifeq(n0(A,A),true,m1(J,J,A),true),true)=true),(ifeq(r0(e),true,m1(e,e,e),true)=true),(ifeq(q0(I,H),true,m1(H,H,H),true)=true),(ifeq(m0(F,G,E),true,m1(E,E,E),true)=true),(ifeq(l0(D),true,ifeq(m0(C,C,B),true,m1(B,C,C),true),true)=true),(ifeq(m1(J,A,I),true,ifeq(m1(J,I,H),true,m1(H,I,I),true),true)=true),(ifeq(q0(G,d),true,ifeq(s0(F),true,m1(F,F,F),true),true)=true),(ifeq(q0(D,E),true,ifeq(q0(D,C),true,m1(C,C,C),true),true)=true),(ifeq(p0(A,B),true,ifeq(r0(c),true,ifeq(q0(B,d),true,ifeq(s0(d),true,m1(A,B,c),true),true),true),true)=true),(ifeq(l0(c),true,m1(c,c,c),true)=true),(ifeq(k0(J),true,ifeq(l0(I),true,m1(I,J,I),true),true)=true),(ifeq(s0(e),true,m1(e,e,e),true)=true),(ifeq(l0(a),true,ifeq(s0(d),true,m1(a,a,a),true),true)=true),(ifeq(m1(G,c,G),true,ifeq(m0(a,H,a),true,ifeq(q0(F,G),true,m1(F,a,G),true),true),true)=true),(ifeq(m0(D,E,C),true,m1(C,C,C),true)=true),(ifeq(l0(B),true,ifeq(l0(A),true,ifeq(p0(B,d),true,m1(A,A,A),true),true),true)=true),(ifeq(q0(c,d),true,ifeq(l1(a,b),true,m1(b,b,b),true),true)=true),(ifeq(k0(J),true,ifeq(l0(J),true,ifeq(m0(J,J,J),true,m1(J,J,J),true),true),true)=true),(ifeq(p0(H,I),true,ifeq(s0(H),true,m1(H,I,H),true),true)=true),(ifeq(r0(e),true,m1(e,e,e),true)=true),(ifeq(k0(e),true,ifeq(r0(e),true,ifeq(r0(G),true,ifeq(m0(a,e,c),true,m1(c,a,c),true),true),true),true)=true),(ifeq(s0(F),true,m1(F,F,F),true)=true),(ifeq(m1(E,D,C),true,ifeq(q0(D,D),true,m1(C,C,C),true),true)=true),(ifeq(q0(A,A),true,ifeq(k1(a),true,ifeq(k1(B),true,m1(A,B,B),true),true),true)=true),(ifeq(l0(J),true,ifeq(r0(I),true,m1(I,J,I),true),true)=true),(ifeq(m0(b,B,A),true,n1(A,A,B),true)=true),(ifeq(l0(I),true,ifeq(p0(J,H),true,ifeq(r0(H),true,n1(H,I,H),true),true),true)=true),(ifeq(q0(a,G),true,ifeq(n0(G,G),true,n1(G,G,G),true),true)=true),(ifeq(m0(F,E,c),true,n1(E,c,E),true)=true),(ifeq(m0(C,D,e),true,ifeq(k1(C),true,n1(C,e,e),true),true)=true),(ifeq(m1(b,B,e),true,ifeq(s0(b),true,n1(e,e,B),true),true)=true),(ifeq(k0(H),true,ifeq(m0(I,J,I),true,ifeq(q0(A,J),true,n1(H,H,H),true),true),true)=true),(ifeq(p0(G,G),true,ifeq(k1(G),true,n1(G,G,G),true),true)=true),(ifeq(p0(E,F),true,ifeq(p0(D,D),true,n1(D,E,D),true),true)=true),(ifeq(q0(d,d),true,n1(d,d,d),true)=true),(ifeq(m1(B,C,A),true,ifeq(k0(B),true,n1(A,A,A),true),true)=true),(ifeq(p0(J,J),true,ifeq(r0(I),true,ifeq(l1(J,d),true,n1(I,d,J),true),true),true)=true),(ifeq(l0(c),true,n1(c,c,c),true)=true),(ifeq(l0(D),true,ifeq(p0(b,E),true,ifeq(s0(b),true,n1(D,E,D),true),true),true)=true),(ifeq(n1(C,B,C),true,ifeq(m1(c,B,C),true,ifeq(m0(b,C,c),true,n1(B,B,B),true),true),true)=true),(ifeq(p0(A,J),true,ifeq(m0(J,J,J),true,ifeq(s0(I),true,ifeq(k1(I),true,n1(I,I,I),true),true),true),true)=true),(ifeq(p0(a,b),true,ifeq(p0(H,d),true,n1(a,H,b),true),true)=true),(ifeq(n1(E,F,E),true,ifeq(l0(G),true,ifeq(l1(G,E),true,n1(E,F,F),true),true),true)=true),(ifeq(n1(e,e,e),true,ifeq(p0(d,d),true,ifeq(r0(b),true,n1(d,e,e),true),true),true)=true),(ifeq(l0(a),true,ifeq(r0(a),true,n1(a,a,a),true),true)=true),(ifeq(r0(D),true,n1(D,D,D),true)=true),(ifeq(l1(C,B),true,ifeq(n0(C,B),true,n1(B,B,B),true),true)=true),(ifeq(m0(J,A,A),true,ifeq(m0(I,J,H),true,n1(H,H,I),true),true)=true),(ifeq(m1(d,e,e),true,ifeq(k0(b),true,ifeq(q0(b,e),true,n1(d,d,b),true),true),true)=true),(ifeq(k0(G),true,ifeq(s0(G),true,n1(G,G,G),true),true)=true),(ifeq(n1(E,D,E),true,ifeq(m0(E,E,F),true,n1(D,D,D),true),true)=true),(ifeq(k0(E),true,ifeq(n0(d,D),true,p1(D,D,E),true),true)=true),(ifeq(l0(A),true,ifeq(m0(B,C,b),true,p1(A,A,A),true),true)=true),(ifeq(p0(I,J),true,ifeq(l1(J,J),true,ifeq(n0(J,J),true,p1(I,I,I),true),true),true)=true),(ifeq(n0(H,G),true,p1(G,G,G),true)=true),(ifeq(q0(F,E),true,p1(E,E,E),true)=true),(ifeq(k0(D),true,p1(D,D,D),true)=true),(ifeq(p0(C,B),true,p1(B,B,C),true)=true),(ifeq(p0(a,c),true,p1(c,c,c),true)=true),(ifeq(p1(I,A,H),true,ifeq(l0(J),true,ifeq(s0(b),true,p1(H,I,H),true),true),true)=true),(ifeq(s0(G),true,ifeq(s0(F),true,p1(F,F,F),true),true)=true),(ifeq(k0(b),true,ifeq(k0(D),true,ifeq(k1(E),true,ifeq(n0(e,b),true,p1(D,D,D),true),true),true),true)=true),(ifeq(p0(C,B),true,ifeq(r0(B),true,p1(B,B,C),true),true)=true),(ifeq(p0(b,a),true,p1(a,a,a),true)=true),(ifeq(m0(b,c,e),true,p1(c,e,b),true)=true),(ifeq(p0(d,b),true,ifeq(m0(e,a,a),true,p1(d,d,b),true),true)=true),(ifeq(k0(e),true,ifeq(l0(c),true,ifeq(k1(A),true,p1(A,A,A),true),true),true)=true),(ifeq(n1(H,J,G),true,ifeq(l0(I),true,ifeq(n0(H,H),true,p1(G,G,G),true),true),true)=true),(ifeq(m1(C,D,B),true,ifeq(l0(F),true,ifeq(q0(D,E),true,p1(B,B,B),true),true),true)=true),(ifeq(p1(J,H,A),true,ifeq(m0(J,H,A),true,p1(H,I,J),true),true)=true),(ifeq(m1(F,G,b),true,ifeq(k0(G),true,p1(F,b,G),true),true)=true),(ifeq(m0(b,E,b),true,ifeq(l1(D,b),true,p1(D,D,D),true),true)=true),(ifeq(p0(C,B),true,p1(B,B,B),true)=true),(ifeq(l0(I),true,ifeq(m0(J,A,I),true,p1(I,I,I),true),true)=true),(ifeq(p1(a,a,a),true,ifeq(r0(b),true,p1(a,b,a),true),true)=true),(ifeq(l0(a),true,p1(a,a,a),true)=true),(ifeq(n1(c,d,H),true,ifeq(r0(d),true,ifeq(s0(H),true,ifeq(n0(c,H),true,p1(d,d,H),true),true),true),true)=true),(ifeq(k0(e),true,ifeq(r0(e),true,p1(e,e,e),true),true)=true),(ifeq(n1(D,C,G),true,ifeq(q0(D,E),true,ifeq(k1(F),true,p1(C,C,C),true),true),true)=true),(ifeq(p0(C,J),true,ifeq(n0(B,A),true,q1(J,A,J),true),true)=true),(ifeq(q0(I,H),true,q1(H,H,H),true)=true),(ifeq(k0(b),true,ifeq(l0(c),true,ifeq(s0(e),true,q1(b,e,e),true),true),true)=true),(ifeq(p0(G,F),true,q1(F,G,G),true)=true),(ifeq(q1(E,C,D),true,ifeq(n1(C,D,D),true,ifeq(m1(B,D,C),true,ifeq(p0(C,E),true,q1(B,B,B),true),true),true),true)=true),(ifeq(s0(A),true,q1(A,A,A),true)=true),(ifeq(m0(I,I,J),true,ifeq(s0(H),true,q1(H,H,H),true),true)=true),(ifeq(q1(F,F,G),true,ifeq(k0(G),true,ifeq(l0(E),true,q1(E,F,F),true),true),true)=true),(ifeq(n0(D,C),true,q1(C,C,C),true)=true),(ifeq(p1(b,b,B),true,ifeq(q0(B,b),true,ifeq(k1(B),true,q1(B,B,B),true),true),true)=true),(ifeq(k0(J),true,ifeq(l0(A),true,q1(J,J,J),true),true)=true),(ifeq(m0(I,c,b),true,q1(I,I,I),true)=true),(ifeq(l0(E),true,ifeq(p0(H,E),true,ifeq(r0(G),true,ifeq(q0(F,F),true,q1(E,F,E),true),true),true),true)=true),(ifeq(p0(D,d),true,ifeq(s0(C),true,q1(C,C,D),true),true)=true),(ifeq(s0(B),true,q1(B,B,B),true)=true),(ifeq(m0(e,d,A),true,ifeq(m0(A,d,A),true,q1(e,A,A),true),true)=true),(ifeq(p1(H,b,b),true,ifeq(p0(I,J),true,ifeq(q0(b,b),true,q1(H,H,H),true),true),true)=true),(ifeq(p0(G,G),true,ifeq(q0(F,E),true,ifeq(k1(E),true,q1(E,E,F),true),true),true)=true),(ifeq(m0(C,D,B),true,q1(B,B,B),true)=true),(ifeq(m1(c,d,a),true,ifeq(m0(c,b,a),true,q1(d,d,c),true),true)=true),(ifeq(s0(b),true,ifeq(k1(A),true,q1(A,A,A),true),true)=true),(ifeq(m1(H,I,I),true,ifeq(r0(J),true,q1(H,H,I),true),true)=true),(ifeq(k0(G),true,ifeq(m0(F,F,G),true,q1(F,F,F),true),true)=true),(ifeq(l0(b),true,q1(b,b,b),true)=true),(ifeq(r0(E),true,q1(E,E,E),true)=true),(ifeq(k0(e),true,ifeq(s0(d),true,q1(d,d,d),true),true)=true),(ifeq(n1(D,d,C),true,ifeq(p0(b,d),true,ifeq(s0(b),true,q1(C,C,C),true),true),true)=true),(ifeq(s0(b),true,ifeq(s0(B),true,q1(B,b,b),true),true)=true),(ifeq(r0(b),true,q1(b,b,b),true)=true),(ifeq(m0(J,A,I),true,q1(I,I,I),true)=true),(ifeq(m0(G,H,G),true,q1(G,G,G),true)=true),(ifeq(r0(F),true,ifeq(m0(c,F,F),true,q1(F,F,F),true),true)=true),(ifeq(q1(d,E,d),true,ifeq(q0(D,E),true,ifeq(s0(d),true,r1(D),true),true),true)=true),(ifeq(p0(I,I),true,s1(I),true)=true),(ifeq(s1(H),true,ifeq(q0(F,G),true,s1(F),true),true)=true),(ifeq(k2(F,D),true,ifeq(m1(E,D,C),true,ifeq(k1(F),true,k2(C,D),true),true),true)=true),(ifeq(q1(B,B,d),true,ifeq(n1(e,d,B),true,ifeq(m1(B,e,B),true,k2(B,B),true),true),true)=true),(ifeq(q1(A,J,J),true,k2(J,J),true)=true),(ifeq(l1(e,e),true,k2(e,e),true)=true),(ifeq(l2(E,E),true,ifeq(s1(D),true,ifeq(n0(e,E),true,l2(D,E),true),true),true)=true),(ifeq(s1(B),true,ifeq(p0(A,A),true,ifeq(m0(C,B,J),true,l2(J,J),true),true),true)=true),(ifeq(m1(I,H,H),true,ifeq(p0(H,G),true,ifeq(m0(H,G,I),true,l2(G,G),true),true),true)=true),(ifeq(s0(F),true,ifeq(l1(G,H),true,m2(F),true),true)=true),(ifeq(k1(b),true,m2(b),true)=true),(ifeq(p1(B,C,A),true,n2(A),true)=true),(ifeq(q1(c,a,d),true,ifeq(n1(e,a,e),true,ifeq(m1(b,a,e),true,ifeq(k1(c),true,n2(a),true),true),true),true)=true),(ifeq(k0(b),true,ifeq(l1(e,c),true,n2(c),true),true)=true),(ifeq(r1(b),true,ifeq(p1(b,I,J),true,ifeq(r0(e),true,n2(e),true),true),true)=true),(ifeq(q1(B,a,B),true,p2(B,a,B),true)=true),(ifeq(l2(a,A),true,ifeq(k2(J,a),true,ifeq(k0(A),true,ifeq(k1(A),true,p2(J,J,J),true),true),true),true)=true),(ifeq(q1(e,e,e),true,ifeq(l1(c,b),true,p2(c,e,e),true),true)=true),(ifeq(k2(c,a),true,ifeq(n1(c,I,I),true,ifeq(p0(b,I),true,ifeq(r0(e),true,p2(b,c,a),true),true),true),true)=true),(ifeq(p1(G,H,e),true,ifeq(r0(e),true,p2(e,G,H),true),true)=true),(ifeq(p2(C,D,C),true,ifeq(p1(C,E,F),true,ifeq(l1(E,F),true,p2(C,D,D),true),true),true)=true),(ifeq(r1(d),true,ifeq(l1(e,c),true,p2(e,c,c),true),true)=true),(ifeq(p2(A,J,A),true,ifeq(m1(A,B,J),true,p2(J,J,J),true),true)=true),(ifeq(r1(a),true,ifeq(m0(I,H,d),true,p2(H,H,d),true),true)=true),(ifeq(m1(G,G,F),true,p2(F,F,F),true)=true),(ifeq(s0(d),true,ifeq(k1(d),true,p2(d,d,d),true),true)=true),(ifeq(p2(C,D,C),true,ifeq(n1(E,D,E),true,ifeq(p0(C,D),true,p2(C,D,D),true),true),true)=true),(ifeq(n1(d,d,B),true,p2(B,B,B),true)=true),(ifeq(q1(A,A,A),true,p2(A,A,A),true)=true),(ifeq(p2(e,H,I),true,ifeq(k1(J),true,p2(H,I,I),true),true)=true),(ifeq(q1(a,G,F),true,ifeq(n1(e,F,a),true,p2(F,e,G),true),true)=true),(ifeq(l1(E,d),true,p2(E,E,E),true)=true),(ifeq(p2(B,D,B),true,ifeq(s1(c),true,ifeq(q1(c,B,D),true,ifeq(s0(e),true,p2(B,B,C),true),true),true),true)=true),(ifeq(k1(A),true,p2(A,A,A),true)=true),(ifeq(p2(a,J,H),true,ifeq(m1(a,a,I),true,p2(H,H,H),true),true)=true),(ifeq(p1(d,b,e),true,p2(d,b,b),true)=true),(ifeq(q1(e,c,G),true,ifeq(p1(G,b,b),true,ifeq(n1(e,e,G),true,p2(b,c,c),true),true),true)=true),(ifeq(k2(E,c),true,ifeq(q1(F,c,F),true,p2(E,E,E),true),true)=true),(ifeq(p2(D,C,B),true,ifeq(r1(C),true,ifeq(p0(B,B),true,p2(B,B,B),true),true),true)=true),(ifeq(p2(J,J,A),true,ifeq(q1(J,A,J),true,p2(I,I,I),true),true)=true),(ifeq(m1(a,H,d),true,ifeq(n0(H,d),true,p2(a,H,d),true),true)=true),(ifeq(s1(G),true,ifeq(k1(G),true,p2(G,G,G),true),true)=true),(ifeq(l2(e,b),true,ifeq(r1(e),true,ifeq(m1(d,a,c),true,ifeq(l1(e,c),true,p2(a,c,b),true),true),true),true)=true),(ifeq(q1(E,E,E),true,ifeq(p1(D,F,D),true,p2(D,D,D),true),true)=true),(ifeq(n1(C,e,e),true,p2(C,e,C),true)=true),(ifeq(n1(B,B,B),true,ifeq(p0(A,A),true,p2(A,A,A),true),true)=true),(ifeq(p1(e,e,a),true,p2(a,a,a),true)=true),(ifeq(r1(J),true,ifeq(r0(I),true,p2(I,I,I),true),true)=true),(ifeq(n2(H),true,ifeq(k1(e),true,p2(H,H,H),true),true)=true),(ifeq(l1(G,F),true,p2(F,F,F),true)=true),(ifeq(m1(E,D,E),true,p2(D,E,D),true)=true),(ifeq(p1(E,E,E),true,ifeq(k0(F),true,q2(E,F,F),true),true)=true),(ifeq(n1(C,B,D),true,ifeq(q0(C,B),true,q2(B,B,B),true),true)=true),(ifeq(n1(J,J,A),true,ifeq(k1(A),true,q2(J,J,J),true),true)=true),(ifeq(q2(d,c,a),true,ifeq(s1(c),true,ifeq(q0(e,c),true,q2(d,a,a),true),true),true)=true),(ifeq(p1(I,I,I),true,q2(I,I,I),true)=true),(ifeq(q2(G,H,F),true,ifeq(p1(F,F,H),true,ifeq(n1(G,F,H),true,q2(F,G,F),true),true),true)=true),(ifeq(l2(E,D),true,ifeq(l0(c),true,ifeq(k1(E),true,q2(D,c,E),true),true),true)=true),(ifeq(q1(C,c,B),true,q2(B,B,B),true)=true),(ifeq(q2(A,A,J),true,ifeq(n1(J,d,A),true,ifeq(k1(I),true,q2(I,I,I),true),true),true)=true),(ifeq(l1(H,G),true,q2(G,G,H),true)=true),(ifeq(q2(D,D,D),true,ifeq(r1(D),true,ifeq(k0(D),true,ifeq(m0(E,F,C),true,q2(C,D,C),true),true),true),true)=true),(ifeq(r1(G),true,ifeq(l0(G),true,r2(G),true),true)=true),(ifeq(q2(b,H,b),true,ifeq(s1(b),true,s2(H),true),true)=true),(ifeq(s1(a),true,ifeq(s0(d),true,s2(d),true),true)=true),(ifeq(s1(d),true,ifeq(r1(d),true,s2(d),true),true)=true),(ifeq(p2(B,A,C),true,ifeq(s1(A),true,ifeq(n0(J,C),true,k3(J,A,J),true),true),true)=true),(ifeq(s2(I),true,ifeq(q2(d,I,d),true,ifeq(s1(H),true,k3(H,H,H),true),true),true)=true),(ifeq(k2(G,F),true,k3(F,F,G),true)=true),(ifeq(s2(e),true,ifeq(k2(c,e),true,k3(c,c,c),true),true)=true),(ifeq(p2(D,E,D),true,ifeq(m1(C,C,E),true,k3(C,C,C),true),true)=true),(ifeq(l2(B,b),true,ifeq(k1(A),true,k3(A,A,A),true),true)=true),(ifeq(r2(c),true,ifeq(k0(a),true,k3(c,c,c),true),true)=true),(ifeq(k3(F,G,G),true,ifeq(p2(G,H,e),true,ifeq(s1(G),true,k3(F,F,F),true),true),true)=true),(ifeq(m2(E),true,ifeq(m2(D),true,ifeq(p1(C,D,B),true,k3(B,B,C),true),true),true)=true),(ifeq(k3(H,A,J),true,ifeq(k2(G,J),true,ifeq(q0(I,H),true,k3(G,G,H),true),true),true)=true),(ifeq(r2(a),true,ifeq(l2(e,b),true,ifeq(p1(a,d,b),true,k3(d,d,d),true),true),true)=true),(ifeq(r2(a),true,k3(a,a,a),true)=true),(ifeq(p2(F,E,E),true,k3(E,E,E),true)=true),(ifeq(p2(D,C,C),true,k3(C,D,C),true)=true),(ifeq(r2(c),true,ifeq(l1(b,I),true,k3(I,I,I),true),true)=true),(ifeq(k3(G,H,G),true,ifeq(s2(E),true,ifeq(m2(F),true,ifeq(l1(G,H),true,k3(E,E,E),true),true),true),true)=true),(ifeq(n2(D),true,k3(D,D,D),true)=true),(ifeq(r2(e),true,ifeq(l0(C),true,ifeq(r0(e),true,k3(C,C,C),true),true),true)=true),(ifeq(m2(B),true,k3(B,B,B),true)=true),(ifeq(p2(J,A,A),true,ifeq(r1(I),true,k3(I,I,I),true),true)=true),(ifeq(r2(c),true,k3(c,c,c),true)=true),(ifeq(p2(G,H,G),true,ifeq(r0(G),true,l3(G,H),true),true)=true),(ifeq(p2(E,F,D),true,ifeq(p1(D,D,E),true,l3(D,D),true),true)=true),(ifeq(n2(C),true,ifeq(m2(b),true,l3(C,C),true),true)=true),(ifeq(r2(B),true,l3(B,B),true)=true),(ifeq(l3(A,A),true,ifeq(n2(J),true,ifeq(l1(A,I),true,l3(I,I),true),true),true)=true),(ifeq(s2(H),true,ifeq(l1(G,G),true,l3(G,G),true),true)=true),(ifeq(k2(a,d),true,l3(d,d),true)=true),(ifeq(k3(E,D,D),true,ifeq(l2(F,F),true,l3(D,D),true),true)=true),(ifeq(k2(b,c),true,l3(c,c),true)=true),(ifeq(k3(a,c,a),true,ifeq(s2(d),true,ifeq(r0(b),true,l3(d,c),true),true),true)=true),(ifeq(s2(B),true,ifeq(l2(C,J),true,ifeq(m0(B,B,A),true,ifeq(m0(J,C,C),true,m3(J,A,J),true),true),true),true)=true),(ifeq(m3(G,I,G),true,ifeq(l2(a,a),true,ifeq(k2(H,I),true,ifeq(n0(I,a),true,m3(G,G,G),true),true),true),true)=true),(ifeq(s2(E),true,ifeq(r2(C),true,ifeq(q0(D,E),true,ifeq(s0(F),true,m3(C,C,C),true),true),true),true)=true),(ifeq(m3(B,J,B),true,ifeq(n2(J),true,ifeq(m2(A),true,m3(J,A,A),true),true),true)=true),(ifeq(q2(a,b,a),true,m3(b,b,b),true)=true),(ifeq(q2(b,c,d),true,ifeq(m2(d),true,ifeq(l1(d,b),true,m3(c,b,d),true),true),true)=true),(ifeq(r2(H),true,ifeq(k2(c,I),true,m3(H,I,H),true),true)=true),(ifeq(n2(G),true,ifeq(l2(G,G),true,m3(G,G,G),true),true)=true),(ifeq(n2(E),true,ifeq(m2(F),true,m3(E,E,E),true),true)=true),(ifeq(p2(D,e,e),true,ifeq(n2(e),true,m3(D,e,e),true),true)=true),(ifeq(k3(B,C,B),true,ifeq(r2(C),true,m3(B,B,C),true),true)=true),(ifeq(n2(A),true,m3(A,A,A),true)=true),(ifeq(s2(c),true,ifeq(q2(J,c,c),true,m3(J,c,J),true),true)=true),(ifeq(p2(I,I,I),true,m3(I,I,I),true)=true),(ifeq(l2(a,b),true,m3(b,b,b),true)=true),(ifeq(p2(E,F,D),true,n3(D),true)=true),(ifeq(q2(F,d,C),true,ifeq(k2(D,E),true,p3(C,D,E),true),true)=true),(ifeq(k3(A,B,J),true,ifeq(r2(A),true,p3(J,A,B),true),true)=true),(ifeq(n3(I),true,ifeq(l3(b,e),true,ifeq(q2(I,d,I),true,ifeq(p2(d,b,c),true,p3(I,d,e),true),true),true),true)=true),(ifeq(n2(H),true,p3(H,H,H),true)=true),(ifeq(p3(G,G,F),true,ifeq(l3(F,E),true,ifeq(l1(F,F),true,p3(E,E,E),true),true),true)=true),(ifeq(l2(D,D),true,p3(D,D,D),true)=true),(ifeq(q2(B,C,A),true,ifeq(n2(A),true,ifeq(s1(B),true,p3(A,A,A),true),true),true)=true),(ifeq(n3(I),true,ifeq(p2(J,I,I),true,p3(I,I,I),true),true)=true),(ifeq(n2(H),true,ifeq(k1(H),true,p3(H,H,H),true),true)=true),(ifeq(q2(F,G,E),true,ifeq(k1(E),true,p3(E,E,E),true),true)=true),(ifeq(m3(B,C,D),true,ifeq(p2(A,B,D),true,p3(A,B,B),true),true)=true),(ifeq(k2(J,J),true,ifeq(q0(I,H),true,p3(H,H,H),true),true)=true),(ifeq(k2(c,b),true,p3(b,c,b),true)=true),(ifeq(m3(e,G,e),true,ifeq(q2(G,G,b),true,p3(e,b,e),true),true)=true),(ifeq(q2(I,G,H),true,ifeq(n0(I,G),true,q3(G,H),true),true)=true),(ifeq(q3(F,E),true,ifeq(p2(F,E,E),true,q3(E,E),true),true)=true),(ifeq(q3(C,B),true,ifeq(s2(B),true,ifeq(n1(D,B,C),true,q3(B,C),true),true),true)=true),(ifeq(r2(I),true,ifeq(l2(A,A),true,ifeq(s1(J),true,q3(I,I),true),true),true)=true),(ifeq(q3(H,G),true,ifeq(r2(d),true,ifeq(m0(H,d,H),true,ifeq(k1(G),true,q3(G,G),true),true),true),true)=true),(ifeq(s2(H),true,ifeq(l2(c,G),true,r3(G,H,H),true),true)=true),(ifeq(r2(D),true,ifeq(n1(F,F,F),true,ifeq(l1(E,F),true,r3(D,D,D),true),true),true)=true),(ifeq(r3(A,B,A),true,ifeq(l2(C,B),true,ifeq(p1(B,C,A),true,r3(A,A,A),true),true),true)=true),(ifeq(r3(I,I,J),true,ifeq(m0(d,J,I),true,r3(I,I,I),true),true)=true),(ifeq(s2(H),true,r3(H,H,H),true)=true),(ifeq(l2(G,F),true,r3(F,F,F),true)=true),(ifeq(r2(E),true,r3(E,E,E),true)=true),(ifeq(p2(B,D,C),true,r3(B,C,B),true)=true),(ifeq(r3(I,A,A),true,ifeq(m3(J,b,H),true,ifeq(m2(I),true,r3(H,H,I),true),true),true)=true),(ifeq(m3(a,G,G),true,ifeq(q2(G,e,G),true,ifeq(m2(b),true,ifeq(k2(a,a),true,r3(a,a,e),true),true),true),true)=true),(ifeq(p2(b,F,b),true,ifeq(l2(F,F),true,ifeq(r0(F),true,r3(F,b,F),true),true),true)=true),(ifeq(r3(D,D,D),true,ifeq(p3(D,C,E),true,r3(C,C,C),true),true)=true),(ifeq(r3(B,J,J),true,ifeq(r2(B),true,ifeq(k2(A,B),true,r3(J,A,B),true),true),true)=true),(ifeq(s2(I),true,ifeq(q2(A,I,A),true,ifeq(m0(A,B,J),true,s3(I,J),true),true),true)=true),(ifeq(q3(e,b),true,ifeq(n3(e),true,ifeq(n0(c,d),true,k4(c),true),true),true)=true),(ifeq(r3(C,e,D),true,ifeq(q3(C,C),true,ifeq(q1(a,a,D),true,k4(e),true),true),true)=true),(ifeq(p3(A,B,J),true,l4(J),true)=true),(ifeq(l4(I),true,ifeq(m0(I,H,H),true,l4(H),true),true)=true),(ifeq(s3(a,E),true,ifeq(l2(G,F),true,m4(E,F),true),true)=true),(ifeq(n4(J,J),true,ifeq(p3(J,A,A),true,n4(J,A),true),true)=true),(ifeq(k3(c,c,e),true,ifeq(q1(d,d,d),true,n4(d,d),true),true)=true),(ifeq(p3(b,e,a),true,ifeq(l3(b,a),true,n4(e,e),true),true)=true),(ifeq(k4(I),true,ifeq(m3(H,H,H),true,n4(H,H),true),true)=true),(ifeq(r3(H,G,H),true,ifeq(r0(G),true,p4(G,G,H),true),true)=true),(ifeq(q3(E,F),true,ifeq(n3(D),true,p4(D,D,D),true),true)=true),(ifeq(k3(B,B,C),true,p4(B,C,B),true)=true),(ifeq(p4(J,J,A),true,ifeq(r3(I,I,H),true,p4(H,I,I),true),true)=true),(ifeq(p4(F,G,F),true,ifeq(l4(D),true,ifeq(n0(D,E),true,p4(D,D,D),true),true),true)=true),(ifeq(p4(A,C,A),true,ifeq(m3(B,C,A),true,p4(A,A,A),true),true)=true),(ifeq(p3(J,J,I),true,p4(I,I,I),true)=true),(ifeq(n4(F,H),true,ifeq(k3(G,H,H),true,ifeq(p1(H,G,F),true,p4(F,F,F),true),true),true)=true),(ifeq(n4(E,C),true,ifeq(q3(D,E),true,ifeq(l3(D,D),true,p4(C,C,C),true),true),true)=true),(ifeq(n3(a),true,ifeq(m3(B,c,a),true,p4(c,c,B),true),true)=true),(ifeq(m3(E,F,E),true,ifeq(k3(D,D,B),true,ifeq(q2(E,C,B),true,q4(B,C),true),true),true)=true),(ifeq(q4(J,A),true,ifeq(l4(J),true,ifeq(r1(I),true,q4(I,I),true),true),true)=true),(ifeq(k3(c,e,b),true,ifeq(l1(b,c),true,q4(b,b),true),true)=true),(ifeq(q3(H,I),true,ifeq(n3(G),true,ifeq(p0(J,G),true,r4(G),true),true),true)=true),(ifeq(p3(B,C,D),true,ifeq(l1(A,C),true,s4(A),true),true)=true),(ifeq(s4(F),true,ifeq(r3(G,E,E),true,k5(E),true),true)=true),(ifeq(s4(e),true,ifeq(n1(b,b,b),true,k5(b),true),true)=true),(ifeq(q4(I,I),true,ifeq(k1(H),true,l5(H),true),true)=true),(ifeq(p4(D,F,E),true,ifeq(r0(D),true,m5(D,E),true),true)=true),(ifeq(k4(C),true,m5(C,C),true)=true),(ifeq(s4(B),true,ifeq(m4(e,e),true,m5(B,B),true),true)=true),(ifeq(s4(A),true,ifeq(r0(J),true,m5(J,J),true),true)=true),(ifeq(n5(F,C),true,ifeq(q4(D,E),true,ifeq(p4(F,F,C),true,ifeq(n4(B,E),true,n5(B,C),true),true),true),true)=true),(ifeq(n5(A,J),true,ifeq(m0(A,J,A),true,n5(J,J),true),true)=true),(ifeq(n4(I,H),true,n5(H,H),true)=true),(ifeq(k5(d),true,ifeq(m4(G,G),true,ifeq(p0(E,F),true,n5(E,E),true),true),true)=true),(ifeq(p4(c,d,c),true,n5(d,d),true)=true),(ifeq(n4(b,e),true,ifeq(r3(d,b,c),true,n5(b,e),true),true)=true),(ifeq(q4(D,C),true,n5(C,C),true)=true),(ifeq(r4(B),true,n5(B,B),true)=true),(ifeq(k4(A),true,ifeq(s1(A),true,n5(A,A),true),true)=true),(ifeq(p4(b,b,J),true,ifeq(p4(I,H,H),true,ifeq(s1(H),true,n5(H,H),true),true),true)=true),(ifeq(n4(G,d),true,ifeq(k3(d,G,a),true,n5(d,G),true),true)=true),(ifeq(s4(F),true,ifeq(l2(E,E),true,p5(E,E,F),true),true)=true),(ifeq(p5(B,D,B),true,ifeq(m4(D,C),true,ifeq(l2(B,D),true,p5(B,C,C),true),true),true)=true),(ifeq(q4(J,A),true,ifeq(s1(I),true,p5(I,J,I),true),true)=true),(ifeq(k5(b),true,ifeq(p4(G,G,H),true,p5(b,b,b),true),true)=true),(ifeq(s4(J),true,ifeq(m2(A),true,q5(J,A),true),true)=true),(ifeq(r4(a),true,q5(a,a),true)=true),(ifeq(l4(I),true,q5(I,I),true)=true),(ifeq(q4(H,H),true,q5(H,H),true)=true),(ifeq(m4(G,G),true,q5(G,G),true)=true),(ifeq(s4(C),true,ifeq(n3(D),true,ifeq(k0(b),true,r5(C,D),true),true),true)=true),(ifeq(k4(B),true,r5(B,B),true)=true),(ifeq(r4(I),true,ifeq(l4(H),true,s5(H),true),true)=true),(ifeq(s5(G),true,ifeq(l5(G),true,ifeq(k4(E),true,ifeq(s3(E,F),true,s5(E),true),true),true),true)=true),(ifeq(A,A,B,C)=B),(s0(d)=true),(q0(e,d)=true),(n0(d,e)=true),(m0(e,d,a)=true),(s0(b)=true),(q0(b,b)=true),(n0(d,b)=true),(m0(e,d,e)=true),(r0(b)=true),(p0(b,d)=true),(n0(e,b)=true),(m0(a,X,a)=true),(r0(e)=true),(p0(b,X)=true),(n0(a,b)=true),(m0(c,b,a)=true),(q0(X,d)=true),(p0(c,b)=true),(m0(X,d,Y)=true),(l0(a)=true),(q0(b,e)=true),(p0(b,c)=true),(m0(a,e,e)=true),(l0(c)=true),(q0(d,d)=true),(n0(d,c)=true),(m0(e,b,c)=true),(k0(e)=true),(q0(d,b)=true),(n0(e,e)=true),(m0(b,b,e)=true),(k0(b)=true),(q0(d,c)=true),(n0(c,d)=true),(m0(d,e,c)=true),(q0(a,b)=true),(n0(b,a)=true),(m0(b,a,a)=true),(ifeq(n0(J,I),true,k1(I),true)=true),(ifeq(n0(H,G),true,l1(G,G),true)=true),(ifeq(p0(E,C),true,ifeq(r0(F),true,ifeq(m0(D,C,E),true,l1(C,D),true),true),true)=true),(ifeq(l0(B),true,ifeq(l1(B,B),true,ifeq(k1(A),true,l1(A,A),true),true),true)=true),(ifeq(m0(C,C,B),true,m1(B,C,B),true)=true),(ifeq(m0(A,A,J),true,m1(J,J,J),true)=true),(ifeq(p0(I,H),true,ifeq(r0(G),true,m1(G,H,G),true),true)=true),(ifeq(l0(b),true,m1(b,b,b),true)=true),(ifeq(r0(E),true,ifeq(q0(F,D),true,ifeq(s0(E),true,m1(D,D,D),true),true),true)=true),(ifeq(p0(C,B),true,ifeq(l1(c,c),true,ifeq(n0(C,C),true,m1(B,B,c),true),true),true)=true),(ifeq(k0(J),true,ifeq(n0(A,A),true,m1(J,J,A),true),true)=true),(ifeq(r0(e),true,m1(e,e,e),true)=true),(ifeq(q0(I,H),true,m1(H,H,H),true)=true),(ifeq(m0(F,G,E),true,m1(E,E,E),true)=true),(ifeq(l0(D),true,ifeq(m0(C,C,B),true,m1(B,C,C),true),true)=true),(ifeq(m1(J,A,I),true,ifeq(m1(J,I,H),true,m1(H,I,I),true),true)=true),(ifeq(q0(G,d),true,ifeq(s0(F),true,m1(F,F,F),true),true)=true),(ifeq(q0(D,E),true,ifeq(q0(D,C),true,m1(C,C,C),true),true)=true),(ifeq(p0(A,B),true,ifeq(r0(c),true,ifeq(q0(B,d),true,ifeq(s0(d),true,m1(A,B,c),true),true),true),true)=true),(ifeq(l0(c),true,m1(c,c,c),true)=true),(ifeq(k0(J),true,ifeq(l0(I),true,m1(I,J,I),true),true)=true),(ifeq(s0(e),true,m1(e,e,e),true)=true),(ifeq(l0(a),true,ifeq(s0(d),true,m1(a,a,a),true),true)=true),(ifeq(m1(G,c,G),true,ifeq(m0(a,H,a),true,ifeq(q0(F,G),true,m1(F,a,G),true),true),true)=true),(ifeq(m0(D,E,C),true,m1(C,C,C),true)=true),(ifeq(l0(B),true,ifeq(l0(A),true,ifeq(p0(B,d),true,m1(A,A,A),true),true),true)=true),(ifeq(q0(c,d),true,ifeq(l1(a,b),true,m1(b,b,b),true),true)=true),(ifeq(k0(J),true,ifeq(l0(J),true,ifeq(m0(J,J,J),true,m1(J,J,J),true),true),true)=true),(ifeq(p0(H,I),true,ifeq(s0(H),true,m1(H,I,H),true),true)=true),(ifeq(r0(e),true,m1(e,e,e),true)=true),(ifeq(k0(e),true,ifeq(r0(e),true,ifeq(r0(G),true,ifeq(m0(a,e,c),true,m1(c,a,c),true),true),true),true)=true),(ifeq(s0(F),true,m1(F,F,F),true)=true),(ifeq(m1(E,D,C),true,ifeq(q0(D,D),true,m1(C,C,C),true),true)=true),(ifeq(q0(A,A),true,ifeq(k1(a),true,ifeq(k1(B),true,m1(A,B,B),true),true),true)=true),(ifeq(l0(J),true,ifeq(r0(I),true,m1(I,J,I),true),true)=true),(ifeq(m0(b,B,A),true,n1(A,A,B),true)=true),(ifeq(l0(I),true,ifeq(p0(J,H),true,ifeq(r0(H),true,n1(H,I,H),true),true),true)=true),(ifeq(q0(a,G),true,ifeq(n0(G,G),true,n1(G,G,G),true),true)=true),(ifeq(m0(F,E,c),true,n1(E,c,E),true)=true),(ifeq(m0(C,D,e),true,ifeq(k1(C),true,n1(C,e,e),true),true)=true),(ifeq(m1(b,B,e),true,ifeq(s0(b),true,n1(e,e,B),true),true)=true),(ifeq(k0(H),true,ifeq(m0(I,J,I),true,ifeq(q0(A,J),true,n1(H,H,H),true),true),true)=true),(ifeq(p0(G,G),true,ifeq(k1(G),true,n1(G,G,G),true),true)=true),(ifeq(p0(E,F),true,ifeq(p0(D,D),true,n1(D,E,D),true),true)=true),(ifeq(q0(d,d),true,n1(d,d,d),true)=true),(ifeq(m1(B,C,A),true,ifeq(k0(B),true,n1(A,A,A),true),true)=true),(ifeq(p0(J,J),true,ifeq(r0(I),true,ifeq(l1(J,d),true,n1(I,d,J),true),true),true)=true),(ifeq(l0(c),true,n1(c,c,c),true)=true),(ifeq(l0(D),true,ifeq(p0(b,E),true,ifeq(s0(b),true,n1(D,E,D),true),true),true)=true),(ifeq(n1(C,B,C),true,ifeq(m1(c,B,C),true,ifeq(m0(b,C,c),true,n1(B,B,B),true),true),true)=true),(ifeq(p0(A,J),true,ifeq(m0(J,J,J),true,ifeq(s0(I),true,ifeq(k1(I),true,n1(I,I,I),true),true),true),true)=true),(ifeq(p0(a,b),true,ifeq(p0(H,d),true,n1(a,H,b),true),true)=true),(ifeq(n1(E,F,E),true,ifeq(l0(G),true,ifeq(l1(G,E),true,n1(E,F,F),true),true),true)=true),(ifeq(n1(e,e,e),true,ifeq(p0(d,d),true,ifeq(r0(b),true,n1(d,e,e),true),true),true)=true),(ifeq(l0(a),true,ifeq(r0(a),true,n1(a,a,a),true),true)=true),(ifeq(r0(D),true,n1(D,D,D),true)=true),(ifeq(l1(C,B),true,ifeq(n0(C,B),true,n1(B,B,B),true),true)=true),(ifeq(m0(J,A,A),true,ifeq(m0(I,J,H),true,n1(H,H,I),true),true)=true),(ifeq(m1(d,e,e),true,ifeq(k0(b),true,ifeq(q0(b,e),true,n1(d,d,b),true),true),true)=true),(ifeq(k0(G),true,ifeq(s0(G),true,n1(G,G,G),true),true)=true),(ifeq(n1(E,D,E),true,ifeq(m0(E,E,F),true,n1(D,D,D),true),true)=true),(ifeq(k0(E),true,ifeq(n0(d,D),true,p1(D,D,E),true),true)=true),(ifeq(l0(A),true,ifeq(m0(B,C,b),true,p1(A,A,A),true),true)=true),(ifeq(p0(I,J),true,ifeq(l1(J,J),true,ifeq(n0(J,J),true,p1(I,I,I),true),true),true)=true),(ifeq(n0(H,G),true,p1(G,G,G),true)=true),(ifeq(q0(F,E),true,p1(E,E,E),true)=true),(ifeq(k0(D),true,p1(D,D,D),true)=true),(ifeq(p0(C,B),true,p1(B,B,C),true)=true),(ifeq(p0(a,c),true,p1(c,c,c),true)=true),(ifeq(p1(I,A,H),true,ifeq(l0(J),true,ifeq(s0(b),true,p1(H,I,H),true),true),true)=true),(ifeq(s0(G),true,ifeq(s0(F),true,p1(F,F,F),true),true)=true),(ifeq(k0(b),true,ifeq(k0(D),true,ifeq(k1(E),true,ifeq(n0(e,b),true,p1(D,D,D),true),true),true),true)=true),(ifeq(p0(C,B),true,ifeq(r0(B),true,p1(B,B,C),true),true)=true),(ifeq(p0(b,a),true,p1(a,a,a),true)=true),(ifeq(m0(b,c,e),true,p1(c,e,b),true)=true),(ifeq(p0(d,b),true,ifeq(m0(e,a,a),true,p1(d,d,b),true),true)=true),(ifeq(k0(e),true,ifeq(l0(c),true,ifeq(k1(A),true,p1(A,A,A),true),true),true)=true),(ifeq(n1(H,J,G),true,ifeq(l0(I),true,ifeq(n0(H,H),true,p1(G,G,G),true),true),true)=true),(ifeq(m1(C,D,B),true,ifeq(l0(F),true,ifeq(q0(D,E),true,p1(B,B,B),true),true),true)=true),(ifeq(p1(J,H,A),true,ifeq(m0(J,H,A),true,p1(H,I,J),true),true)=true),(ifeq(m1(F,G,b),true,ifeq(k0(G),true,p1(F,b,G),true),true)=true),(ifeq(m0(b,E,b),true,ifeq(l1(D,b),true,p1(D,D,D),true),true)=true),(ifeq(p0(C,B),true,p1(B,B,B),true)=true),(ifeq(l0(I),true,ifeq(m0(J,A,I),true,p1(I,I,I),true),true)=true),(ifeq(p1(a,a,a),true,ifeq(r0(b),true,p1(a,b,a),true),true)=true),(ifeq(l0(a),true,p1(a,a,a),true)=true),(ifeq(n1(c,d,H),true,ifeq(r0(d),true,ifeq(s0(H),true,ifeq(n0(c,H),true,p1(d,d,H),true),true),true),true)=true),(ifeq(k0(e),true,ifeq(r0(e),true,p1(e,e,e),true),true)=true),(ifeq(n1(D,C,G),true,ifeq(q0(D,E),true,ifeq(k1(F),true,p1(C,C,C),true),true),true)=true),(ifeq(p0(C,J),true,ifeq(n0(B,A),true,q1(J,A,J),true),true)=true),(ifeq(q0(I,H),true,q1(H,H,H),true)=true),(ifeq(k0(b),true,ifeq(l0(c),true,ifeq(s0(e),true,q1(b,e,e),true),true),true)=true),(ifeq(p0(G,F),true,q1(F,G,G),true)=true),(ifeq(q1(E,C,D),true,ifeq(n1(C,D,D),true,ifeq(m1(B,D,C),true,ifeq(p0(C,E),true,q1(B,B,B),true),true),true),true)=true),(ifeq(s0(A),true,q1(A,A,A),true)=true),(ifeq(m0(I,I,J),true,ifeq(s0(H),true,q1(H,H,H),true),true)=true),(ifeq(q1(F,F,G),true,ifeq(k0(G),true,ifeq(l0(E),true,q1(E,F,F),true),true),true)=true),(ifeq(n0(D,C),true,q1(C,C,C),true)=true),(ifeq(p1(b,b,B),true,ifeq(q0(B,b),true,ifeq(k1(B),true,q1(B,B,B),true),true),true)=true),(ifeq(k0(J),true,ifeq(l0(A),true,q1(J,J,J),true),true)=true),(ifeq(m0(I,c,b),true,q1(I,I,I),true)=true),(ifeq(l0(E),true,ifeq(p0(H,E),true,ifeq(r0(G),true,ifeq(q0(F,F),true,q1(E,F,E),true),true),true),true)=true),(ifeq(p0(D,d),true,ifeq(s0(C),true,q1(C,C,D),true),true)=true),(ifeq(s0(B),true,q1(B,B,B),true)=true),(ifeq(m0(e,d,A),true,ifeq(m0(A,d,A),true,q1(e,A,A),true),true)=true),(ifeq(p1(H,b,b),true,ifeq(p0(I,J),true,ifeq(q0(b,b),true,q1(H,H,H),true),true),true)=true),(ifeq(p0(G,G),true,ifeq(q0(F,E),true,ifeq(k1(E),true,q1(E,E,F),true),true),true)=true),(ifeq(m0(C,D,B),true,q1(B,B,B),true)=true),(ifeq(m1(c,d,a),true,ifeq(m0(c,b,a),true,q1(d,d,c),true),true)=true),(ifeq(s0(b),true,ifeq(k1(A),true,q1(A,A,A),true),true)=true),(ifeq(m1(H,I,I),true,ifeq(r0(J),true,q1(H,H,I),true),true)=true),(ifeq(k0(G),true,ifeq(m0(F,F,G),true,q1(F,F,F),true),true)=true),(ifeq(l0(b),true,q1(b,b,b),true)=true),(ifeq(r0(E),true,q1(E,E,E),true)=true),(ifeq(k0(e),true,ifeq(s0(d),true,q1(d,d,d),true),true)=true),(ifeq(n1(D,d,C),true,ifeq(p0(b,d),true,ifeq(s0(b),true,q1(C,C,C),true),true),true)=true),(ifeq(s0(b),true,ifeq(s0(B),true,q1(B,b,b),true),true)=true),(ifeq(r0(b),true,q1(b,b,b),true)=true),(ifeq(m0(J,A,I),true,q1(I,I,I),true)=true),(ifeq(m0(G,H,G),true,q1(G,G,G),true)=true),(ifeq(r0(F),true,ifeq(m0(c,F,F),true,q1(F,F,F),true),true)=true),(ifeq(q1(d,E,d),true,ifeq(q0(D,E),true,ifeq(s0(d),true,r1(D),true),true),true)=true),(ifeq(p0(I,I),true,s1(I),true)=true),(ifeq(s1(H),true,ifeq(q0(F,G),true,s1(F),true),true)=true),(ifeq(k2(F,D),true,ifeq(m1(E,D,C),true,ifeq(k1(F),true,k2(C,D),true),true),true)=true),(ifeq(q1(B,B,d),true,ifeq(n1(e,d,B),true,ifeq(m1(B,e,B),true,k2(B,B),true),true),true)=true),(ifeq(q1(A,J,J),true,k2(J,J),true)=true),(ifeq(l1(e,e),true,k2(e,e),true)=true),(ifeq(l2(E,E),true,ifeq(s1(D),true,ifeq(n0(e,E),true,l2(D,E),true),true),true)=true),(ifeq(s1(B),true,ifeq(p0(A,A),true,ifeq(m0(C,B,J),true,l2(J,J),true),true),true)=true),(ifeq(m1(I,H,H),true,ifeq(p0(H,G),true,ifeq(m0(H,G,I),true,l2(G,G),true),true),true)=true),(ifeq(s0(F),true,ifeq(l1(G,H),true,m2(F),true),true)=true),(ifeq(k1(b),true,m2(b),true)=true),(ifeq(p1(B,C,A),true,n2(A),true)=true),(ifeq(q1(c,a,d),true,ifeq(n1(e,a,e),true,ifeq(m1(b,a,e),true,ifeq(k1(c),true,n2(a),true),true),true),true)=true),(ifeq(k0(b),true,ifeq(l1(e,c),true,n2(c),true),true)=true),(ifeq(r1(b),true,ifeq(p1(b,I,J),true,ifeq(r0(e),true,n2(e),true),true),true)=true),(ifeq(q1(B,a,B),true,p2(B,a,B),true)=true),(ifeq(l2(a,A),true,ifeq(k2(J,a),true,ifeq(k0(A),true,ifeq(k1(A),true,p2(J,J,J),true),true),true),true)=true),(ifeq(q1(e,e,e),true,ifeq(l1(c,b),true,p2(c,e,e),true),true)=true),(ifeq(k2(c,a),true,ifeq(n1(c,I,I),true,ifeq(p0(b,I),true,ifeq(r0(e),true,p2(b,c,a),true),true),true),true)=true),(ifeq(p1(G,H,e),true,ifeq(r0(e),true,p2(e,G,H),true),true)=true),(ifeq(p2(C,D,C),true,ifeq(p1(C,E,F),true,ifeq(l1(E,F),true,p2(C,D,D),true),true),true)=true),(ifeq(r1(d),true,ifeq(l1(e,c),true,p2(e,c,c),true),true)=true),(ifeq(p2(A,J,A),true,ifeq(m1(A,B,J),true,p2(J,J,J),true),true)=true),(ifeq(r1(a),true,ifeq(m0(I,H,d),true,p2(H,H,d),true),true)=true),(ifeq(m1(G,G,F),true,p2(F,F,F),true)=true),(ifeq(s0(d),true,ifeq(k1(d),true,p2(d,d,d),true),true)=true),(ifeq(p2(C,D,C),true,ifeq(n1(E,D,E),true,ifeq(p0(C,D),true,p2(C,D,D),true),true),true)=true),(ifeq(n1(d,d,B),true,p2(B,B,B),true)=true),(ifeq(q1(A,A,A),true,p2(A,A,A),true)=true),(ifeq(p2(e,H,I),true,ifeq(k1(J),true,p2(H,I,I),true),true)=true),(ifeq(q1(a,G,F),true,ifeq(n1(e,F,a),true,p2(F,e,G),true),true)=true),(ifeq(l1(E,d),true,p2(E,E,E),true)=true),(ifeq(p2(B,D,B),true,ifeq(s1(c),true,ifeq(q1(c,B,D),true,ifeq(s0(e),true,p2(B,B,C),true),true),true),true)=true),(ifeq(k1(A),true,p2(A,A,A),true)=true),(ifeq(p2(a,J,H),true,ifeq(m1(a,a,I),true,p2(H,H,H),true),true)=true),(ifeq(p1(d,b,e),true,p2(d,b,b),true)=true),(ifeq(q1(e,c,G),true,ifeq(p1(G,b,b),true,ifeq(n1(e,e,G),true,p2(b,c,c),true),true),true)=true),(ifeq(k2(E,c),true,ifeq(q1(F,c,F),true,p2(E,E,E),true),true)=true),(ifeq(p2(D,C,B),true,ifeq(r1(C),true,ifeq(p0(B,B),true,p2(B,B,B),true),true),true)=true),(ifeq(p2(J,J,A),true,ifeq(q1(J,A,J),true,p2(I,I,I),true),true)=true),(ifeq(m1(a,H,d),true,ifeq(n0(H,d),true,p2(a,H,d),true),true)=true),(ifeq(s1(G),true,ifeq(k1(G),true,p2(G,G,G),true),true)=true),(ifeq(l2(e,b),true,ifeq(r1(e),true,ifeq(m1(d,a,c),true,ifeq(l1(e,c),true,p2(a,c,b),true),true),true),true)=true),(ifeq(q1(E,E,E),true,ifeq(p1(D,F,D),true,p2(D,D,D),true),true)=true),(ifeq(n1(C,e,e),true,p2(C,e,C),true)=true),(ifeq(n1(B,B,B),true,ifeq(p0(A,A),true,p2(A,A,A),true),true)=true),(ifeq(p1(e,e,a),true,p2(a,a,a),true)=true),(ifeq(r1(J),true,ifeq(r0(I),true,p2(I,I,I),true),true)=true),(ifeq(n2(H),true,ifeq(k1(e),true,p2(H,H,H),true),true)=true),(ifeq(l1(G,F),true,p2(F,F,F),true)=true),(ifeq(m1(E,D,E),true,p2(D,E,D),true)=true),(ifeq(p1(E,E,E),true,ifeq(k0(F),true,q2(E,F,F),true),true)=true),(ifeq(n1(C,B,D),true,ifeq(q0(C,B),true,q2(B,B,B),true),true)=true),(ifeq(n1(J,J,A),true,ifeq(k1(A),true,q2(J,J,J),true),true)=true),(ifeq(q2(d,c,a),true,ifeq(s1(c),true,ifeq(q0(e,c),true,q2(d,a,a),true),true),true)=true),(ifeq(p1(I,I,I),true,q2(I,I,I),true)=true),(ifeq(q2(G,H,F),true,ifeq(p1(F,F,H),true,ifeq(n1(G,F,H),true,q2(F,G,F),true),true),true)=true),(ifeq(l2(E,D),true,ifeq(l0(c),true,ifeq(k1(E),true,q2(D,c,E),true),true),true)=true),(ifeq(q1(C,c,B),true,q2(B,B,B),true)=true),(ifeq(q2(A,A,J),true,ifeq(n1(J,d,A),true,ifeq(k1(I),true,q2(I,I,I),true),true),true)=true),(ifeq(l1(H,G),true,q2(G,G,H),true)=true),(ifeq(q2(D,D,D),true,ifeq(r1(D),true,ifeq(k0(D),true,ifeq(m0(E,F,C),true,q2(C,D,C),true),true),true),true)=true),(ifeq(r1(G),true,ifeq(l0(G),true,r2(G),true),true)=true),(ifeq(q2(b,H,b),true,ifeq(s1(b),true,s2(H),true),true)=true),(ifeq(s1(a),true,ifeq(s0(d),true,s2(d),true),true)=true),(ifeq(s1(d),true,ifeq(r1(d),true,s2(d),true),true)=true),(ifeq(p2(B,A,C),true,ifeq(s1(A),true,ifeq(n0(J,C),true,k3(J,A,J),true),true),true)=true),(ifeq(s2(I),true,ifeq(q2(d,I,d),true,ifeq(s1(H),true,k3(H,H,H),true),true),true)=true),(ifeq(k2(G,F),true,k3(F,F,G),true)=true),(ifeq(s2(e),true,ifeq(k2(c,e),true,k3(c,c,c),true),true)=true),(ifeq(p2(D,E,D),true,ifeq(m1(C,C,E),true,k3(C,C,C),true),true)=true),(ifeq(l2(B,b),true,ifeq(k1(A),true,k3(A,A,A),true),true)=true),(ifeq(r2(c),true,ifeq(k0(a),true,k3(c,c,c),true),true)=true),(ifeq(k3(F,G,G),true,ifeq(p2(G,H,e),true,ifeq(s1(G),true,k3(F,F,F),true),true),true)=true),(ifeq(m2(E),true,ifeq(m2(D),true,ifeq(p1(C,D,B),true,k3(B,B,C),true),true),true)=true),(ifeq(k3(H,A,J),true,ifeq(k2(G,J),true,ifeq(q0(I,H),true,k3(G,G,H),true),true),true)=true),(ifeq(r2(a),true,ifeq(l2(e,b),true,ifeq(p1(a,d,b),true,k3(d,d,d),true),true),true)=true),(ifeq(r2(a),true,k3(a,a,a),true)=true),(ifeq(p2(F,E,E),true,k3(E,E,E),true)=true),(ifeq(p2(D,C,C),true,k3(C,D,C),true)=true),(ifeq(r2(c),true,ifeq(l1(b,I),true,k3(I,I,I),true),true)=true),(ifeq(k3(G,H,G),true,ifeq(s2(E),true,ifeq(m2(F),true,ifeq(l1(G,H),true,k3(E,E,E),true),true),true),true)=true),(ifeq(n2(D),true,k3(D,D,D),true)=true),(ifeq(r2(e),true,ifeq(l0(C),true,ifeq(r0(e),true,k3(C,C,C),true),true),true)=true),(ifeq(m2(B),true,k3(B,B,B),true)=true),(ifeq(p2(J,A,A),true,ifeq(r1(I),true,k3(I,I,I),true),true)=true),(ifeq(r2(c),true,k3(c,c,c),true)=true),(ifeq(p2(G,H,G),true,ifeq(r0(G),true,l3(G,H),true),true)=true),(ifeq(p2(E,F,D),true,ifeq(p1(D,D,E),true,l3(D,D),true),true)=true),(ifeq(n2(C),true,ifeq(m2(b),true,l3(C,C),true),true)=true),(ifeq(r2(B),true,l3(B,B),true)=true),(ifeq(l3(A,A),true,ifeq(n2(J),true,ifeq(l1(A,I),true,l3(I,I),true),true),true)=true),(ifeq(s2(H),true,ifeq(l1(G,G),true,l3(G,G),true),true)=true),(ifeq(k2(a,d),true,l3(d,d),true)=true),(ifeq(k3(E,D,D),true,ifeq(l2(F,F),true,l3(D,D),true),true)=true),(ifeq(k2(b,c),true,l3(c,c),true)=true),(ifeq(k3(a,c,a),true,ifeq(s2(d),true,ifeq(r0(b),true,l3(d,c),true),true),true)=true),(ifeq(s2(B),true,ifeq(l2(C,J),true,ifeq(m0(B,B,A),true,ifeq(m0(J,C,C),true,m3(J,A,J),true),true),true),true)=true),(ifeq(m3(G,I,G),true,ifeq(l2(a,a),true,ifeq(k2(H,I),true,ifeq(n0(I,a),true,m3(G,G,G),true),true),true),true)=true),(ifeq(s2(E),true,ifeq(r2(C),true,ifeq(q0(D,E),true,ifeq(s0(F),true,m3(C,C,C),true),true),true),true)=true),(ifeq(m3(B,J,B),true,ifeq(n2(J),true,ifeq(m2(A),true,m3(J,A,A),true),true),true)=true),(ifeq(q2(a,b,a),true,m3(b,b,b),true)=true),(ifeq(q2(b,c,d),true,ifeq(m2(d),true,ifeq(l1(d,b),true,m3(c,b,d),true),true),true)=true),(ifeq(r2(H),true,ifeq(k2(c,I),true,m3(H,I,H),true),true)=true),(ifeq(n2(G),true,ifeq(l2(G,G),true,m3(G,G,G),true),true)=true),(ifeq(n2(E),true,ifeq(m2(F),true,m3(E,E,E),true),true)=true),(ifeq(p2(D,e,e),true,ifeq(n2(e),true,m3(D,e,e),true),true)=true),(ifeq(k3(B,C,B),true,ifeq(r2(C),true,m3(B,B,C),true),true)=true),(ifeq(n2(A),true,m3(A,A,A),true)=true),(ifeq(s2(c),true,ifeq(q2(J,c,c),true,m3(J,c,J),true),true)=true),(ifeq(p2(I,I,I),true,m3(I,I,I),true)=true),(ifeq(l2(a,b),true,m3(b,b,b),true)=true),(ifeq(p2(E,F,D),true,n3(D),true)=true),(ifeq(q2(F,d,C),true,ifeq(k2(D,E),true,p3(C,D,E),true),true)=true),(ifeq(k3(A,B,J),true,ifeq(r2(A),true,p3(J,A,B),true),true)=true),(ifeq(n3(I),true,ifeq(l3(b,e),true,ifeq(q2(I,d,I),true,ifeq(p2(d,b,c),true,p3(I,d,e),true),true),true),true)=true),(ifeq(n2(H),true,p3(H,H,H),true)=true),(ifeq(p3(G,G,F),true,ifeq(l3(F,E),true,ifeq(l1(F,F),true,p3(E,E,E),true),true),true)=true),(ifeq(l2(D,D),true,p3(D,D,D),true)=true),(ifeq(q2(B,C,A),true,ifeq(n2(A),true,ifeq(s1(B),true,p3(A,A,A),true),true),true)=true),(ifeq(n3(I),true,ifeq(p2(J,I,I),true,p3(I,I,I),true),true)=true),(ifeq(n2(H),true,ifeq(k1(H),true,p3(H,H,H),true),true)=true),(ifeq(q2(F,G,E),true,ifeq(k1(E),true,p3(E,E,E),true),true)=true),(ifeq(m3(B,C,D),true,ifeq(p2(A,B,D),true,p3(A,B,B),true),true)=true),(ifeq(k2(J,J),true,ifeq(q0(I,H),true,p3(H,H,H),true),true)=true),(ifeq(k2(c,b),true,p3(b,c,b),true)=true),(ifeq(m3(e,G,e),true,ifeq(q2(G,G,b),true,p3(e,b,e),true),true)=true),(ifeq(q2(I,G,H),true,ifeq(n0(I,G),true,q3(G,H),true),true)=true),(ifeq(q3(F,E),true,ifeq(p2(F,E,E),true,q3(E,E),true),true)=true),(ifeq(q3(C,B),true,ifeq(s2(B),true,ifeq(n1(D,B,C),true,q3(B,C),true),true),true)=true),(ifeq(r2(I),true,ifeq(l2(A,A),true,ifeq(s1(J),true,q3(I,I),true),true),true)=true),(ifeq(q3(H,G),true,ifeq(r2(d),true,ifeq(m0(H,d,H),true,ifeq(k1(G),true,q3(G,G),true),true),true),true)=true),(ifeq(s2(H),true,ifeq(l2(c,G),true,r3(G,H,H),true),true)=true),(ifeq(r2(D),true,ifeq(n1(F,F,F),true,ifeq(l1(E,F),true,r3(D,D,D),true),true),true)=true),(ifeq(r3(A,B,A),true,ifeq(l2(C,B),true,ifeq(p1(B,C,A),true,r3(A,A,A),true),true),true)=true),(ifeq(r3(I,I,J),true,ifeq(m0(d,J,I),true,r3(I,I,I),true),true)=true),(ifeq(s2(H),true,r3(H,H,H),true)=true),(ifeq(l2(G,F),true,r3(F,F,F),true)=true),(ifeq(r2(E),true,r3(E,E,E),true)=true),(ifeq(p2(B,D,C),true,r3(B,C,B),true)=true),(ifeq(r3(I,A,A),true,ifeq(m3(J,b,H),true,ifeq(m2(I),true,r3(H,H,I),true),true),true)=true),(ifeq(m3(a,G,G),true,ifeq(q2(G,e,G),true,ifeq(m2(b),true,ifeq(k2(a,a),true,r3(a,a,e),true),true),true),true)=true),(ifeq(p2(b,F,b),true,ifeq(l2(F,F),true,ifeq(r0(F),true,r3(F,b,F),true),true),true)=true),(ifeq(r3(D,D,D),true,ifeq(p3(D,C,E),true,r3(C,C,C),true),true)=true),(ifeq(r3(B,J,J),true,ifeq(r2(B),true,ifeq(k2(A,B),true,r3(J,A,B),true),true),true)=true),(ifeq(s2(I),true,ifeq(q2(A,I,A),true,ifeq(m0(A,B,J),true,s3(I,J),true),true),true)=true),(ifeq(q3(e,b),true,ifeq(n3(e),true,ifeq(n0(c,d),true,k4(c),true),true),true)=true),(ifeq(r3(C,e,D),true,ifeq(q3(C,C),true,ifeq(q1(a,a,D),true,k4(e),true),true),true)=true),(ifeq(p3(A,B,J),true,l4(J),true)=true),(ifeq(l4(I),true,ifeq(m0(I,H,H),true,l4(H),true),true)=true),(ifeq(s3(a,E),true,ifeq(l2(G,F),true,m4(E,F),true),true)=true),(ifeq(n4(J,J),true,ifeq(p3(J,A,A),true,n4(J,A),true),true)=true),(ifeq(k3(c,c,e),true,ifeq(q1(d,d,d),true,n4(d,d),true),true)=true),(ifeq(p3(b,e,a),true,ifeq(l3(b,a),true,n4(e,e),true),true)=true),(ifeq(k4(I),true,ifeq(m3(H,H,H),true,n4(H,H),true),true)=true),(ifeq(r3(H,G,H),true,ifeq(r0(G),true,p4(G,G,H),true),true)=true),(ifeq(q3(E,F),true,ifeq(n3(D),true,p4(D,D,D),true),true)=true),(ifeq(k3(B,B,C),true,p4(B,C,B),true)=true),(ifeq(p4(J,J,A),true,ifeq(r3(I,I,H),true,p4(H,I,I),true),true)=true),(ifeq(p4(F,G,F),true,ifeq(l4(D),true,ifeq(n0(D,E),true,p4(D,D,D),true),true),true)=true),(ifeq(p4(A,C,A),true,ifeq(m3(B,C,A),true,p4(A,A,A),true),true)=true),(ifeq(p3(J,J,I),true,p4(I,I,I),true)=true),(ifeq(n4(F,H),true,ifeq(k3(G,H,H),true,ifeq(p1(H,G,F),true,p4(F,F,F),true),true),true)=true),(ifeq(n4(E,C),true,ifeq(q3(D,E),true,ifeq(l3(D,D),true,p4(C,C,C),true),true),true)=true),(ifeq(n3(a),true,ifeq(m3(B,c,a),true,p4(c,c,B),true),true)=true),(ifeq(m3(E,F,E),true,ifeq(k3(D,D,B),true,ifeq(q2(E,C,B),true,q4(B,C),true),true),true)=true),(ifeq(q4(J,A),true,ifeq(l4(J),true,ifeq(r1(I),true,q4(I,I),true),true),true)=true),(ifeq(k3(c,e,b),true,ifeq(l1(b,c),true,q4(b,b),true),true)=true),(ifeq(q3(H,I),true,ifeq(n3(G),true,ifeq(p0(J,G),true,r4(G),true),true),true)=true),(ifeq(p3(B,C,D),true,ifeq(l1(A,C),true,s4(A),true),true)=true),(ifeq(s4(F),true,ifeq(r3(G,E,E),true,k5(E),true),true)=true),(ifeq(s4(e),true,ifeq(n1(b,b,b),true,k5(b),true),true)=true),(ifeq(q4(I,I),true,ifeq(k1(H),true,l5(H),true),true)=true),(ifeq(p4(D,F,E),true,ifeq(r0(D),true,m5(D,E),true),true)=true),(ifeq(k4(C),true,m5(C,C),true)=true),(ifeq(s4(B),true,ifeq(m4(e,e),true,m5(B,B),true),true)=true),(ifeq(s4(A),true,ifeq(r0(J),true,m5(J,J),true),true)=true),(ifeq(n5(F,C),true,ifeq(q4(D,E),true,ifeq(p4(F,F,C),true,ifeq(n4(B,E),true,n5(B,C),true),true),true),true)=true),(ifeq(n5(A,J),true,ifeq(m0(A,J,A),true,n5(J,J),true),true)=true),(ifeq(n4(I,H),true,n5(H,H),true)=true),(ifeq(k5(d),true,ifeq(m4(G,G),true,ifeq(p0(E,F),true,n5(E,E),true),true),true)=true),(ifeq(p4(c,d,c),true,n5(d,d),true)=true),(ifeq(n4(b,e),true,ifeq(r3(d,b,c),true,n5(b,e),true),true)=true),(ifeq(q4(D,C),true,n5(C,C),true)=true),(ifeq(r4(B),true,n5(B,B),true)=true),(ifeq(k4(A),true,ifeq(s1(A),true,n5(A,A),true),true)=true),(ifeq(p4(b,b,J),true,ifeq(p4(I,H,H),true,ifeq(s1(H),true,n5(H,H),true),true),true)=true),(ifeq(n4(G,d),true,ifeq(k3(d,G,a),true,n5(d,G),true),true)=true),(ifeq(s4(F),true,ifeq(l2(E,E),true,p5(E,E,F),true),true)=true),(ifeq(p5(B,D,B),true,ifeq(m4(D,C),true,ifeq(l2(B,D),true,p5(B,C,C),true),true),true)=true),(ifeq(q4(J,A),true,ifeq(s1(I),true,p5(I,J,I),true),true)=true),(ifeq(k5(b),true,ifeq(p4(G,G,H),true,p5(b,b,b),true),true)=true),(ifeq(s4(J),true,ifeq(m2(A),true,q5(J,A),true),true)=true),(ifeq(r4(a),true,q5(a,a),true)=true),(ifeq(l4(I),true,q5(I,I),true)=true),(ifeq(q4(H,H),true,q5(H,H),true)=true),(ifeq(m4(G,G),true,q5(G,G),true)=true),(ifeq(s4(C),true,ifeq(n3(D),true,ifeq(k0(b),true,r5(C,D),true),true),true)=true),(ifeq(k4(B),true,r5(B,B),true)=true),(ifeq(r4(I),true,ifeq(l4(H),true,s5(H),true),true)=true),(ifeq(s5(G),true,ifeq(l5(G),true,ifeq(k4(E),true,ifeq(s3(E,F),true,s5(E),true),true),true),true)=true)				
../../TPTP-v7.3.0/Problems/SYN/SYN745-1.p		Satisfiable	UNKNOWN		UNKNOWN		cnf					
../../TPTP-v7.3.0/Problems/SYN/SYN150-1.p		Unsatisfiable	UNKNOWN		UNKNOWN		cnf					
../../TPTP-v7.3.0/Problems/SYN/SYN883-1.p		Unsatisfiable	UNKNOWN		UNKNOWN		cnf					
../../TPTP-v7.3.0/Problems/SYN/SYN227-1.p		Unsatisfiable	UNKNOWN		UNKNOWN		cnf					
../../TPTP-v7.3.0/Problems/SYN/SYN101-1.002.002.p		Unsatisfiable	UNKNOWN		UNKNOWN		cnf	(p_1_2(X_1,X_2)|~p_2_2(X_1,X_2)|~p_1_1(X_1,X_2)),(p_1_2(X_1,X_2)|~q_2_2(X_1,X_2)|~q_1_1(X_1,X_2)),(q_1_2(X_1,X_2)|~p_2_2(X_1,X_2)|~q_1_1(X_1,X_2)),(q_1_2(X_1,X_2)|~q_2_2(X_1,X_2)|~p_1_1(X_1,X_2)),(p_1_1(X_1,X_2)|~p_1_2(X_1,X_2)),(q_1_1(X_1,X_2)|~q_1_2(X_1,X_2)),(p_2_2(X_1,X_2)|~p_1_2(X_1,X_2)),(q_2_2(X_1,X_2)|~q_1_2(X_1,X_2)),(p_1_1(X_1,X_2)|~nq_1(X_1)|~nq_2(X_2)),(q_1_1(X_1,X_2)|~nq_1(X_1)|~nq_2(X_2)),(p_2_2(X_1,X_2)|~nq_1(X_1)|~nq_2(X_2)),(q_2_2(X_1,X_2)|~nq_1(X_1)|~nq_2(X_2)),(nq_1(a)),(nq_1(b)),(nq_2(a)),(nq_2(b)),(p_1_2(X_1,X_2)|~p_2_2(X_1,X_2)|~p_1_1(X_1,X_2)),(p_1_2(X_1,X_2)|~q_2_2(X_1,X_2)|~q_1_1(X_1,X_2)),(q_1_2(X_1,X_2)|~p_2_2(X_1,X_2)|~q_1_1(X_1,X_2)),(q_1_2(X_1,X_2)|~q_2_2(X_1,X_2)|~p_1_1(X_1,X_2)),(p_1_1(X_1,X_2)|~p_1_2(X_1,X_2)),(q_1_1(X_1,X_2)|~q_1_2(X_1,X_2)),(p_2_2(X_1,X_2)|~p_1_2(X_1,X_2)),(q_2_2(X_1,X_2)|~q_1_2(X_1,X_2)),(p_1_1(X_1,X_2)|~nq_1(X_1)|~nq_2(X_2)),(q_1_1(X_1,X_2)|~nq_1(X_1)|~nq_2(X_2)),(p_2_2(X_1,X_2)|~nq_1(X_1)|~nq_2(X_2)),(q_2_2(X_1,X_2)|~nq_1(X_1)|~nq_2(X_2)),(nq_1(a)),(nq_1(b)),(nq_2(a)),(nq_2(b))				
../../TPTP-v7.3.0/Problems/SYN/SYN248-1.p		Unsatisfiable	UNKNOWN		UNKNOWN		cnf					
../../TPTP-v7.3.0/Problems/SYN/SYN735-1.p		Satisfiable	UNKNOWN		UNKNOWN		cnf					
../../TPTP-v7.3.0/Problems/SYN/SYN326-1.p		Unsatisfiable	UNKNOWN		UNKNOWN		cnf					
../../TPTP-v7.3.0/Problems/SYN/SYN002-1.007.008.p		Unsatisfiable	UNKNOWN		UNKNOWN		cnf					
../../TPTP-v7.3.0/Problems/SYN/SYN652-1.p		Unsatisfiable	UNKNOWN		UNKNOWN		cnf					
../../TPTP-v7.3.0/Problems/SYN/SYN257-1.p		Unsatisfiable	UNKNOWN		UNKNOWN		cnf					
../../TPTP-v7.3.0/Problems/SYN/SYN254-1.p		Unsatisfiable	UNKNOWN		UNKNOWN		cnf					
../../TPTP-v7.3.0/Problems/SYN/SYN603-1.p		Unsatisfiable	UNKNOWN		UNKNOWN		cnf					
../../TPTP-v7.3.0/Problems/SYN/SYN796-1.p		Unsatisfiable	UNKNOWN		UNKNOWN		cnf					
../../TPTP-v7.3.0/Problems/SYN/SYN960+1.p		Theorem	UNKNOWN		UNKNOWN		fof		(?[X,Y]:a(X,Y)<=>?[Y,X]:a(X,Y))			
../../TPTP-v7.3.0/Problems/SYN/SYN533+1.p		CounterSatisfiable	UNKNOWN		UNKNOWN		fof		(~((~c1_0|![U]:(ndr1_0=>(c2_1(U)|![V]:(ndr1_1(U)=>(c5_2(U,V)|~c2_2(U,V)))|~c3_1(U)))|c2_0)&c4_0&(c1_0|![W]:(ndr1_0=>((ndr1_1(W)&~c1_2(W,a443)&c3_2(W,a443))|(ndr1_1(W)&~c5_2(W,a444)&~c3_2(W,a444))|~c2_1(W)))|![X]:(ndr1_0=>(![Y]:(ndr1_1(X)=>(~c5_2(X,Y)|c3_2(X,Y)))|![Z]:(ndr1_1(X)=>(~c3_2(X,Z)|c1_2(X,Z)|c4_2(X,Z))))))&(c3_0|c1_0|![X1]:(ndr1_0=>(~c1_1(X1)|![X2]:(ndr1_1(X1)=>(c5_2(X1,X2)|~c3_2(X1,X2)|c4_2(X1,X2))))))&((ndr1_0&c3_1(a445)&ndr1_1(a445)&~c4_2(a445,a446)&~c2_2(a445,a446))|c3_0)&((ndr1_0&![X3]:(ndr1_1(a447)=>(c3_2(a447,X3)|~c5_2(a447,X3)|c1_2(a447,X3)))&ndr1_1(a447)&~c1_2(a447,a448)&~c4_2(a447,a448)&~c2_2(a447,a448))|(ndr1_0&c1_1(a449)&c2_1(a449)&ndr1_1(a449)&c5_2(a449,a450)&~c2_2(a449,a450)&~c3_2(a449,a450))|c2_0)&(c2_0|(ndr1_0&ndr1_1(a451)&~c2_2(a451,a452)&c3_2(a451,a452)&~c4_1(a451)&c3_1(a451))|~c5_0)&(c2_0|c3_0|![X4]:(ndr1_0=>(c2_1(X4)|~c3_1(X4))))&(~c1_0|(ndr1_0&~c4_1(a453)&ndr1_1(a453)&c5_2(a453,a454)&~c1_2(a453,a454)&~c3_2(a453,a454))|(ndr1_0&ndr1_1(a455)&c2_2(a455,a456)&c3_2(a455,a456)&~c4_2(a455,a456)&~c1_1(a455)&ndr1_1(a455)&c1_2(a455,a457)&c2_2(a455,a457)&~c4_2(a455,a457)))&(c1_0|![X5]:(ndr1_0=>(c2_1(X5)|c3_1(X5))))&((ndr1_0&c1_1(a458)&~c5_1(a458)&ndr1_1(a458)&c5_2(a458,a459)&~c1_2(a458,a459)&~c3_2(a458,a459))|(ndr1_0&c2_1(a460)&~c1_1(a460)&![X6]:(ndr1_1(a460)=>c3_2(a460,X6)))|~c3_0)&(c1_0|(ndr1_0&ndr1_1(a461)&c1_2(a461,a462)&~c5_2(a461,a462)&~c4_2(a461,a462)&c1_1(a461)&ndr1_1(a461)&c2_2(a461,a463)&c1_2(a461,a463))|~c2_0)&((ndr1_0&c3_1(a464)&~c5_1(a464)&~c2_1(a464))|c2_0)&((ndr1_0&ndr1_1(a465)&~c5_2(a465,a466)&c1_2(a465,a466)&~c4_2(a465,a466)&~c5_1(a465))|c2_0)&(![X7]:(ndr1_0=>(~c1_1(X7)|~c4_1(X7)|![X8]:(ndr1_1(X7)=>(c4_2(X7,X8)|c2_2(X7,X8)|c5_2(X7,X8)))))|![X9]:(ndr1_0=>(~c3_1(X9)|c2_1(X9))))&(~c3_0|c1_0|c2_0)&((ndr1_0&c4_1(a467)&~c3_1(a467)&c5_1(a467))|c1_0)&(![X10]:(ndr1_0=>(c1_1(X10)|(ndr1_1(X10)&c2_2(X10,a468)&~c1_2(X10,a468)&c5_2(X10,a468))|(ndr1_1(X10)&c5_2(X10,a469)&c4_2(X10,a469)&c2_2(X10,a469))))|(ndr1_0&~c3_1(a470)&~c5_1(a470)))))			
../../TPTP-v7.3.0/Problems/SYN/SYN905-1.p		Satisfiable	UNKNOWN		UNKNOWN		cnf					
../../TPTP-v7.3.0/Problems/SYN/SYN546-1.p		Satisfiable	UNKNOWN		UNKNOWN		cnf					
../../TPTP-v7.3.0/Problems/SYN/SYN516+1.p		CounterSatisfiable	UNKNOWN		UNKNOWN		fof		(~((c4_0|c5_0|![U]:(ndr1_0=>(![V]:(ndr1_1(U)=>(c3_2(U,V)|~c4_2(U,V)|c5_2(U,V)))|(ndr1_1(U)&~c1_2(U,a27)&~c5_2(U,a27)&c4_2(U,a27)))))&(c1_0|![W]:(ndr1_0=>(![X]:(ndr1_1(W)=>(c2_2(W,X)|~c5_2(W,X)|c4_2(W,X)))|~c4_1(W))))&(![Y]:(ndr1_0=>(c2_1(Y)|(ndr1_1(Y)&~c5_2(Y,a28)&~c3_2(Y,a28))))|![Z]:(ndr1_0=>(c3_1(Z)|(ndr1_1(Z)&~c1_2(Z,a29)&c2_2(Z,a29))|![X1]:(ndr1_1(Z)=>(~c3_2(Z,X1)|~c5_2(Z,X1)|~c1_2(Z,X1))))))&((ndr1_0&~c1_1(a30)&c3_1(a30))|(ndr1_0&ndr1_1(a31)&c3_2(a31,a32)&~c4_2(a31,a32)&c5_2(a31,a32)&ndr1_1(a31)&~c4_2(a31,a33)&~c5_2(a31,a33)&c2_2(a31,a33)&c1_1(a31))|c5_0)&((ndr1_0&ndr1_1(a34)&c1_2(a34,a35)&~c5_2(a34,a35)&~c4_2(a34,a35)&~c2_1(a34)&~c1_1(a34))|~c4_0|~c1_0)&(![X2]:(ndr1_0=>((ndr1_1(X2)&~c5_2(X2,a36)&~c1_2(X2,a36)&c3_2(X2,a36))|![X3]:(ndr1_1(X2)=>(c3_2(X2,X3)|c2_2(X2,X3)))|c5_1(X2)))|![X4]:(ndr1_0=>(c5_1(X4)|(ndr1_1(X4)&c4_2(X4,a37)&c3_2(X4,a37)&~c2_2(X4,a37))|c4_1(X4))))&(~c4_0|~c2_0|c5_0)&(~c3_0|![X5]:(ndr1_0=>(~c5_1(X5)|(ndr1_1(X5)&~c5_2(X5,a38)&c1_2(X5,a38)&c3_2(X5,a38))|c4_1(X5))))&(c3_0|(ndr1_0&ndr1_1(a39)&c1_2(a39,a40)&c2_2(a39,a40)&c2_1(a39)&![X6]:(ndr1_1(a39)=>(~c5_2(a39,X6)|c1_2(a39,X6))))|(ndr1_0&ndr1_1(a41)&c5_2(a41,a42)&~c3_2(a41,a42)&c4_2(a41,a42)&~c2_1(a41)))&(~c5_0|(ndr1_0&~c5_1(a43)&~c2_1(a43))|(ndr1_0&ndr1_1(a44)&c1_2(a44,a45)&~c4_2(a44,a45)&~c2_2(a44,a45)&c3_1(a44)&c4_1(a44)))&(~c2_0|(ndr1_0&~c3_1(a46)))&((ndr1_0&~c3_1(a47))|(ndr1_0&c4_1(a48)&ndr1_1(a48)&~c1_2(a48,a49)&~c5_2(a48,a49))|c1_0)))			
../../TPTP-v7.3.0/Problems/SYN/SYN450+1.p		Theorem	UNKNOWN		UNKNOWN		fof		(~((~hskp0|(ndr1_0&c2_1(a641)&c3_1(a641)&~c1_1(a641)))&(~hskp1|(ndr1_0&c0_1(a642)&c3_1(a642)&~c1_1(a642)))&(~hskp2|(ndr1_0&c1_1(a643)&c2_1(a643)&~c0_1(a643)))&(~hskp3|(ndr1_0&c1_1(a645)&c3_1(a645)&~c2_1(a645)))&(~hskp4|(ndr1_0&~c1_1(a646)&~c2_1(a646)&~c3_1(a646)))&(~hskp5|(ndr1_0&c1_1(a647)&~c0_1(a647)&~c3_1(a647)))&(~hskp6|(ndr1_0&c0_1(a648)&~c2_1(a648)&~c3_1(a648)))&(~hskp7|(ndr1_0&c3_1(a651)&~c0_1(a651)&~c1_1(a651)))&(~hskp8|(ndr1_0&c0_1(a652)&c3_1(a652)&~c2_1(a652)))&(~hskp9|(ndr1_0&~c0_1(a654)&~c1_1(a654)&~c2_1(a654)))&(~hskp10|(ndr1_0&c0_1(a656)&c2_1(a656)&~c1_1(a656)))&(~hskp11|(ndr1_0&c0_1(a657)&c2_1(a657)&~c3_1(a657)))&(~hskp12|(ndr1_0&c0_1(a660)&~c1_1(a660)&~c2_1(a660)))&(~hskp13|(ndr1_0&c0_1(a661)&~c1_1(a661)&~c3_1(a661)))&(~hskp14|(ndr1_0&c2_1(a665)&~c0_1(a665)&~c1_1(a665)))&(~hskp15|(ndr1_0&c3_1(a667)&~c0_1(a667)&~c2_1(a667)))&(~hskp16|(ndr1_0&c1_1(a672)&~c2_1(a672)&~c3_1(a672)))&(~hskp17|(ndr1_0&c2_1(a675)&~c1_1(a675)&~c3_1(a675)))&(~hskp18|(ndr1_0&c0_1(a676)&c1_1(a676)&~c2_1(a676)))&(~hskp19|(ndr1_0&c3_1(a682)&~c1_1(a682)&~c2_1(a682)))&(~hskp20|(ndr1_0&c1_1(a686)&c2_1(a686)&~c3_1(a686)))&(~hskp21|(ndr1_0&~c0_1(a691)&~c1_1(a691)&~c3_1(a691)))&(~hskp22|(ndr1_0&c2_1(a693)&c3_1(a693)&~c0_1(a693)))&(~hskp23|(ndr1_0&c2_1(a695)&~c0_1(a695)&~c3_1(a695)))&(~hskp24|(ndr1_0&c1_1(a698)&~c0_1(a698)&~c2_1(a698)))&(~hskp25|(ndr1_0&~c0_1(a710)&~c2_1(a710)&~c3_1(a710)))&(~hskp26|(ndr1_0&c0_1(a640)&c1_1(a640)&c3_1(a640)))&(~hskp27|(ndr1_0&c0_1(a655)&c2_1(a655)&c3_1(a655)))&(~hskp28|(ndr1_0&c0_1(a671)&c1_1(a671)&c2_1(a671)))&(~hskp29|(ndr1_0&c1_1(a688)&c2_1(a688)&c3_1(a688)))&(![U]:(ndr1_0=>(c0_1(U)|c1_1(U)|c2_1(U)))|hskp26|hskp0)&(![V]:(ndr1_0=>(c0_1(V)|c1_1(V)|c3_1(V)))|![W]:(ndr1_0=>(c0_1(W)|c1_1(W)|~c2_1(W)))|![X]:(ndr1_0=>(c2_1(X)|~c0_1(X)|~c1_1(X))))&(![Y]:(ndr1_0=>(c0_1(Y)|c1_1(Y)|c3_1(Y)))|![Z]:(ndr1_0=>(c0_1(Z)|~c2_1(Z)|~c3_1(Z)))|hskp1)&(![X1]:(ndr1_0=>(c0_1(X1)|c1_1(X1)|c3_1(X1)))|hskp2|hskp0)&(![X2]:(ndr1_0=>(c0_1(X2)|c1_1(X2)|c3_1(X2)))|hskp3|hskp4)&(![X3]:(ndr1_0=>(c0_1(X3)|c1_1(X3)|~c2_1(X3)))|![X4]:(ndr1_0=>(c1_1(X4)|c3_1(X4)|~c2_1(X4)))|hskp5)&(![X5]:(ndr1_0=>(c0_1(X5)|c1_1(X5)|~c2_1(X5)))|hskp6|hskp2)&(![X6]:(ndr1_0=>(c0_1(X6)|c1_1(X6)|~c3_1(X6)))|![X7]:(ndr1_0=>(c2_1(X7)|c3_1(X7)|~c1_1(X7)))|hskp2)&(![X8]:(ndr1_0=>(c0_1(X8)|c1_1(X8)|~c3_1(X8)))|![X9]:(ndr1_0=>(c2_1(X9)|~c0_1(X9)|~c3_1(X9)))|hskp7)&(![X10]:(ndr1_0=>(c0_1(X10)|c1_1(X10)|~c3_1(X10)))|![X11]:(ndr1_0=>(~c0_1(X11)|~c1_1(X11)|~c2_1(X11)))|hskp8)&(![X12]:(ndr1_0=>(c0_1(X12)|c1_1(X12)|~c3_1(X12)))|![X13]:(ndr1_0=>(~c1_1(X13)|~c2_1(X13)|~c3_1(X13)))|hskp3)&(![X14]:(ndr1_0=>(c0_1(X14)|c2_1(X14)|c3_1(X14)))|![X15]:(ndr1_0=>(c1_1(X15)|c2_1(X15)|c3_1(X15)))|![X16]:(ndr1_0=>(~c0_1(X16)|~c1_1(X16)|~c3_1(X16))))&(![X17]:(ndr1_0=>(c0_1(X17)|c2_1(X17)|c3_1(X17)))|![X18]:(ndr1_0=>(c1_1(X18)|c3_1(X18)|~c2_1(X18)))|hskp9)&(![X19]:(ndr1_0=>(c0_1(X19)|c2_1(X19)|~c3_1(X19)))|![X20]:(ndr1_0=>(c1_1(X20)|c2_1(X20)|~c3_1(X20)))|hskp27)&(![X21]:(ndr1_0=>(c0_1(X21)|c2_1(X21)|~c3_1(X21)))|![X22]:(ndr1_0=>(c2_1(X22)|~c0_1(X22)|~c1_1(X22)))|hskp10)&(![X23]:(ndr1_0=>(c0_1(X23)|c3_1(X23)|~c1_1(X23)))|![X24]:(ndr1_0=>(c0_1(X24)|~c1_1(X24)|~c2_1(X24)))|![X25]:(ndr1_0=>(c1_1(X25)|c2_1(X25)|~c0_1(X25))))&(![X26]:(ndr1_0=>(c0_1(X26)|c3_1(X26)|~c1_1(X26)))|![X27]:(ndr1_0=>(c0_1(X27)|~c1_1(X27)|~c3_1(X27)))|hskp11)&(![X28]:(ndr1_0=>(c0_1(X28)|c3_1(X28)|~c1_1(X28)))|![X29]:(ndr1_0=>(c1_1(X29)|~c2_1(X29)|~c3_1(X29)))|hskp27)&(![X30]:(ndr1_0=>(c0_1(X30)|c3_1(X30)|~c1_1(X30)))|![X31]:(ndr1_0=>(c2_1(X31)|~c1_1(X31)|~c3_1(X31)))|hskp6)&(![X32]:(ndr1_0=>(c0_1(X32)|c3_1(X32)|~c1_1(X32)))|hskp12|hskp13)&(![X33]:(ndr1_0=>(c0_1(X33)|c3_1(X33)|~c2_1(X33)))|hskp6|hskp3)&(![X34]:(ndr1_0=>(c0_1(X34)|~c1_1(X34)|~c2_1(X34)))|![X35]:(ndr1_0=>(c1_1(X35)|~c2_1(X35)|~c3_1(X35)))|![X36]:(ndr1_0=>(~c0_1(X36)|~c1_1(X36)|~c2_1(X36))))&(![X37]:(ndr1_0=>(c0_1(X37)|~c1_1(X37)|~c2_1(X37)))|![X38]:(ndr1_0=>(c1_1(X38)|~c2_1(X38)|~c3_1(X38)))|![X39]:(ndr1_0=>(~c1_1(X39)|~c2_1(X39)|~c3_1(X39))))&(![X40]:(ndr1_0=>(c0_1(X40)|~c1_1(X40)|~c3_1(X40)))|![X41]:(ndr1_0=>(c1_1(X41)|c3_1(X41)|~c0_1(X41)))|![X42]:(ndr1_0=>(c2_1(X42)|~c0_1(X42)|~c1_1(X42))))&(![X43]:(ndr1_0=>(c0_1(X43)|~c2_1(X43)|~c3_1(X43)))|![X44]:(ndr1_0=>(c1_1(X44)|c3_1(X44)|~c0_1(X44)))|hskp7)&(![X45]:(ndr1_0=>(c0_1(X45)|~c2_1(X45)|~c3_1(X45)))|hskp14|hskp4)&(![X46]:(ndr1_0=>(c0_1(X46)|~c2_1(X46)|~c3_1(X46)))|hskp15|hskp9)&(![X47]:(ndr1_0=>(c1_1(X47)|c2_1(X47)|c3_1(X47)))|![X48]:(ndr1_0=>(c1_1(X48)|c2_1(X48)|~c3_1(X48)))|hskp4)&(![X49]:(ndr1_0=>(c1_1(X49)|c2_1(X49)|~c0_1(X49)))|![X50]:(ndr1_0=>(c1_1(X50)|c3_1(X50)|~c0_1(X50)))|hskp12)&(![X51]:(ndr1_0=>(c1_1(X51)|c2_1(X51)|~c3_1(X51)))|hskp28|hskp16)&(![X52]:(ndr1_0=>(c1_1(X52)|c3_1(X52)|~c0_1(X52)))|![X53]:(ndr1_0=>(c1_1(X53)|~c0_1(X53)|~c2_1(X53)))|![X54]:(ndr1_0=>(c3_1(X54)|~c0_1(X54)|~c2_1(X54))))&(![X55]:(ndr1_0=>(c1_1(X55)|c3_1(X55)|~c0_1(X55)))|![X56]:(ndr1_0=>(~c0_1(X56)|~c1_1(X56)|~c2_1(X56)))|hskp7)&(![X57]:(ndr1_0=>(c1_1(X57)|c3_1(X57)|~c2_1(X57)))|![X58]:(ndr1_0=>(c1_1(X58)|~c2_1(X58)|~c3_1(X58)))|![X59]:(ndr1_0=>(c2_1(X59)|~c0_1(X59)|~c1_1(X59))))&(![X60]:(ndr1_0=>(c1_1(X60)|~c0_1(X60)|~c3_1(X60)))|hskp28|hskp17)&(![X61]:(ndr1_0=>(c1_1(X61)|~c0_1(X61)|~c3_1(X61)))|hskp18|hskp4)&(![X62]:(ndr1_0=>(c1_1(X62)|~c2_1(X62)|~c3_1(X62)))|![X63]:(ndr1_0=>(c3_1(X63)|~c0_1(X63)|~c1_1(X63)))|hskp9)&(![X64]:(ndr1_0=>(c1_1(X64)|~c2_1(X64)|~c3_1(X64)))|hskp17|hskp7)&(![X65]:(ndr1_0=>(c1_1(X65)|~c2_1(X65)|~c3_1(X65)))|hskp17|hskp19)&(![X66]:(ndr1_0=>(c2_1(X66)|c3_1(X66)|~c0_1(X66)))|![X67]:(ndr1_0=>(c3_1(X67)|~c0_1(X67)|~c2_1(X67))))&(![X68]:(ndr1_0=>(c2_1(X68)|c3_1(X68)|~c0_1(X68)))|![X69]:(ndr1_0=>(~c1_1(X69)|~c2_1(X69)|~c3_1(X69)))|hskp11)&(![X70]:(ndr1_0=>(c2_1(X70)|c3_1(X70)|~c0_1(X70)))|hskp8|hskp19)&(![X71]:(ndr1_0=>(c2_1(X71)|c3_1(X71)|~c0_1(X71)))|hskp20|hskp5)&(![X72]:(ndr1_0=>(c2_1(X72)|c3_1(X72)|~c1_1(X72)))|hskp29|hskp5)&(![X73]:(ndr1_0=>(c2_1(X73)|~c0_1(X73)|~c3_1(X73)))|hskp11|hskp21)&(![X74]:(ndr1_0=>(c2_1(X74)|~c0_1(X74)|~c3_1(X74)))|hskp20|hskp22)&(![X75]:(ndr1_0=>(c2_1(X75)|~c0_1(X75)|~c3_1(X75)))|hskp5|hskp23)&(![X76]:(ndr1_0=>(c2_1(X76)|~c1_1(X76)|~c3_1(X76)))|![X77]:(ndr1_0=>(~c1_1(X77)|~c2_1(X77)|~c3_1(X77)))|hskp8)&(![X78]:(ndr1_0=>(c2_1(X78)|~c1_1(X78)|~c3_1(X78)))|hskp2|hskp24)&(![X79]:(ndr1_0=>(c2_1(X79)|~c1_1(X79)|~c3_1(X79)))|hskp3|hskp15)&(![X80]:(ndr1_0=>(c3_1(X80)|~c0_1(X80)|~c2_1(X80)))|hskp1|hskp29)&(![X81]:(ndr1_0=>(c3_1(X81)|~c0_1(X81)|~c2_1(X81)))|hskp12|hskp20)&(![X82]:(ndr1_0=>(c3_1(X82)|~c0_1(X82)|~c2_1(X82)))|hskp15|hskp9)&(![X83]:(ndr1_0=>(c3_1(X83)|~c1_1(X83)|~c2_1(X83)))|hskp10|hskp29)&(![X84]:(ndr1_0=>(~c0_1(X84)|~c1_1(X84)|~c2_1(X84)))|hskp23|hskp25)&(hskp18|hskp1|hskp7)&(hskp18|hskp2|hskp20)&(hskp1|hskp14|hskp17)&(hskp2|hskp22|hskp19)&(hskp20|hskp24|hskp0)&(hskp24|hskp14|hskp17)))			
../../TPTP-v7.3.0/Problems/SYN/SYN834-1.p		Unsatisfiable	UNKNOWN		UNKNOWN		cnf					
../../TPTP-v7.3.0/Problems/SYN/SYN986+1.004.p		Theorem	UNKNOWN		UNKNOWN		fof		(?[Z4,Z3,Z2,Z1,Z0]:(r(zero,zero,Z4)&r(zero,Z4,Z3)&r(zero,Z3,Z2)&r(zero,Z2,Z1)&r(zero,Z1,Z0)))			
../../TPTP-v7.3.0/Problems/SYN/SYN207-1.p		Unsatisfiable	UNKNOWN		UNKNOWN		cnf					
../../TPTP-v7.3.0/Problems/SYN/SYN592-1.p		Unsatisfiable	UNKNOWN		UNKNOWN		cnf					
../../TPTP-v7.3.0/Problems/SYN/SYN069-1.p		Unsatisfiable	UNKNOWN		UNKNOWN		cnf	(~big_f(X)|big_g(f(X))|~big_g(Y)|~big_h(X,Y)|big_k(Y)),(~big_f(X)|big_h(X,f(X))|~big_g(Y)|~big_h(X,Y)|big_k(Y)),(~big_f(X)|~big_j(X,f(X))|~big_g(Y)|~big_h(X,Y)|big_k(Y)),(~big_l(X)|~big_k(X)),(big_f(a)),(~big_h(a,X)|big_l(X)),(~big_g(X)|~big_h(a,X)|big_j(a,X)),(~big_f(X)|big_g(f(X))|~big_g(Y)|~big_h(X,Y)|big_k(Y)),(~big_f(X)|big_h(X,f(X))|~big_g(Y)|~big_h(X,Y)|big_k(Y)),(~big_f(X)|~big_j(X,f(X))|~big_g(Y)|~big_h(X,Y)|big_k(Y)),(~big_l(X)|~big_k(X)),(big_f(a)),(~big_h(a,X)|big_l(X)),(~big_g(X)|~big_h(a,X)|big_j(a,X))				
../../TPTP-v7.3.0/Problems/SYN/SYN080+1.p		Theorem	UNKNOWN		UNKNOWN		fof	(![X,Y]:f(X)=g(Y)),(![X,Y]:f(X)=g(Y))	(![X,Y]:f(f(X))=f(g(Y)))			
../../TPTP-v7.3.0/Problems/SYN/SYN739-1.p		Satisfiable	UNKNOWN		UNKNOWN		cnf					
../../TPTP-v7.3.0/Problems/SYN/SYN455-1.p		Unsatisfiable	UNKNOWN		UNKNOWN		cnf					
../../TPTP-v7.3.0/Problems/SYN/SYN508-1.p		Unsatisfiable	UNKNOWN		UNKNOWN		cnf					
../../TPTP-v7.3.0/Problems/SYN/SYN053-1.p		Unsatisfiable	UNKNOWN		UNKNOWN		cnf					
../../TPTP-v7.3.0/Problems/SYN/SYN462-1.p		Unsatisfiable	UNKNOWN		UNKNOWN		cnf					
../../TPTP-v7.3.0/Problems/SYN/SYN934+1.p		Theorem	UNKNOWN		UNKNOWN		fof		(?[X]:(c=>p(X))<=>(c=>?[X]:p(X)))			
../../TPTP-v7.3.0/Problems/SYN/SYN727+1.p		Theorem	UNKNOWN		UNKNOWN		fof		((![X]:likes(X,bruce)&![Y]:(?[Z]:likes(Y,Z)=>likes(lyle,Y)))=>?[U]:![V]:likes(U,V))			
../../TPTP-v7.3.0/Problems/SYN/SYN057-1.p		Unsatisfiable	UNKNOWN		UNKNOWN		cnf	(big_f(a)),(~big_g(a)),(~big_f(X)|big_h(X)),(~big_j(X)|~big_i(X)|big_f(X)),(~big_h(X)|big_g(X)|~big_i(Y)|~big_h(Y)),(big_f(a)),(~big_g(a)),(~big_f(X)|big_h(X)),(~big_j(X)|~big_i(X)|big_f(X)),(~big_h(X)|big_g(X)|~big_i(Y)|~big_h(Y))				
../../TPTP-v7.3.0/Problems/SYN/SYN282-1.p		Unsatisfiable	UNKNOWN		UNKNOWN		cnf					
